10 20
21 45 52 45 43 45 40 41 49 44 
49 34 44 44 44 49 44 45 43 21
47 49 45 44 49 49 42 46 45 47
47 44 45 34 49 45 43 44 45 59
59 49 42 45 47 29 44 48 52 44
45 44 49 44 43 48 29 39 44 45
44 42 52 59 45 45 46 51 41 40
29 51 45 49 40 47 34 49 47 43
42 49 34 47 39 44 45 49 44 45
43 45 44 47 29 45 45 34 43 49
44 45 47 49 49 40 49 44 49 52
48 44 45 59 49 49 47 45 42 45
29 46 49 43 41 47 47 44 45 44
45 45 42 49 44 45 43 47 41 59
49 41 59 45 46 44 44 29 40 45
59 45 44 51 44 43 44 40 42 49
19 44 21 52 44 44 47 39 48 44
49 44 43 45 47 44 59 40 39 49
24 45 46 49 43 47 44 48 49 51
2 49 45 41 49 29 59 44 44 45
24 20 149 25 35 25 13 24 20 18 24 17 19 19 19 18 149 18 19 21