32 34
49 45.9 42.99 41.99 40.99 45 44 45.04 45 51 49.89 45 43.67 44 52 21 49.99 34.9 44 44.99 43.32 59 44.99 39.69 47 44.65 49.9 46 48.92 49 47 29 45.85 
39.69 44.99 49.99 44 49 47 43.67 45 44 49 46 45 49.89 52 42.99 21 45.04 59 45 29 44 34.9 41.99 48.92 43.32 51 45.9 45.85 44.65 49.9 40.99 49.99 47 
44 41.99 45 45.9 49.89 49 49.99 49.9 48.92 45 29 45 42.99 51 39.69 44 44.65 44 44.99 45.85 21 44.99 47 34.9 47 49.99 45.04 52 49 40.99 43.32 43.67 59 
44.99 48.92 51 45.85 40.99 59 44 21 45 49 44.65 46 42.99 45.04 43.32 39.69 45 49.9 43.67 45 44 47 29 44 41.99 49.89 44.99 49.99 47 34.9 49.99 49 52 
42.99 45.85 29 49 44 49.89 40.99 44 47 45 47 44.65 44.99 45.9 44.99 43.67 45.04 46 59 49.99 45 49.9 45 51 34.9 21 52 44 49.99 48.92 43.32 39.69 49 
49.9 45.9 49 41.99 49 47 39.69 29 45 52 21 44 46 44.99 44.65 40.99 49.89 45.85 45 47 45 43.32 44 49.99 34.9 44.99 44 43.67 45.04 51 42.99 48.92 49.99 
39.69 48.92 49 41.99 45 52 44.65 49.99 21 29 44.99 40.99 44.99 59 45 49 43.67 46 44 45.04 49.9 43.32 34.9 45.85 44 44 45.9 49.99 47 42.99 49.89 51 45 
49.89 49.99 45 41.99 44 42.99 45.85 39.69 51 49.9 45 43.67 29 48.92 47 49 46 44 40.99 44.99 34.9 45.04 44.65 59 49.99 21 43.32 44 45 45.9 52 49 44.99 
44 51 49.99 45.9 49.89 34.9 21 45 46 45 49.9 49.99 41.99 44.65 40.99 45 49 48.92 59 49 44 47 44 43.32 45.85 52 47 29 42.99 44.99 44.99 45.04 43.67 
44 44.65 41.99 45.85 44 44 49.99 49 43.67 21 46 47 45 49 44.99 44.99 39.69 49.89 45.9 49.99 29 45.04 51 52 49.9 43.32 48.92 45 42.99 59 45 47 34.9 
39.69 43.67 49 45.04 45 47 45 29 45 44.99 49.99 52 48.92 41.99 44.99 49 44 34.9 43.32 47 49.89 40.99 45.85 49.99 44 44 46 21 51 44.65 45.9 42.99 49.9 
45.9 45 39.69 47 48.92 51 43.67 45.04 49 45 44 49.89 52 45 44 44.65 49.9 49.99 29 41.99 45.85 44.99 21 40.99 49.99 46 44.99 59 44 34.9 47 42.99 49 
51 47 40.99 44.99 49.99 45 41.99 39.69 45 42.99 49.9 45.9 59 44.99 45.04 49 34.9 21 47 45.85 45 49.89 52 29 49 44 44 44 49.99 46 44.65 43.32 48.92 
49.99 39.69 49 44.99 49.9 40.99 45 47 48.92 51 44 42.99 45.9 21 43.32 29 44.65 45 45.04 49.99 43.67 49.89 49 45 44 34.9 44 59 41.99 52 44.99 45.85 47 
45 44 45 43.67 21 45.04 49 47 39.69 40.99 45.9 49.99 43.32 45.85 44.65 48.92 52 49.89 49 44.99 44 42.99 44.99 29 49.99 44 34.9 59 46 47 45 51 49.9 
44.99 49.9 46 45 40.99 45.85 49 44.65 44 44 45 43.32 59 45.9 45.04 42.99 47 49.99 43.67 49.99 29 52 51 34.9 44.99 21 49.89 44 49 47 39.69 48.92 45 
43.67 45.04 49 44.99 34.9 44.65 49.99 21 52 49.99 45.85 45 44 59 41.99 45 45.9 43.32 29 49 49.89 39.69 47 42.99 44 51 45 40.99 49.9 44.99 47 44 48.92 
59 34.9 43.32 49.9 44.99 44 39.69 47 44.65 45 45.85 44 46 45.9 47 51 48.92 41.99 45.04 44.99 42.99 52 45 29 49.89 21 49 49.99 45 43.67 40.99 49 49.99 
45.04 45 59 45.85 34.9 45.9 52 49 51 49 21 47 43.67 44.99 49.9 45 46 44.65 47 39.69 40.99 44.99 43.32 42.99 49.99 48.92 29 45 49.99 44 44 41.99 49.89 
44.65 43.67 41.99 43.32 39.69 49.9 45.85 44 49 21 29 59 45.9 49.99 44.99 44 52 45 45 34.9 49.89 48.92 47 46 42.99 45 45.04 49.99 40.99 44.99 44 49 47 
21 44.99 49 49.99 45 29 46 44 41.99 43.67 52 59 49.9 49.99 40.99 39.69 45 42.99 49.89 47 48.92 34.9 44 47 45.04 45 45.85 44.99 43.32 44 49 45.9 44.65 
51 49 45.04 45.9 29 42.99 45 44.99 45 59 34.9 46 44 49.9 52 44.99 39.69 48.92 49.99 44 43.32 49.99 47 21 49.89 43.67 40.99 45 44.65 47 44 45.85 49 
43.67 59 49 52 45 34.9 49.99 45.04 47 21 45 44.99 49.89 45 43.32 44.65 44 46 44 45.9 47 48.92 51 45.85 49.9 41.99 40.99 42.99 39.69 44.99 49 29 44 
47 46 44 52 45 21 40.99 49.9 34.9 49 29 47 39.69 44.99 45.85 44 41.99 48.92 45.04 44 44.65 45 45.9 49 49.99 59 45 51 42.99 49.99 43.67 43.32 44.99 
51 45.85 59 40.99 49.9 45 46 49.89 47 45.9 43.32 42.99 49.99 39.69 49.99 44 44 49 44.99 43.67 49 45 34.9 48.92 45.04 44 52 47 44.65 44.99 21 41.99 29 
43.67 49.99 49.99 47 42.99 46 49 44 39.69 49.89 44.99 59 47 49 44.65 44 21 45 34.9 44.99 41.99 45 45 49.9 40.99 52 44 29 43.32 51 45.85 48.92 45.9 
34.9 45 45 47 52 21 47 44 29 44.65 49.89 45 49 45.85 44 49.99 49 40.99 44.99 45.9 44.99 42.99 45.04 46 48.92 59 49.99 43.67 41.99 43.32 51 49.9 44 
44.65 47 34.9 45.9 29 45 49.99 44.99 44.99 49.89 41.99 49 44 46 49 44 39.69 52 44 45.85 48.92 43.67 21 47 45 45 49.99 49.9 45.04 43.32 42.99 59 40.99 
46 44 49.9 49.99 43.32 47 21 52 29 44.99 34.9 49.89 45 44 41.99 43.67 45 44.99 40.99 59 45 45.9 48.92 45.85 47 49.99 39.69 44.65 45.04 51 44 42.99 49 
34.9 48.92 44 45 44.65 49.99 45 21 49 45.9 45.04 43.32 45.85 47 47 49.99 49 39.69 52 44 46 29 44.99 59 43.67 42.99 44 41.99 49.9 40.99 45 51 44.99 
40.99 44 45 49.89 49 43.32 45.9 47 21 45 41.99 59 44.99 44 49 49.99 45.04 44.65 45 43.67 29 52 48.92 51 34.9 44 42.99 39.69 44.99 46 45.85 47 49.9 
47 43.67 51 34.9 21 45 49 44.65 49.99 44.99 59 45.9 44 43.32 39.69 45.85 48.92 29 44 45.04 45 40.99 49 49.99 44.99 47 49.89 44 46 42.99 49.9 41.99 45 
45.04 49.99 59 44.99 51 49.89 39.69 43.67 45 49 44 49 29 45.9 45 47 46 49.9 44.99 52 48.92 43.32 49.99 40.99 44 45.85 34.9 41.99 44 21 44.65 47 42.99 
49 44.99 49.99 45 43.32 43.67 59 44.99 49 45 52 44 42.99 45 44.65 46 51 41.99 45.9 39.69 44 49.9 21 29 49.89 45.04 47 44 49.99 45.85 48.92 34.9 40.99 
19 35 18 21 20.99 25 24 15 35 14.97 19 17.9 14.97 19 18 19 30 30 19 19 9.95 20 21 18 15 24.9 18 19 12 17.9 19 30 18 19 
