32 34
44.99 44.99 42.99 39.69 44 59 49.99 45.04 44.65 51 45.85 45 45.9 43.32 46 47 49 45 45 47 52 49.89 41.99 29 44 43.67 48.92 49.99 34.9 49 49.9 21 44 
48.92 49.9 44.99 52 44 49.99 39.69 45 29 44.65 43.67 45.04 47 49 42.99 46 45.9 44 51 44 34.9 45.85 45 49 44.99 59 40.99 21 49.89 41.99 45 49.99 43.32 
44 45.9 44.99 49 49.99 52 45.04 42.99 29 43.67 49.9 51 46 47 49.99 49.89 39.69 43.32 59 44.65 47 49 45 44 40.99 45 34.9 21 44 44.99 45 45.85 41.99 
44.65 43.67 45.04 42.99 45 52 49.9 49 41.99 48.92 44 39.69 47 45.85 47 49.99 45 46 59 45.9 45 44 44.99 49.99 49 34.9 51 21 44.99 29 40.99 43.32 44 
44.65 45 49 43.32 44 49.99 39.69 46 40.99 49 43.67 45.9 45.85 44.99 59 45.04 34.9 42.99 51 44 41.99 29 45 49.89 44.99 45 47 48.92 52 44 49.9 21 47 
47 45.9 43.32 49 45.85 44 46 48.92 49.9 39.69 47 51 43.67 45 45 45 49.99 49 42.99 52 44.99 40.99 59 34.9 29 44 44.65 41.99 21 49.89 44.99 44 45.04 
49 21 45 49.99 43.67 46 43.32 44.65 51 59 34.9 45.9 45 47 44 45.04 48.92 42.99 45 49.9 39.69 45.85 44.99 40.99 47 49 44.99 41.99 44 49.89 52 44 49.99 
29 44 47 49 52 44.99 59 49.89 49 49.99 44 47 45.9 45 49.99 49.9 21 45.04 39.69 42.99 44.99 41.99 44 46 34.9 45.85 40.99 43.67 43.32 48.92 45 45 44.65 
29 41.99 45.9 40.99 52 45 49.89 49.9 51 59 44 44 44.65 44 49.99 47 49.99 34.9 45.04 45.85 44.99 43.32 21 39.69 45 46 49 48.92 47 42.99 44.99 43.67 49 
45.9 40.99 49 44.99 43.67 52 34.9 49.99 44.65 47 21 47 49.99 49 48.92 45.85 45 59 45 44 44 45 46 49.9 41.99 45.04 39.69 42.99 44.99 29 51 49.89 43.32 
59 52 44.99 45 49.99 45 41.99 43.32 44.65 45 49.99 46 47 51 44 44 49.89 21 42.99 49 45.85 48.92 43.67 39.69 44 45.04 29 49.9 47 44.99 40.99 45.9 34.9 
49 41.99 44.99 49.9 45 45 47 45.04 44 49 44.65 39.69 44.99 49.99 48.92 42.99 44 43.67 44 51 34.9 29 47 45 46 40.99 49.99 45.85 49.89 52 59 45.9 21 
44.65 51 40.99 44 44.99 43.32 49.9 48.92 47 45 49.99 45.04 59 49 39.69 47 44 49 41.99 46 43.67 45 45 29 49.89 44.99 21 34.9 45.9 52 49.99 44 45.85 
45.9 44.65 49 49.99 48.92 46 49.99 51 47 45.04 45 52 49.89 43.32 21 44 42.99 45 44 39.69 47 49 41.99 44.99 59 44 43.67 34.9 45.85 49.9 29 40.99 45 
45.9 49 42.99 49 47 45 46 43.67 44.99 51 49.89 29 34.9 44 45 44 49.99 52 48.92 47 44.99 59 45.85 44.65 45.04 39.69 21 45 44 43.32 49.9 40.99 49.99 
45 44 43.67 44.99 45 44 49.9 43.32 47 29 49.99 40.99 44.65 21 45.85 51 45.04 39.69 45.9 46 49.99 59 42.99 41.99 52 47 44 49 44.99 49.89 45 49 48.92 
47 59 42.99 29 45 45.9 49 39.69 51 47 44 44.99 49.89 43.67 44 49.9 45 45.04 40.99 48.92 45 43.32 44 45.85 46 52 44.99 21 34.9 49.99 49.99 44.65 41.99 
49.99 51 43.32 43.67 45 45.85 47 52 45.04 34.9 49.9 44.65 44 46 47 21 29 45.9 48.92 42.99 40.99 45 41.99 49 44 49.99 59 49 45 44.99 44 44.99 39.69 
21 44.65 45.85 46 39.69 44 49.9 49.99 47 45 43.32 44 44 44.99 48.92 45 45.04 47 49.89 34.9 29 41.99 43.67 49.99 59 40.99 49 45.9 52 42.99 44.99 45 51 
21 45 43.67 45 44 43.32 47 48.92 44 49.99 49.99 51 49.89 45.9 59 45 45.04 34.9 44.65 49.9 42.99 29 49 44 41.99 52 39.69 44.99 46 45.85 44.99 47 49 
34.9 46 47 48.92 44 59 49 43.67 47 42.99 45 44 44.99 21 40.99 43.32 49.99 44.65 39.69 29 45.04 44 45 51 49.89 49.9 41.99 49.99 52 45 44.99 45.9 45.85 
49.89 29 44.65 45 51 45 41.99 46 49.99 44.99 45 40.99 45.04 47 48.92 44 47 43.67 21 42.99 44 39.69 59 45.9 43.32 44.99 49.99 52 45.85 49 49 34.9 44 
45.85 51 41.99 34.9 45 48.92 49.89 46 49.99 45.9 47 39.69 42.99 52 45 21 44 40.99 44 44.99 43.67 44.65 49.99 43.32 29 44 59 44.99 49.9 49 45 49 47 
44.99 49 49.9 49.89 34.9 40.99 52 48.92 44 29 49.99 45.04 49 43.32 44.65 45 41.99 47 42.99 46 45 45 44 49.99 45.9 43.67 21 39.69 44.99 51 45.85 47 44 
45 59 21 49 41.99 44 43.32 48.92 49.89 29 49.9 44 45.04 49 51 45.85 42.99 44 45 46 49.99 44.99 39.69 49.99 47 40.99 43.67 44.65 47 52 45.9 45 34.9 
52 43.67 44 21 43.32 44.99 45 45 45.04 42.99 47 29 49 45 59 40.99 34.9 44 48.92 49.89 49.9 46 49.99 41.99 44 49.99 44.65 51 39.69 49 45.9 45.85 44.99 
45 49.99 44 44.99 45.85 41.99 34.9 49.89 44.65 49.9 52 44 59 40.99 29 45.04 21 42.99 51 49.99 44 45 45.9 45 46 44.99 48.92 39.69 47 43.67 43.32 49 49 
47 45 49 51 52 44 41.99 49 59 42.99 45.04 45.85 39.69 45 44.65 43.67 21 44.99 48.92 40.99 49.99 29 46 45.9 44.99 43.32 49.9 45 49.99 47 49.89 34.9 44 
59 45 29 41.99 49.9 49.89 45.04 45.85 39.69 44 51 52 44.99 45 43.32 49.99 40.99 45 49.99 49 42.99 48.92 34.9 44.99 21 49 44.65 43.67 47 46 45.9 44 47 
45 44 48.92 44.99 44.65 47 40.99 59 44 43.67 45.85 42.99 34.9 46 41.99 21 45.04 52 45.9 49 49 49.89 49.99 44.99 47 45 44 39.69 49.99 51 29 49.9 43.32 
44 44.65 29 40.99 49.99 49.89 44 59 47 43.67 49 21 45.9 49.9 49.99 44.99 51 45 39.69 45.85 43.32 45.04 41.99 46 34.9 42.99 45 44 52 45 49 44.99 47 
45.9 45.85 43.32 49 48.92 41.99 47 47 49.89 44.99 52 40.99 51 49.9 45 45 34.9 45.04 45 42.99 21 44 49.99 39.69 44 44 49.99 44.99 44.65 49 59 29 46 
49.9 39.69 49.99 41.99 29 51 59 44 47 49.99 34.9 21 45 46 44.99 45.9 52 44.65 49 44.99 43.32 43.67 40.99 45 44 45.85 47 42.99 49.89 48.92 45.04 49 45 
45.04 43.32 49.99 44.65 52 42.99 46 44 49.89 45.85 59 43.67 21 48.92 47 47 44 49 49.9 34.9 40.99 49 51 45 44.99 29 45 45.9 44.99 44 45 49.99 41.99 
18 14.97 19 29 20.99 19 30 17.9 24.9 20.99 26 19 21 14.97 25 15 19.9 29 12 15 25 12 25 19 15 14.97 15 19.99 29 149.99 30 19 20 17.9 
