32 34
47 29 39.69 47 51 21 43.32 49.9 45.9 44 49 49.99 42.99 34.9 46 52 45.85 44 48.92 43.67 44.99 44 44.99 45.04 40.99 45 45 49.89 45 44.65 59 49.99 41.99 
44.99 49.99 39.69 49.99 43.32 45.85 42.99 46 45.04 49.89 45 29 49 45 44.65 44.99 44 41.99 44 49.9 34.9 47 45.9 48.92 59 44 49 21 40.99 43.67 52 45 47 
21 49.99 45 51 47 49.9 29 43.32 49 44 41.99 49.99 40.99 45 49 42.99 49.89 45.04 48.92 47 39.69 45 52 43.67 44.99 59 44 45.9 34.9 44.65 45.85 44 46 
45.04 42.99 45.85 43.32 51 46 45 39.69 41.99 44 52 49 45.9 44 44.99 59 49.9 44.65 49.99 40.99 34.9 49 47 21 45 49.89 47 45 44.99 43.67 29 48.92 44 
45.9 29 44.99 34.9 45 47 45.04 40.99 49 44 47 45 41.99 21 51 42.99 49.99 49 44.65 44.99 44 43.32 43.67 49.9 44 52 45.85 46 39.69 59 48.92 49.89 49.99 
45.04 45.85 49 44.65 49 45 49.99 49.99 21 43.32 45 39.69 44 44.99 34.9 44 42.99 51 46 59 52 41.99 40.99 43.67 47 47 29 44.99 49.89 49.9 44 48.92 45.9 
44.99 52 45.9 49 43.67 59 42.99 34.9 45.85 41.99 44 49.99 39.69 40.99 49 45 51 44 44.99 43.32 45 46 45.04 44.65 29 21 44 49.99 49.89 47 47 48.92 45 
39.69 45.04 44 49.99 44 45 46 49 45 45.9 43.32 44.65 47 40.99 49 49.89 44.99 45.85 21 42.99 52 43.67 51 48.92 44 45 59 41.99 49.99 49.9 29 34.9 47 
49 44 45.85 45 43.32 49.99 45.9 46 47 29 49.9 45.04 49.89 42.99 21 34.9 59 44 39.69 44.65 52 47 45 49 49.99 41.99 44.99 40.99 51 44.99 44 45 43.67 
43.32 39.69 44.65 44.99 45.9 44 45 34.9 45 44 49 49.99 29 51 45.85 49.9 49.89 47 47 45 49 44.99 52 21 48.92 41.99 59 46 42.99 49.99 40.99 45.04 43.67 
45.9 49.89 43.67 51 45 44 43.32 52 44.99 47 44.99 49.9 45.04 45 45 40.99 41.99 49.99 45.85 59 34.9 44 29 42.99 44.65 39.69 49 49 48.92 49.99 47 21 46 
29 45 21 49.89 34.9 45.04 43.32 49 44.99 44.65 49.99 45 59 41.99 46 44 47 42.99 44 45 43.67 45.85 49.99 39.69 44 51 48.92 49 49.9 45.9 47 44.99 40.99 
52 44 45 44 47 45.9 47 43.32 34.9 21 45 44.99 49 41.99 49.89 46 48.92 43.67 40.99 59 49.9 45.04 49.99 44.65 44 44.99 49.99 51 45.85 29 39.69 45 42.99 
40.99 45 45 47 51 49.9 21 49.99 44 49.99 46 44.65 42.99 29 43.32 44 34.9 41.99 45.04 43.67 49.89 45.9 44.99 45.85 47 44.99 39.69 49 52 48.92 45 49 59 
43.32 44.65 39.69 21 49.9 59 44.99 45 45 44 29 49 51 46 48.92 34.9 44 49.89 49.99 40.99 42.99 44.99 45 49.99 41.99 45.85 45.9 45.04 47 44 43.67 52 49 
44 47 44 51 39.69 40.99 45 21 44.99 43.32 43.67 29 45.9 45 45 46 47 49 44 49.99 34.9 45.04 42.99 44.99 52 59 49 49.99 49.9 48.92 41.99 45.85 44.65 
48.92 44.99 42.99 45 49.89 49.99 44.65 44 49 43.32 29 39.69 44 21 49.99 45.04 59 43.67 47 41.99 52 46 45.9 49.9 45 49 40.99 34.9 47 44.99 44 45.85 51 
45 49.89 45.9 47 21 46 49.99 49 45 59 52 49 44 45 43.67 48.92 40.99 45.04 51 41.99 44 45.85 49.99 49.9 39.69 44.99 47 42.99 44.99 44.65 44 29 34.9 
47 42.99 44.99 21 45.85 49 34.9 44.99 46 52 45 41.99 49.9 45.04 51 43.32 44 39.69 49.89 49.99 45 43.67 40.99 44 29 49.99 48.92 59 44.65 45.9 49 45 44 
52 47 29 44.99 51 41.99 40.99 46 45 44.65 45 34.9 49.99 43.67 45.9 49 43.32 44 45 45.85 44 45.04 42.99 39.69 48.92 44.99 21 49 44 47 49.9 49.99 59 
51 45.85 46 45.04 44 43.32 39.69 43.67 49.99 49 21 48.92 29 47 40.99 49.99 45 44.99 45 49.9 52 44.99 45 34.9 47 49.89 44 45.9 49 44.65 41.99 42.99 44 
49 44 52 44 45 49.89 49 34.9 45 44.99 43.32 49.99 21 45 44 45.04 29 47 59 49.99 48.92 49.9 44.99 40.99 42.99 43.67 51 47 45.9 45.85 46 44.65 41.99 
45 44.99 34.9 47 45.04 44.65 43.32 45.9 49.89 39.69 40.99 49.99 48.92 42.99 45 47 46 45 21 43.67 49 49.9 59 51 44 45.85 49.99 41.99 52 44.99 49 29 44 
49 52 45 49.99 29 44.99 34.9 39.69 44.65 47 45 51 45.9 49.99 45.04 41.99 44 44.99 46 40.99 48.92 45.85 43.67 43.32 45 21 49 49.89 44 49.9 42.99 47 59 
45.85 52 29 34.9 49 44 51 43.67 49 44.99 45.9 44 49.89 39.69 44.99 41.99 45 47 43.32 21 49.9 49.99 59 47 46 45 44 45.04 45 49.99 48.92 42.99 44.65 
49 51 52 59 49.99 45.9 34.9 48.92 21 44 45 47 45 42.99 45.85 40.99 49.89 45.04 47 43.32 46 44.65 45 41.99 44.99 44 29 49.9 49 43.67 44 44.99 39.69 
21 34.9 29 44 42.99 44 49.99 49 43.67 46 49.89 44.99 47 44 45.04 59 40.99 39.69 49.9 49.99 48.92 43.32 44.99 51 45 45.85 49 44.65 45 45 41.99 45.9 47 
49.9 52 59 21 47 45.9 44.99 46 41.99 34.9 45 45.04 44.99 43.32 39.69 45 44 44 48.92 49 43.67 49.99 42.99 49.99 29 40.99 49 45.85 44 47 49.89 45 51 
45.9 40.99 44 47 49.99 49 49 46 43.32 49.9 45.04 34.9 29 45 43.67 48.92 47 42.99 51 44 44.99 49.99 59 44 52 45 45 44.65 45.85 49.89 39.69 44.99 21 
49 44.99 45.85 51 45.04 49.89 29 59 49.99 44 41.99 43.67 45 45 44.65 49.9 44 48.92 47 40.99 46 49.99 44.99 39.69 21 52 47 43.32 44 42.99 45 45.9 34.9 
40.99 45 44 41.99 49.9 47 45.9 39.69 45.04 52 44.99 49 44.99 48.92 43.67 21 29 51 49.99 49.89 44 45.85 49.99 44 45 34.9 46 59 43.32 45 47 42.99 49 
48.92 46 41.99 44 45.9 44 29 47 43.32 45 49 59 47 49.99 52 45.04 44 21 43.67 51 49.99 44.65 34.9 44.99 49 49.89 45 45.85 44.99 39.69 42.99 49.9 40.99 
34.9 44 45.85 40.99 49.99 44.99 46 43.67 45 29 49 21 59 47 41.99 49.89 44.99 45.04 45 49.9 44 52 44.65 44 48.92 43.32 49 49.99 45 39.69 45.9 42.99 51 
52 45 45.9 45 43.67 45 41.99 44.99 44 44 21 45.04 44 49 45.85 29 47 34.9 49.9 59 44.65 48.92 40.99 51 47 49.99 39.69 42.99 44.99 49 49.99 46 49.89 
24.9 30 9.99 20.99 19 20.99 13 14.97 149.99 24 19 19 13 149.99 35 25 14.97 19.9 15 20 18 17.9 17.9 9.95 12 18 30 30 24.9 14.97 20 17 13 29 
