32 34
47 44.99 41.99 44 44.99 44.65 49.99 49 45 52 59 34.9 45 47 43.32 44 45.85 40.99 29 51 43.67 44 49.9 48.92 45.9 39.69 21 49 46 45.04 42.99 49.99 45 
59 44 40.99 45 41.99 49 42.99 44.99 45 49.99 43.32 47 49 45 47 46 21 49.99 44.65 49.9 45.9 52 44 45.85 44 49.89 48.92 39.69 29 44.99 43.67 45.04 51 
34.9 43.32 21 45 29 49 49.9 51 49.99 48.92 44.99 45.85 49 40.99 46 44 45.9 44.65 47 47 39.69 45 43.67 52 49.89 44 45.04 42.99 59 44 49.99 45 44.99 
29 49.99 43.67 21 39.69 45.9 45.04 45 41.99 47 45.85 45 44.99 46 42.99 59 49 44 44.65 34.9 48.92 44 43.32 49 49.99 51 44.99 49.9 52 44 49.89 45 40.99 
49 45.85 49.9 45 45 29 48.92 44.99 47 44 47 44 49 43.32 34.9 49.89 49.99 51 44.99 39.69 43.67 40.99 41.99 46 44.65 52 49.99 45.04 21 42.99 44 45.9 59 
41.99 59 45 49 29 45.85 34.9 45.04 44.65 39.69 45 52 44.99 49 45 44 43.67 51 44 49.9 47 49.99 44.99 42.99 40.99 45.9 49.89 43.32 47 44 21 49.99 48.92 
49.9 47 45 40.99 49 59 48.92 44.99 21 43.67 39.69 45.04 44 41.99 29 44.65 49 49.99 47 45.85 49.89 45 44.99 45 44 45.9 44 52 51 43.32 34.9 49.99 42.99 
44.99 45.85 44.65 34.9 47 49.99 59 52 49.99 45.04 45 42.99 44 41.99 49.9 47 29 45.9 49 48.92 44 46 40.99 44 39.69 49.89 51 43.67 21 45 44.99 43.32 45 
48.92 49.99 34.9 44.65 49 42.99 43.32 49.99 21 44 45.04 46 43.67 40.99 47 44 45 49.89 45 49.9 44 49 44.99 59 51 52 47 39.69 29 44.99 45.85 41.99 45 
59 49 42.99 44.99 29 47 49.99 41.99 39.69 45 46 43.67 44.99 49.89 51 44.65 45 49.9 44 49 45 21 34.9 45.85 52 40.99 49.99 48.92 44 47 44 43.32 45.9 
49 44 21 49.99 45 34.9 40.99 51 47 59 43.32 42.99 49.99 45.85 49.89 46 49.9 29 45.9 44 44.99 45.04 44.65 43.67 41.99 45 39.69 47 44.99 48.92 45 52 44 
34.9 39.69 45.85 43.67 49.99 51 45 44.65 49.89 42.99 44.99 43.32 21 47 52 40.99 59 29 45.04 45 49 44 45 48.92 45.9 49.99 49.9 47 44 46 49 44.99 41.99 
45.04 48.92 29 45 44.65 46 43.32 44 41.99 49.99 42.99 47 44.99 47 44 40.99 45 49.99 52 51 44.99 45 34.9 45.9 49.9 49.89 43.67 59 49 44 49 21 45.85 
49.99 34.9 49.89 51 29 45 39.69 49.9 52 44.99 41.99 40.99 44.65 21 42.99 59 47 46 45 49 47 44 49 44.99 45.04 48.92 44 49.99 45.85 45.9 43.32 43.67 44 
45 42.99 44.65 43.32 51 49.9 44.99 34.9 47 41.99 49.99 49 45 43.67 44 44.99 45 48.92 52 49.89 49.99 45.85 29 40.99 46 44 44 45.04 21 39.69 45.9 49 47 
47 29 49 40.99 45 47 42.99 48.92 44 45 44.99 34.9 39.69 49.9 49.99 41.99 44.99 45.04 45.9 52 45.85 43.32 51 21 45 49.89 44 44 43.67 44.65 49.99 49 46 
49.99 49.89 45 52 48.92 21 45.85 51 44 46 49.9 59 44.65 44 41.99 45 40.99 49 47 34.9 45 49 44.99 43.67 47 45.9 45.04 29 42.99 39.69 44.99 44 43.32 
47 45 44 44.99 44 45.04 42.99 44.99 49.89 40.99 51 44.65 48.92 39.69 45.9 49.99 45 47 34.9 21 49.9 59 46 45 43.67 49 41.99 52 29 45.85 43.32 49.99 49 
49.89 48.92 45 46 44 49.99 29 47 51 45.9 43.67 39.69 44.99 45.04 21 44 45 40.99 49.9 44.65 49 44 43.32 52 45 42.99 41.99 44.99 49 34.9 47 45.85 49.99 
40.99 43.32 44.99 49.99 49.99 46 49.9 45.9 47 47 45.04 59 45 44.65 48.92 43.67 41.99 49 52 45 44.99 39.69 44 34.9 29 44 49 49.89 44 21 45.85 42.99 51 
44.65 43.32 59 45.85 42.99 44.99 44.99 49.89 49 45.04 39.69 45 45 40.99 44 44 46 21 44 45 51 29 43.67 47 52 49.99 48.92 41.99 49.99 45.9 47 34.9 49.9 
51 45 46 47 44.65 45.04 49.99 45 49 49.89 49.9 21 47 43.32 45 43.67 29 49.99 48.92 44.99 44 39.69 42.99 34.9 59 52 40.99 45.9 44 44 49 44.99 41.99 
44.99 45.9 47 59 44 48.92 40.99 44.65 44 21 49.9 29 49.89 52 49.99 44 46 49 43.67 45 49 43.32 45 34.9 44.99 45.85 39.69 45 51 41.99 47 49.99 45.04 
42.99 41.99 44.99 49.9 44.65 40.99 45 45 49 49.99 45.04 52 59 48.92 49 44 21 43.67 51 49.89 44 43.32 45.9 49.99 46 44 39.69 44.99 34.9 45 45.85 47 29 
34.9 49.89 49.99 52 40.99 44.99 45.85 44.65 49 44 48.92 43.32 51 49.99 46 39.69 45 49 41.99 49.9 21 59 45.9 47 42.99 45 47 44 43.67 45 45.04 44.99 44 
45.04 49.89 34.9 45 43.32 51 44 21 44 45 45 44.99 47 46 41.99 49.99 44.99 43.67 45.9 59 45.85 42.99 49 49 39.69 47 48.92 29 49.9 44.65 44 49.99 40.99 
49.99 45.85 42.99 43.32 47 49 45 52 44.99 49.89 44.65 49.9 41.99 45 49.99 29 44.99 43.67 39.69 45 47 40.99 44 34.9 45.9 49 51 46 59 44 48.92 44 21 
49.9 41.99 47 45 43.32 39.69 49 48.92 45.04 40.99 49.99 44 44.65 29 45.85 45.9 34.9 43.67 59 52 21 51 45 44 49.89 44 46 47 42.99 44.99 45 49 44.99 
46 45 44 48.92 47 41.99 45.85 45.04 44.99 21 44 49.99 39.69 49 49.9 44.99 45 43.67 45.9 29 51 44.65 40.99 49.89 52 34.9 43.32 59 45 49 42.99 49.99 44 
48.92 45.9 49.99 47 46 42.99 29 45 41.99 45 43.32 49.99 44 47 44 45.85 45 39.69 49 44.99 21 45.04 34.9 44 49.9 49.89 43.67 40.99 52 51 59 49 44.99 
44 45 40.99 45 43.67 47 52 44.99 45.9 49.99 42.99 45.04 44.99 34.9 59 44 49.9 49.89 44 41.99 39.69 43.32 49 49 29 49.99 45.85 21 48.92 46 51 47 44.65 
40.99 45 43.67 47 47 46 44 45.85 52 48.92 29 42.99 49.99 49 49.9 21 45.9 44.99 44.65 43.32 45.04 59 49 51 44.99 34.9 44 45 45 49.99 41.99 49.89 44 
49.99 40.99 47 45.04 42.99 49.99 29 46 49 48.92 44 34.9 51 44.99 59 21 49.89 49.9 45.85 43.67 45 39.69 44 52 45 45 44 43.32 47 45.9 41.99 49 44.65 
44.99 49.89 39.69 49.99 52 34.9 45.9 45.04 44.99 41.99 43.67 42.99 43.32 21 44.65 47 40.99 45.85 45 49 59 46 29 45 48.92 44 49.9 51 47 49 49.99 45 44 
19 19 12 30 21 19 19 149.99 13 17.9 19 17.9 20 30 18 149.99 15 19.9 149.99 14.97 29 29 9.99 25 25 14.97 17 13 20.99 35 19 14.97 15 21 
