32 34
21 45.9 52 45 43.32 45.04 40.99 41.99 49.89 44.65 59 49 29 45 47 45.85 49.99 49.99 44.99 49 39.69 34.9 42.99 49.9 44.99 44 43.67 44 47 45 46 48.92 51 
49.99 34.9 44 44 44.99 49.99 44 45 43.67 21 45 45.04 51 44.99 49 43.32 47 46 49.9 52 44.65 40.99 47 59 42.99 45.85 41.99 45.9 39.69 49 49.89 48.92 45 
47 49 45.04 44.99 49.99 49.89 42.99 46 45 47 45 49.9 44.65 49.99 34.9 43.67 29 52 59 45.85 44 45 39.69 51 45.9 21 40.99 44 41.99 49 44 48.92 44.99 
47 44 45.04 34.9 49.99 45 43.32 44.99 45 59 43.67 49.99 49.9 47 44.99 45.9 21 49 44 46 40.99 44.65 42.99 49.89 48.92 29 41.99 51 49 44 45 52 39.69 
59 49 42.99 45 47 29 44.65 48.92 52 44.99 44 45.04 49.99 44 45.9 40.99 43.67 49.89 43.32 41.99 44 46 44.99 45 45.85 21 49.99 34.9 49 49.9 45 51 39.69 
45 44 49 44.99 43.67 48.92 29 39.69 44 45.85 44.99 44 21 52 44.65 49 34.9 46 49.9 51 43.32 42.99 40.99 49.89 49.99 45 45.04 45 47 47 59 41.99 49.99 
44.99 42.99 52 59 45 45.85 46 51 41.99 40.99 49 44.65 45.9 45 49.99 29 44 49.89 45.04 47 43.32 49 44.99 45 48.92 39.69 21 44 47 49.9 34.9 49.99 43.67 
29 51 45.85 49.99 40.99 47 34.9 49.99 47 43.32 44.65 21 41.99 44 46 48.92 42.99 44 49.9 45 49.89 44.99 49 44.99 45 49 45.04 52 39.69 44 45 45.9 43.67 
42.99 49.99 34.9 47 39.69 44.65 45 49 44 45.04 29 45.85 44 43.67 40.99 45 48.92 44 47 52 41.99 46 45 59 44.99 51 49.89 21 49.9 45.9 44.99 43.32 49 
43.67 45 44.65 47 29 45.85 45 34.9 43.32 49.9 46 48.92 44 44.99 44.99 42.99 45.9 59 49.99 21 49.89 49 41.99 49 45.04 39.69 40.99 47 52 45 51 49.99 44 
44 45 47 49.89 49 40.99 49.99 44.99 49.9 52 44 42.99 49 21 59 45.85 51 45.04 34.9 48.92 41.99 43.67 49.99 44.99 44.65 45.9 29 46 45 44 45 47 43.32 
48.92 44 45.85 59 49.99 49 47 45 42.99 45.9 51 43.32 44.99 44 40.99 49.9 45.04 44.65 34.9 49 45 29 49.89 21 44.99 52 47 41.99 39.69 44 46 45 43.67 
29 46 49.9 43.32 41.99 47 47 44.99 45.85 44 43.67 45 49 45.04 39.69 21 44 34.9 49.89 49.99 42.99 49.99 44.99 44 51 45.9 48.92 45 52 49 59 44.65 45 
45 45.04 42.99 49.99 44.99 45 43.67 47 41.99 59 44 45 34.9 44.99 45.85 49.89 51 21 44 39.69 52 49 46 43.32 48.92 49.9 49 49.99 44.65 47 44 29 45.9 
49.89 41.99 59 45 46 44.99 44 29 40.99 45.85 45 49 49.99 49.99 43.32 44 47 51 34.9 49.9 48.92 49 45 45.9 44 44.65 39.69 47 52 21 45.04 42.99 44.99 
59 45.85 44 51 44.99 43.67 44.65 40.99 42.99 49 48.92 44 45 41.99 49.99 46 49.99 43.32 44.99 21 49.89 52 47 45 49.9 45.9 45.04 34.9 44 49 47 39.69 45 
49.99 44.99 21 52 44.65 44 47 39.69 48.92 44.99 47 45 49.89 49 49 42.99 49.9 43.67 45.04 51 46 45.9 59 34.9 44 43.32 44 41.99 40.99 45 45 29 45.85 
49.89 44.99 43.32 45 47 44 59 40.99 39.69 49 45 52 45 42.99 44 49.9 44.65 43.67 44 49 49.99 45.9 45.85 44.99 41.99 34.9 47 51 21 46 29 49.99 45.04 
44.65 45 46 49.99 43.67 47 44.99 48.92 49 51 44.99 41.99 29 49.89 21 39.69 45 47 45.9 45.85 43.32 44 40.99 45 44 45.04 34.9 59 52 49 44 49.9 49.99 
47 49.99 45.04 41.99 49.89 29 59 44 44 45 52 46 48.92 39.69 49.99 47 43.32 49 34.9 44 40.99 44.65 43.67 21 45 44.99 49 45.85 44.99 49.9 45.9 51 42.99 
49.99 44 49.9 59 49 45.85 44 44.99 43.32 45 52 47 49 21 48.92 47 44 44.99 39.69 44.65 49.99 51 29 49.89 43.67 40.99 45.04 46 45 45.9 42.99 41.99 45 
43.67 45.9 43.32 45.85 41.99 21 49.89 49.99 48.92 46 44 44.65 45 39.69 49.99 45.04 34.9 29 44.99 51 40.99 59 52 49 45 49.9 47 44 44.99 42.99 44 49 45 
44 44 43.67 45.9 44 49.99 49.99 45.85 41.99 44.99 49 47 45 44.99 39.69 49.89 40.99 42.99 52 34.9 29 49.9 44.65 45 51 47 45.04 46 43.32 48.92 45 21 59 
45.9 44.99 47 47 51 44.65 44 45 43.32 45.85 45 42.99 34.9 46 49 45.04 40.99 49.89 44 44.99 49.99 21 48.92 43.67 52 59 49.9 29 49.99 41.99 39.69 49 45 
49 48.92 44.65 51 42.99 46 52 45.04 44.99 41.99 40.99 49.99 45 49 45 45.9 59 44 34.9 44 44 49.99 49.89 39.69 43.67 45.85 47 21 45 44.99 29 43.32 47 
43.32 42.99 29 45 49 45 49.9 34.9 47 41.99 45.9 21 43.67 44 49 51 44 52 59 45.85 39.69 49.89 45.04 44 44.99 49.99 47 46 48.92 44.65 45 44.99 49.99 
49 40.99 52 45.9 47 44 43.32 29 48.92 46 44.99 49.89 45 34.9 21 45 49.99 43.67 44.99 44 49.9 47 51 45 42.99 44 49.99 39.69 59 44.65 41.99 45.04 49 
40.99 42.99 45 49 51 44 45 44.65 43.32 34.9 47 41.99 44 45.04 49.99 44.99 45.9 39.69 49.9 49 45.85 59 44 47 45 49.99 21 46 44.99 48.92 43.67 49.89 29 
45 59 41.99 49.9 29 21 34.9 44 44 49.89 49.99 45.85 43.32 51 43.67 49 45 39.69 44.99 47 44.65 48.92 45.04 52 44 44.99 46 49 47 45.9 42.99 45 40.99 
51 44.99 45 29 42.99 45.9 21 40.99 44 34.9 44 48.92 49 43.32 45.04 46 47 44 49.99 45 41.99 44.99 49.89 49 45 39.69 59 52 49.99 47 49.9 45.85 43.67 
43.32 44.65 44.99 44 59 41.99 49.99 45.85 45 49 40.99 49.9 45.9 34.9 42.99 21 47 44.99 46 45 49.99 29 43.67 45 45.04 47 49.89 51 39.69 52 44 49 48.92 
45 49.89 43.67 21 34.9 45.04 44.65 49.99 52 46 42.99 51 49.9 43.32 39.69 45.85 44.99 59 41.99 49 45 48.92 44.99 49 49.99 29 44 45.9 40.99 44 44 45 47 
45.9 46 45.04 49.99 49.89 49 49.99 45 43.32 34.9 45 47 44 49 52 51 48.92 59 41.99 45 43.67 21 44.65 44 42.99 44.99 29 39.69 40.99 47 45.85 44.99 44 
59 44 45 48.92 44.99 47 45.85 51 44 47 39.69 49 44.99 45.04 40.99 43.32 44 44.65 52 43.67 45.9 45 49.99 49.9 21 49 41.99 46 42.99 45 49.89 49.99 34.9 
24.9 20 149.99 25 35 25 13 24.9 20 18 24 17 19.99 19.9 19 18 149.99 18 19 21 149.99 19 17.9 14.97 15 17 25 14.97 17 13 26 29 24 15 