32 34
45 51 59 48.92 47 43.67 45.04 49.89 49.99 43.32 44.99 49.9 52 46 21 45.9 34.9 44 44 41.99 44 39.69 49 45.85 47 49.99 29 45 44.65 44.99 49 40.99 45 
45.85 44 43.67 47 48.92 44 45.04 49.99 52 49.89 40.99 41.99 42.99 34.9 44.99 39.69 21 29 47 43.32 59 49.99 45 44 49 45 45.9 44.99 46 44.65 49.9 45 49 
41.99 44.99 29 43.67 49.99 51 45.85 45.9 49 44 49.9 45 44 42.99 45.04 44.65 21 49 46 44.99 43.32 59 47 48.92 45 49.99 52 49.89 39.69 47 45 34.9 40.99 
44 39.69 21 44 45 43.67 47 44 45 49.9 44.99 49.89 45.85 48.92 34.9 29 42.99 40.99 49.99 43.32 46 45.04 52 59 44.65 49 45 51 45.9 49 41.99 47 49.99 
47 46 39.69 49 45.9 44.99 45.85 43.67 44 44.99 44 43.32 45.04 41.99 59 52 44 47 45 34.9 45 49.99 49.89 44.65 42.99 49.99 21 40.99 48.92 49.9 29 45 49 
49 44 44 40.99 49 48.92 21 46 45.04 44.65 45 39.69 34.9 45.9 51 49.89 44.99 45 47 49.9 49.99 52 41.99 43.32 44 45 59 44.99 43.67 29 49.99 45.85 42.99 
49 45.9 45 44 44 51 34.9 49.99 49 45.85 52 47 44.99 42.99 45 49.89 43.32 45.04 21 44.65 44 40.99 46 49.9 48.92 29 59 44.99 45 47 49.99 39.69 41.99 
48.92 44 45.9 52 49.99 44 43.32 44 21 46 39.69 45.04 41.99 45.85 47 44.99 49 49.9 45 47 51 43.67 44.99 45 42.99 40.99 44.65 49.89 59 29 49.99 49 34.9 
45.9 45.04 49 40.99 47 29 43.67 45.85 48.92 44 43.32 59 42.99 21 45 44 41.99 39.69 52 34.9 47 49 44.99 49.9 44.65 44.99 49.99 45 46 44 49.99 51 45 
45.85 44.99 34.9 39.69 44.65 45 49 45 44 48.92 49.99 47 49 45 49.89 21 52 45.9 49.9 29 41.99 44 51 59 43.32 43.67 49.99 44 46 45.04 40.99 44.99 42.99 
44.99 44.65 44.99 45 21 52 39.69 41.99 45 29 51 49 45.85 48.92 49.89 43.32 44 49.99 40.99 44 43.67 45.04 44 49.99 49 59 45.9 47 42.99 46 47 45 49.9 
49.89 44 29 42.99 51 40.99 59 45.85 44 47 47 34.9 44.99 45.9 49.99 52 49.99 49 41.99 48.92 44.65 45 43.32 46 45 49.9 44 43.67 45 44.99 45.04 21 39.69 
59 47 44.65 43.32 51 45 21 44 45.04 44.99 44 40.99 49.9 49.89 52 43.67 39.69 49 45 41.99 49.99 49.99 34.9 45.85 48.92 47 29 49 45 42.99 45.9 44.99 44 
47 45.9 44.65 45 44 45 44.99 34.9 49.99 43.32 49 52 42.99 44.99 39.69 49 43.67 49.89 45.04 51 45 47 45.85 21 46 49.9 48.92 44 40.99 29 59 44 49.99 
43.67 49.9 46 51 34.9 52 44.65 49.99 49.99 45.85 44 59 42.99 45 49.89 47 41.99 40.99 45 44 49 39.69 44 45.9 47 44.99 43.32 45 21 29 45.04 49 44.99 
45 51 40.99 48.92 47 34.9 52 49 44.99 45.04 45 45.85 59 44.99 41.99 44 45 44 49.99 46 49.99 39.69 21 43.67 49 49.89 44.65 44 49.9 43.32 42.99 45.9 29 
44.99 47 49 44 47 45 52 48.92 29 45 49 59 49.9 44 51 21 45 45.85 45.9 39.69 44 44.65 42.99 45.04 49.99 46 41.99 49.99 49.89 43.32 34.9 40.99 43.67 
45 43.67 49.89 21 45.9 47 48.92 44 44 41.99 49 45 29 42.99 44 46 34.9 44.99 45.85 45 47 39.69 51 43.32 40.99 49.9 49 45.04 59 44.65 52 49.99 49.99 
49.99 44.99 47 47 49.89 45.04 44 34.9 40.99 45 49 44 41.99 45.9 49.99 44 42.99 44.65 49 45 43.67 45.85 43.32 44.99 59 51 45 46 39.69 29 52 21 49.9 
49.89 49 51 41.99 49 42.99 45 43.67 44 44 43.32 45.85 59 44.65 49.99 49.99 44 45 45.9 34.9 47 39.69 46 40.99 52 47 44.99 21 44.99 45.04 49.9 29 45 
41.99 43.67 34.9 51 49.99 46 52 48.92 42.99 29 45.04 47 49 44.99 49.89 49.99 21 43.32 44 45.9 39.69 49 44.99 45 44 47 59 44 45.85 45 44.65 40.99 49.9 
47 44.65 45.85 43.67 43.32 45 34.9 49.99 59 45.9 49.99 44 44 40.99 49 44.99 52 49 46 48.92 21 42.99 47 44 39.69 44.99 41.99 45.04 45 45 49.89 51 49.9 
49.9 45.85 49 45 45 43.32 46 52 49.99 29 43.67 45 34.9 44.99 44 41.99 47 49.89 40.99 44.65 44.99 47 44 49.99 45.9 21 51 45.04 39.69 44 48.92 42.99 59 
45.85 42.99 47 21 49.9 44.99 44 45 45 48.92 39.69 46 41.99 52 49 45.9 44.99 49 43.67 49.99 59 44.65 40.99 49.99 51 47 45.04 45 34.9 29 44 43.32 44 
44.65 45.9 45 29 21 47 49 49.99 49 45 44.99 39.69 40.99 34.9 44 49.9 43.67 45.85 47 49.99 48.92 44.99 59 45.04 42.99 43.32 49.89 45 52 51 41.99 44 46 
43.32 40.99 51 44.99 42.99 44 49.89 45.85 49.99 41.99 45.04 44.99 45.9 49.9 43.67 39.69 52 29 46 47 44.65 49.99 49 21 45 45 48.92 47 44 45 44 49 59 
45 44.99 45.9 46 44.99 44 34.9 49 49.89 21 47 44 49.99 45 47 44.65 49 45 43.32 43.67 41.99 29 40.99 48.92 59 39.69 45.04 42.99 52 44 49.99 45.85 49.9 
45.9 51 41.99 44.65 44.99 47 48.92 21 43.32 45 47 45 44 34.9 42.99 49.89 59 40.99 45.04 49.9 43.67 49.99 44 44.99 49 45.85 52 44 49.99 46 49 39.69 29 
49 45 49.99 49 34.9 49.9 43.67 45 41.99 29 40.99 45.04 48.92 47 44.65 44.99 44 45 49.89 45.85 49.99 43.32 46 51 42.99 59 44 47 21 44 45.9 39.69 52 
51 43.67 46 44 44.65 40.99 42.99 48.92 49.99 43.32 49.99 49 59 21 49 49.9 45.04 44 45.9 45 45.85 39.69 47 47 44.99 45 34.9 45 49.89 44 44.99 52 29 
48.92 59 42.99 43.32 49 49 45.04 49.99 44.99 51 44 45 44.65 43.67 44 40.99 44 45.85 46 52 29 34.9 49.99 45.9 47 41.99 47 44.99 45 21 45 39.69 49.89 
41.99 45 51 47 40.99 45.9 29 47 44.99 49.99 49.89 45 45.85 44.65 59 44.99 49.99 44 52 42.99 21 46 44 49.9 39.69 49 44 45 34.9 43.67 49 45.04 48.92 
47 44.65 44 47 40.99 49 59 45 39.69 43.67 45 45.04 49.89 42.99 48.92 49 52 43.32 51 46 44.99 49.99 44 41.99 44 49.9 49.99 45.85 44.99 45 45.9 29 34.9 
45.85 47 45 47 49.89 39.69 45 59 44 52 49.99 44.99 45 51 41.99 44 49 44.99 29 40.99 49.9 48.92 45.9 44.65 43.67 44 34.9 42.99 46 49 21 49.99 45.04 
29 13 20 13 24 20.99 14.97 29 18 17.9 149.99 30 21 25 15 35 14.97 24.9 19 19 20.99 19.9 21 30 9.95 20 13 26 17.9 9.99 19 17 15 17 
