32 34
45.04 45 40.99 39.69 44.65 51 59 29 49.89 21 43.67 44 49 49.9 44.99 47 45.85 52 44.99 48.92 47 42.99 45 45.9 46 49.99 49 49.99 44 43.32 44 45 41.99 
43.32 49.99 52 34.9 44.99 49.9 44 45.04 46 49 49 47 47 44 45 59 51 45 44.99 39.69 21 49.99 42.99 41.99 44 45 40.99 43.67 44.65 45.9 29 45.85 48.92 
45.85 49 46 43.32 44 51 49.99 29 41.99 44.99 44.65 49.89 49.99 47 45 45 49.9 59 44 39.69 34.9 40.99 45.04 42.99 45.9 47 44 52 45 44.99 43.67 49 21 
49.99 34.9 45.04 44 46 51 43.32 44.99 40.99 45 45 59 48.92 45.85 49.9 41.99 44 49 21 39.69 29 47 49.89 47 44.99 42.99 43.67 49.99 44.65 45 49 44 45.9 
21 45 49 44 43.32 43.67 44 45 41.99 47 49.89 44.65 34.9 52 45 44.99 44 39.69 44.99 45.85 59 29 42.99 40.99 45.9 46 49 49.9 49.99 45.04 48.92 49.99 51 
45 45 42.99 34.9 49.99 49 49.9 45.04 49 45.9 41.99 47 44.99 49.89 51 39.69 48.92 44 21 47 44.65 44 45 52 59 45.85 43.32 44.99 44 49.99 40.99 43.67 29 
47 44 51 49 45 49.99 39.69 46 45 44 49 44 48.92 40.99 44.99 41.99 49.89 47 59 43.67 42.99 49.99 45.9 45.85 45.04 44.65 21 34.9 44.99 52 45 29 49.9 
42.99 43.67 43.32 41.99 49 46 49 49.99 45.85 47 47 45.9 29 44 49.99 52 44.65 44.99 44 45.04 44.99 49.9 51 44 21 45 40.99 49.89 48.92 45 45 59 39.69 
51 43.67 43.32 45 52 49 45.04 47 42.99 49 47 41.99 29 45.85 40.99 44 45 45.9 48.92 49.89 44.65 44.99 34.9 44 21 49.99 49.99 45 39.69 46 59 49.9 44 
45.9 49.9 45.04 43.32 49.89 44.65 40.99 45 47 45 42.99 44 45 49 44 51 44.99 49.99 34.9 44 45.85 21 49 48.92 52 39.69 44.99 47 29 41.99 49.99 43.67 46 
49 40.99 43.32 45 47 49.99 42.99 44 45.85 46 44 44 29 45.9 48.92 41.99 45 49 52 45 34.9 43.67 44.99 51 59 39.69 49.89 49.99 44.99 49.9 21 45.04 47 
52 44.99 34.9 43.67 44.65 44.99 39.69 44 51 49.89 44 59 43.32 49.99 21 47 49.9 45.9 45 29 41.99 45.85 40.99 47 42.99 45 48.92 49.99 44 45 46 45.04 49 
49 45 21 44.65 59 45 52 49.9 51 43.67 45.9 44.99 41.99 49.99 40.99 39.69 47 47 44.99 34.9 42.99 46 43.32 44 49.99 49 29 44 45.04 45 49.89 45.85 44 
44.99 45 41.99 34.9 49.9 44.99 45.9 43.32 39.69 46 45.85 49.99 21 51 44 47 45.04 49.99 44 43.67 52 44.65 44 49.89 48.92 49 49 59 29 42.99 47 45 40.99 
29 49.99 21 44.99 43.67 45.85 46 48.92 45.9 44.65 59 45 34.9 49.89 44 52 39.69 40.99 44 44 42.99 47 45.04 49.9 45 51 41.99 47 49 43.32 49.99 44.99 45 
46 43.32 44.99 49 45 45 39.69 45.9 47 44.65 43.67 49.99 44 52 41.99 44 29 49.9 34.9 49 44 48.92 44.99 45.04 42.99 45 47 21 40.99 45.85 49.99 59 51 
43.67 45.85 52 49.89 51 44 45 44.65 21 49.99 44.99 40.99 45 49 49 49.99 46 43.32 45.9 45.04 44.99 47 48.92 44 59 49.9 47 41.99 44 42.99 45 39.69 29 
45 49.89 49 43.32 47 29 21 46 44.99 40.99 49.99 44 39.69 45 44 44.99 43.67 49 44.65 42.99 48.92 41.99 45.9 45.85 49.99 44 47 45 59 45.04 52 51 34.9 
45 44.99 44 47 52 42.99 44 49 40.99 39.69 46 45.85 48.92 45.9 21 29 45.04 49.99 41.99 49 43.67 45 43.32 44.99 49.99 59 44.65 34.9 45 47 49.89 51 49.9 
47 44 44.65 45.9 45 43.32 49 39.69 49.9 34.9 21 49.89 45 51 45.04 47 52 48.92 45 40.99 49 44 29 44.99 44.99 42.99 49.99 44 49.99 45.85 43.67 46 59 
43.32 48.92 45 29 46 59 52 49.9 44 49.99 47 49.99 49.89 45.04 44.99 44.65 41.99 45.9 34.9 45 49 47 43.67 42.99 39.69 44 51 44.99 45.85 49 44 45 21 
45.04 49.99 45.85 39.69 44 45 42.99 44 45 48.92 45 44.99 49.9 47 43.67 47 21 49.99 49 52 46 44 49.89 29 40.99 49 44.65 41.99 34.9 44.99 43.32 59 51 
45 44.65 39.69 48.92 49 45.9 44.99 42.99 51 44 45 45.85 43.32 21 34.9 49.89 29 44 45 59 49 45.04 49.99 44.99 40.99 46 52 47 43.67 49.9 44 41.99 49.99 
52 45.85 49.89 21 45.04 43.67 49.9 47 44 34.9 44 44.99 44.65 49 49.99 51 46 39.69 59 49.99 41.99 43.32 40.99 47 44 45 44.99 48.92 45 49 29 42.99 45.9 
49 43.32 47 46 29 39.69 44.99 41.99 43.67 45.04 59 34.9 44.99 44.65 47 51 49.9 48.92 45 44 45.85 45 44 45.9 40.99 52 42.99 44 45 49 49.99 21 49.89 
47 45 45 49.99 47 46 49 49.89 21 39.69 44.99 42.99 48.92 45.9 43.67 41.99 44 49 49.9 44.65 34.9 40.99 45.04 59 45 44 49.99 44 45.85 52 44.99 29 43.32 
49.99 48.92 44.99 43.67 59 51 45 44.65 45.85 29 49.99 52 44 21 44.99 47 44 49.89 42.99 43.32 45 49.9 45.9 49 49 39.69 45 44 45.04 40.99 41.99 34.9 47 
42.99 49 43.67 29 44 45.04 59 49 49.99 45.85 46 44 47 49.9 21 45.9 41.99 44.99 44 44.99 45 52 39.69 45 44.65 49.89 45 40.99 47 49.99 48.92 34.9 51 
45 39.69 44 41.99 59 45 44.99 48.92 44 45.9 29 49 40.99 49.9 34.9 44.65 42.99 44.99 47 49 21 52 49.89 43.67 45 43.32 51 44 45.85 49.99 45.04 46 49.99 
49.99 52 49 41.99 49.99 45.85 45.9 29 59 43.67 44.99 46 44 47 40.99 21 44.99 51 49 45 49.89 47 45 43.32 45 49.9 45.04 44 48.92 44.65 34.9 44 42.99 
44 49.89 45.04 41.99 29 45.9 44 45 43.67 49 49 43.32 59 52 45 48.92 51 45.85 21 44.65 49.9 42.99 47 46 47 49.99 44.99 49.99 39.69 44.99 44 34.9 45 
44 45.04 49.89 45 47 51 39.69 44.99 44.99 49.99 48.92 43.32 45 44.65 43.67 44 49.99 45.85 49 47 45 42.99 21 29 52 59 49 49.9 45.9 44 46 34.9 41.99 
49.99 45.85 45.04 51 45 49 45 44 45 39.69 21 52 43.67 44.99 44.99 44 45.9 34.9 41.99 29 48.92 49.89 44 40.99 44.65 49 49.9 43.32 49.99 47 47 46 42.99 
45.9 59 44 49.89 43.32 49.99 34.9 44 29 45 47 49 51 21 39.69 43.67 48.92 47 46 41.99 40.99 52 44.99 44 45.04 45 42.99 45 45.85 44.99 49 44.65 49.9 
17 13 24 14.97 9.99 12 20 19.99 25 17 15 25 19.9 14.97 9.99 20 22 19 30 20.99 149.99 15 21 19.9 24.9 18 19.99 14.97 25 26 13 18 18 9.99 
