32 34
49 52 44 49.9 49.89 43.67 45 46 59 21 49 44.65 34.9 45 51 45 49.99 47 48.92 49.99 44 47 40.99 43.32 44.99 44 41.99 39.69 44.99 45.85 29 45.04 45.9 
47 49 51 44 45 52 44 44 49 46 48.92 34.9 49.9 49.99 44.99 59 40.99 21 47 43.67 49.99 44.65 42.99 41.99 45 45.85 45.04 45 44.99 43.32 45.9 49.89 39.69 
44 59 45.04 29 45 46 49.99 21 48.92 47 43.32 45.85 52 44 45.9 43.67 47 49 49.9 44 51 49.89 42.99 44.65 39.69 41.99 45 45 44.99 40.99 44.99 49 34.9 
51 21 49 45 34.9 44.65 43.67 42.99 44.99 44.99 45 29 46 45 44 47 59 40.99 49.89 39.69 41.99 47 45.04 45.9 49.99 52 44 49.99 45.85 44 49.9 49 43.32 
21 44 40.99 49.99 44.99 49.99 45.85 42.99 47 52 44 51 47 45 49.9 59 43.32 49 44 44.99 29 39.69 46 44.65 43.67 45.04 45 41.99 45 34.9 48.92 45.9 49.89 
45.04 49.89 42.99 52 45 44.99 44 47 34.9 48.92 21 46 49 51 44.65 43.67 45.9 47 40.99 49.99 41.99 49.9 49 45 29 44.99 44 43.32 39.69 59 45 49.99 44 
45 49 47 44.99 45.04 48.92 41.99 44 39.69 45 43.32 40.99 51 44 44 34.9 47 44.65 49.99 52 49.99 43.67 49.89 45 45.9 45.85 21 42.99 59 29 44.99 46 49.9 
42.99 44 44 29 44 44.99 45 44.99 45.9 49.99 34.9 44.65 51 49.89 43.67 49 52 47 40.99 43.32 46 39.69 45 21 48.92 49.9 45.04 59 45.85 49.99 47 49 45 
45.04 45 49.99 49.89 43.32 45.85 52 29 40.99 59 44 46 45 45 44.99 34.9 49 49 44 47 21 39.69 44.65 43.67 45.9 44 49.9 42.99 48.92 47 51 44.99 49.99 
45.85 46 44.65 45 51 59 47 44 45.9 44.99 44.99 49.99 47 52 49 44 49 43.32 45.04 34.9 40.99 45 43.67 29 21 44 41.99 48.92 42.99 39.69 49.9 49.89 45 
45 45.85 49 49.9 21 40.99 45.9 49.99 42.99 47 43.67 49 45.04 44.65 47 45 44.99 44 29 48.92 45 49.99 49.89 44 52 51 34.9 46 43.32 39.69 41.99 44.99 44 
21 43.67 49.99 44 49 49 47 40.99 44.65 45 29 45 42.99 49.9 45 59 45.9 44.99 47 39.69 48.92 45.04 49.99 51 41.99 49.89 44 45.85 44.99 34.9 43.32 52 44 
59 40.99 44 47 49.99 45.85 29 44.65 43.67 45.04 45 45 47 46 48.92 44 34.9 42.99 44.99 39.69 45.9 21 44.99 49.99 49 51 45 52 43.32 44 49.9 49.89 49 
39.69 47 43.67 45.85 44 44.65 44.99 44 49 51 29 41.99 49.9 49.99 46 47 34.9 59 43.32 42.99 44.99 40.99 49 45.9 45 45 48.92 44 52 21 49.89 49.99 45 
43.32 44.99 41.99 47 29 44 45.04 49 45 49 59 45.85 43.67 44.65 48.92 49.89 42.99 47 45 39.69 44.99 44 34.9 49.9 44 21 49.99 51 45.9 40.99 45 52 49.99 
44.99 44 43.32 44 29 39.69 48.92 41.99 21 40.99 59 45.85 44.65 43.67 45 45 51 45.9 49.89 47 47 49.99 46 49 49.9 49 45.04 49.99 52 42.99 34.9 44 45 
45.04 49.89 44 49.9 46 39.69 29 49.99 44 47 43.32 45.85 45.9 42.99 59 44.99 44.99 45 41.99 49 51 45 45 34.9 47 21 49 44.65 49.99 43.67 40.99 52 44 
49.89 47 45.85 34.9 44.65 46 29 49.99 52 45 44 48.92 47 45.04 51 49 39.69 44 43.32 49 40.99 49.99 59 42.99 43.67 41.99 44 21 45.9 44.99 49.9 45 45 
49 49 34.9 49.9 51 45 41.99 44 44 45.9 47 29 49.99 45 45 48.92 59 45.85 21 49.89 43.32 52 40.99 49.99 42.99 44.65 44 44.99 45.04 39.69 47 44.99 46 
47 48.92 29 49.9 45.85 34.9 44.99 45.04 49 59 44 21 47 39.69 44.99 44.65 45 40.99 42.99 45 49.99 43.67 44 46 49 43.32 45.9 41.99 45 44 49.99 49.89 52 
45.04 39.69 59 44.65 44 45 44.99 34.9 49.99 51 44.99 49 49.89 45.85 49.9 48.92 29 45.9 47 44 49 42.99 45 44 41.99 40.99 43.32 45 52 46 49.99 21 47 
51 49.99 52 45.9 49 46 45.85 39.69 49.9 45.04 40.99 44 44.65 44.99 47 43.32 45 49 41.99 45 47 34.9 21 59 42.99 44 49.99 48.92 45 29 44.99 44 43.67 
48.92 29 49 45 44 49.99 45.04 59 51 49.99 45.9 46 40.99 44 41.99 45.85 21 52 44.99 43.67 47 45 49.9 49.89 44.99 45 34.9 42.99 47 43.32 44.65 44 49 
49.9 42.99 49 44 44.99 45.85 49.99 44.65 47 41.99 44 59 43.32 49.89 43.67 45.04 40.99 45 45 44 44.99 39.69 34.9 49.99 29 48.92 46 45 51 21 49 45.9 52 
52 41.99 45.04 45 59 44 49 49.89 45.9 44 39.69 49.9 47 48.92 49 45 43.32 49.99 42.99 44.99 34.9 44.99 46 43.67 44 51 40.99 44.65 49.99 21 47 45.85 29 
45.04 43.67 34.9 45 44.99 44 43.32 46 44.99 44 49.99 59 52 49 44.65 47 45.9 41.99 45.85 49.89 21 47 39.69 42.99 44 45 48.92 45 49.9 51 29 49 40.99 
52 45 40.99 48.92 43.67 41.99 44 45.85 45 51 49.99 44.99 45 39.69 29 47 49.99 44 43.32 49.89 42.99 45.04 46 21 47 45.9 34.9 49 44.65 49.9 44.99 49 44 
45.04 52 43.67 21 44.99 41.99 49.9 45.9 44 45 39.69 40.99 49.99 44.99 49.89 47 44.65 42.99 47 44 45 45 43.32 49 49.99 49 34.9 48.92 44 29 45.85 46 59 
44.65 48.92 45 49 44 59 43.32 49.99 34.9 45 49.99 42.99 39.69 46 44.99 49 47 43.67 45.04 51 45 44.99 44 49.9 45.9 52 41.99 49.89 47 40.99 29 44 45.85 
34.9 44.65 49 42.99 49.99 44 44.99 47 51 45 44.99 44 43.32 43.67 52 39.69 48.92 41.99 47 49 46 21 45 45.9 59 45.04 49.99 29 49.89 44 49.9 45.85 40.99 
51 45 59 21 29 52 49.9 43.32 49 34.9 40.99 45.85 39.69 44.65 44 45 46 49.89 44.99 44 49 47 45.9 49.99 43.67 49.99 45.04 44 41.99 48.92 42.99 45 44.99 
52 44 47 48.92 44.99 49 44 49.9 39.69 29 46 42.99 49.99 47 51 49 43.67 43.32 45 45.85 40.99 45 49.89 34.9 41.99 45 21 45.04 44.99 44 45.9 49.99 59 
44.99 48.92 49.99 49 45.9 42.99 29 40.99 45 45.04 45 39.69 49.89 43.32 45 49 49.9 21 47 59 52 44 46 43.67 51 47 45.85 49.99 44.99 44 44 44.65 41.99 
49 21 49.99 45.04 34.9 44 29 49 45 41.99 46 45 40.99 49.89 45.85 39.69 43.32 47 44 59 45 43.67 44.99 45.9 49.99 44.99 51 48.92 42.99 44.65 52 47 44 
20.99 24.9 9.95 9.99 17 19 24.9 13 15 14.97 30 19 25 14.97 15 14.97 19.99 30 21 18 15 149.99 26 149.99 19 14.97 19 30 22 19.99 24 24.9 25 9.95 