32 34
43.32 46 44.99 40.99 45 34.9 41.99 49.89 42.99 44 45.9 29 45 48.92 43.67 44.65 52 49.9 44 47 51 49 49 59 45 44 45.85 45.04 49.99 47 39.69 49.99 44.99 
49 47 21 49 44 49.9 49.99 45 42.99 34.9 45.9 43.67 44.99 29 44.99 45 40.99 49.99 52 47 41.99 44 49.89 45.04 43.32 45.85 39.69 51 48.92 44.65 46 59 45 
44.65 45.85 45 44 43.67 51 39.69 49.99 47 45.9 44 52 47 34.9 59 44.99 49.89 45 49.9 46 49.99 40.99 48.92 49 21 49 44 29 41.99 44.99 45.04 45 43.32 
44 43.32 49.99 47 39.69 44.99 47 44.99 29 45.04 45 46 49.99 44 44.65 21 34.9 51 45 45.9 45 41.99 45.85 52 40.99 49.89 49 49 42.99 59 48.92 43.67 49.9 
42.99 45 45.04 52 46 44 49.99 44.99 51 47 39.69 21 49 43.32 44.65 49.99 44.99 48.92 45 49 41.99 29 45.85 47 34.9 49.9 44 40.99 49.89 43.67 44 45 45.9 
41.99 44.99 39.69 42.99 44.65 49 45 47 47 44 49.99 29 51 45.9 59 49.89 45 44.99 45.85 49.99 21 46 52 49 44 45.04 43.32 34.9 45 48.92 43.67 44 40.99 
44.99 43.67 39.69 44.65 45.9 49 59 44 49 49.9 40.99 44.99 44 47 21 49.99 45 45.85 48.92 47 51 45 49.89 34.9 49.99 29 45 52 42.99 45.04 46 44 43.32 
49 45 46 47 42.99 44.99 45.85 45.9 59 45 44.99 40.99 43.67 21 34.9 49.99 44 29 39.69 44 48.92 49.99 49.9 45 52 51 45.04 47 41.99 43.32 49.89 49 44.65 
43.67 49.89 49.9 41.99 49.99 47 45 39.69 44 44 43.32 45 49 29 48.92 59 45 45.9 40.99 21 45.85 34.9 45.04 52 42.99 49.99 46 44.65 44 44.99 51 49 47 
46 49.89 44 59 45.85 34.9 49.99 29 52 49 44.99 49.99 42.99 40.99 45.9 43.32 44 21 44.65 51 45.04 41.99 43.67 49 47 47 45 44.99 39.69 49.9 48.92 45 45 
34.9 47 49.99 49.99 44 49.89 43.67 45 52 44.99 51 45.04 47 49 21 49 46 42.99 44 29 45 43.32 41.99 59 48.92 45 45.85 45.9 39.69 44.99 49.9 40.99 44 
45.9 40.99 45 21 34.9 45 47 46 44.65 49 49.99 49.99 51 41.99 44 44.99 49 44 59 44 49.89 44.99 49.9 48.92 43.67 42.99 47 43.32 45 39.69 29 45.85 52 
34.9 45.04 49.99 44 49 48.92 49.9 45 47 43.32 44 45 44.99 39.69 42.99 49 29 49.99 52 41.99 45.85 45.9 45 40.99 51 59 43.67 44.99 47 44 49.89 21 46 
41.99 47 44.99 49 49.89 47 42.99 48.92 59 40.99 49.99 45.04 49.9 51 52 44.99 49.99 45 45 46 49 45.9 34.9 45.85 44.65 45 21 44 29 44 44 43.32 43.67 
44 49 52 46 49.89 39.69 49.99 48.92 44 49.9 49 42.99 34.9 45.04 29 45 21 44 47 47 40.99 45 49.99 45.85 45.9 44.99 41.99 59 44.65 43.67 51 43.32 44.99 
44.99 45 45.04 59 43.32 21 29 49.89 44.99 45 49 46 41.99 43.67 44 42.99 52 45.85 39.69 44.65 45 49 45.9 49.99 48.92 47 44 47 44 51 49.9 49.99 34.9 
42.99 45 51 45.04 29 21 49 49.99 45 59 48.92 44 49.89 45 34.9 44 43.32 52 49 47 49.9 44.99 39.69 44.99 43.67 49.99 45.85 46 45.9 47 44.65 41.99 44 
48.92 59 45.04 49 51 44.99 45.85 34.9 47 45 49 47 46 44 29 44 43.67 49.9 42.99 52 40.99 44.65 44.99 41.99 45 49.99 44 21 43.32 45 49.99 45.9 39.69 
45.9 44.65 46 49.9 43.32 59 34.9 39.69 45 44 44.99 51 47 42.99 44 45 52 44.99 49.89 21 45 43.67 29 47 44 49.99 48.92 49 49.99 45.04 41.99 49 40.99 
51 40.99 44.99 45 45.04 39.69 59 44.65 41.99 47 49.89 44 48.92 21 46 49 45 42.99 49.99 43.32 43.67 45.9 45.85 52 49 49.9 44 34.9 45 44 44.99 29 49.99 
49.9 45.04 44 44 45.85 49 45 39.69 41.99 59 49.99 51 48.92 45.9 34.9 44 44.99 45 49 44.99 49.89 46 21 47 42.99 52 43.32 47 49.99 40.99 43.67 45 44.65 
44.99 46 21 40.99 39.69 48.92 45 49.9 44 43.67 47 45 49.99 43.32 47 45 45.85 51 49 45.9 59 45.04 49 44.99 41.99 44 29 42.99 44 34.9 49.89 49.99 44.65 
43.32 49.89 44 47 59 52 45 47 45.9 44.65 49 41.99 21 49.99 49.9 44.99 44 49 45 45.85 44 44.99 48.92 42.99 49.99 46 40.99 34.9 43.67 39.69 45.04 45 51 
45.85 39.69 47 43.67 21 43.32 49.9 45 44.99 48.92 45.9 29 40.99 59 51 45 44.99 44 49 49 44 47 42.99 46 34.9 49.89 45 49.99 45.04 44 44.65 52 41.99 
49.89 47 44.65 21 46 43.67 49.99 45 43.32 49.9 42.99 45 48.92 47 45 51 29 34.9 39.69 45.85 44.99 45.04 41.99 52 49 45.9 49.99 44 59 44 49 40.99 44 
49 45.04 59 52 49.99 34.9 44.65 51 45.9 44 45 45 49.89 39.69 46 49 49.99 43.67 44 48.92 40.99 47 44.99 44.99 47 45 43.32 45.85 41.99 42.99 21 29 49.9 
47 48.92 49.9 49.99 44.65 49.89 45 49 44 59 46 44.99 45.9 47 45.85 40.99 41.99 39.69 44 21 34.9 51 49.99 45 43.67 45 44.99 45.04 52 43.32 44 49 29 
49.99 45 51 45 44 59 44 44.65 49.89 46 44.99 49.9 52 21 40.99 49 43.67 34.9 47 42.99 48.92 44 49.99 45.04 44.99 49 47 45.9 41.99 45 39.69 43.32 29 
49.99 44.99 29 52 45 21 44.99 45.9 49 49 51 59 44 42.99 45 49.89 45.85 46 49.9 45 44 44.65 40.99 43.32 44 39.69 47 41.99 48.92 34.9 49.99 43.67 45.04 
42.99 44.99 45 34.9 21 48.92 40.99 49.99 39.69 46 51 52 44 44.65 49.89 45 49.99 49.9 44 59 44.99 44 45.04 45 47 45.85 49 43.32 43.67 45.9 41.99 47 29 
49.99 45.9 45.04 40.99 21 44.65 59 49.89 34.9 41.99 52 45 49.9 49 44 47 49.99 44 49 45.85 44.99 45 47 29 42.99 51 46 44 45 43.67 48.92 39.69 43.32 
47 49.99 43.67 44.99 49.99 43.32 49.89 29 42.99 52 44.65 44 44 45.9 40.99 45.85 39.69 44.99 51 45 21 34.9 59 46 41.99 45 45 49 45.04 47 44 49.9 48.92 
44 43.32 41.99 34.9 49.89 45 29 44.65 49 49.99 21 52 45.04 49 49.99 45 47 45.85 45.9 39.69 45 44 46 40.99 47 59 42.99 43.67 44.99 44 49.9 51 44.99 
42.99 43.32 43.67 45.85 45 39.69 45 40.99 44 45.04 44.99 46 45 48.92 49 44.99 49.99 47 34.9 44 29 49 21 52 44.65 45.9 47 59 49.99 44 49.9 51 41.99 
30 24.9 14.97 30 20 19 19.99 14.97 19 17.9 18 19 21 30 35 20 25 12 21 19 20.99 15 19.9 17.9 19 35 20 9.95 9.99 19 149.99 19.99 35 15 
