32 34
47 39.69 44.99 49.89 44 45.04 40.99 43.67 44.99 49.99 44 45.9 43.32 52 34.9 59 45 49.99 45 44 51 44.65 48.92 45 45.85 42.99 47 29 49.9 49 46 49 21 
47 49.99 45.9 44 59 42.99 49.89 39.69 40.99 43.32 45 49.9 45.85 44.99 34.9 21 44 45 45 51 48.92 41.99 45.04 52 49.99 29 46 43.67 49 47 44.65 44.99 49 
45 47 45 49.9 44.99 43.32 45.04 51 49.89 49 40.99 49.99 29 49 44.99 43.67 39.69 44.65 42.99 52 41.99 47 45.85 34.9 44 44 44 45 59 46 48.92 49.99 21 
45.9 29 45 40.99 49.9 45 45 51 34.9 43.32 49.89 45.04 59 49 44 46 21 49 52 48.92 41.99 44.65 44 43.67 45.85 49.99 44 49.99 47 44.99 47 39.69 44.99 
51 44.99 47 43.32 34.9 21 49 52 44 49.9 44 59 47 39.69 45 40.99 41.99 44.65 45.85 44.99 43.67 45.04 49.89 49.99 45.9 49.99 46 49 44 45 42.99 45 48.92 
49.99 44.99 45 49 45 59 47 49 49.9 45 29 49.89 46 49.99 44.65 51 39.69 34.9 45.85 44 40.99 47 41.99 44.99 21 45.9 44 44 48.92 43.32 42.99 52 45.04 
34.9 44 49.99 43.67 21 49.99 45 39.69 49 49.9 44.99 29 59 43.32 42.99 45 47 46 40.99 45.85 51 41.99 49.89 44.65 45.9 52 45 45.04 44.99 47 44 44 48.92 
44.65 45.04 49 59 39.69 45 45 47 52 49.89 44.99 49 44 47 43.67 49.99 40.99 41.99 21 51 48.92 43.32 45 44.99 45.9 45.85 46 34.9 49.99 29 42.99 44 44 
43.67 44 39.69 45 45 49.99 45.04 44.99 52 40.99 42.99 46 49.89 59 49.99 29 51 44.65 48.92 49.9 41.99 49 47 49 45.9 45.85 47 44.99 43.32 34.9 45 44 44 
49.9 45.85 45 34.9 45.9 40.99 49.99 49.89 59 45.04 43.67 46 44 41.99 42.99 47 39.69 49.99 44.65 45 44.99 49 44 47 49 48.92 21 45 29 44.99 51 44 43.32 
43.32 45 45.04 59 47 42.99 52 44.65 44 49 49.99 43.67 44.99 49.89 49.99 48.92 51 45 29 44 45.9 21 45.85 39.69 41.99 49.9 40.99 44.99 44 46 47 49 34.9 
44 45 45.04 49.99 41.99 48.92 42.99 49 45.85 45.9 45 45 44.99 43.67 49.9 51 59 44 44.65 49.99 46 47 49 47 52 43.32 40.99 34.9 21 39.69 29 44.99 44 
47 43.67 34.9 44.99 47 44 45.85 44 29 39.69 59 49 45.04 45 46 44.99 48.92 49 45 43.32 44.65 44 49.9 52 51 45 42.99 45.9 41.99 21 40.99 49.99 49.89 
41.99 44 39.69 45 44.65 59 42.99 45 49 45.9 47 45 48.92 44 49.99 47 44 46 45.04 52 45.85 40.99 49.89 49.9 44.99 49 49.99 43.32 43.67 34.9 44.99 29 51 
45 21 40.99 45 47 45.04 44.99 44.65 52 46 48.92 43.32 47 44 41.99 44 59 49 49.89 49.9 44.99 44 45.9 39.69 49 51 29 45 42.99 43.67 34.9 49.99 45.85 
45 44 39.69 49.9 45 49 47 51 21 59 34.9 43.67 49.99 45 42.99 44.65 45.85 49.99 44.99 44 40.99 44.99 41.99 43.32 45.9 44 49.89 47 46 29 45.04 49 48.92 
44.99 47 44 52 48.92 39.69 51 46 44.65 44 45.9 34.9 49.89 47 45 59 43.32 29 45 45 49 41.99 45.04 21 44 49 42.99 49.99 49.99 40.99 49.9 43.67 45.85 
21 47 29 45 46 44.99 42.99 49 39.69 47 49.89 45.85 44.99 49.9 49.99 40.99 44.65 49 45.04 44 45 44 44 48.92 43.32 51 45.9 59 41.99 49.99 34.9 52 45 
51 49.99 42.99 44 29 45 21 47 34.9 43.32 45.9 45 59 41.99 49.9 49 44 52 44.99 45.04 46 44 44.65 49.99 43.67 40.99 45 49 45.85 47 39.69 44.99 48.92 
43.32 49.99 49.99 48.92 42.99 40.99 45.04 49.9 39.69 49 45 49.89 47 21 45 51 45 34.9 45.85 47 44.99 45.9 59 52 44.99 44.65 29 44 44 44 49 43.67 46 
45.85 45 52 44.65 49.99 45 41.99 44.99 44.99 49.89 42.99 29 44 45 47 45.9 45.04 21 49.99 46 47 49.9 49 43.32 44 39.69 49 40.99 34.9 43.67 48.92 44 51 
45 44 49 44 45 43.67 47 45.04 43.32 49.99 44.65 47 48.92 49.99 45 21 44.99 46 51 44.99 39.69 44 45.85 45.9 52 49 59 49.89 41.99 42.99 40.99 29 34.9 
29 59 44.99 49 44 21 40.99 47 44 49.99 41.99 49 49.9 34.9 49.99 45 48.92 51 45 45.9 45.04 49.89 45.85 43.67 52 39.69 45 44.65 47 42.99 44.99 44 46 
41.99 49 29 43.32 44 44 51 45.04 45 45.85 59 46 49.99 52 48.92 49.89 49 49.99 44.65 44.99 47 44.99 49.9 40.99 45.9 47 45 39.69 45 34.9 21 42.99 43.67 
46 44 49 48.92 34.9 21 51 44 44.99 49.9 47 49.99 45.9 45 44.99 40.99 44 29 49.99 42.99 45.04 45.85 52 45 41.99 59 44.65 47 39.69 43.67 49 45 43.32 
44.99 45.85 49.89 44 40.99 43.67 21 42.99 49 39.69 47 49 49.99 49.99 45 44 47 48.92 29 44.65 45 45.9 52 46 44 41.99 43.32 59 51 49.9 34.9 45 45.04 
44.99 47 45 49.99 44 34.9 40.99 45.04 49.9 49.89 59 45 49 49 43.32 44.65 45 45.9 42.99 21 46 41.99 45.85 48.92 49.99 52 39.69 43.67 29 51 47 44 44 
48.92 29 40.99 44.99 42.99 47 45.9 59 44 44.99 21 45.04 49.99 49 52 39.69 49 44.65 49.99 44 45.85 43.67 49.9 43.32 51 34.9 46 45 45 45 49.89 44 41.99 
47 45.04 44.65 44 29 41.99 34.9 44 45.9 45 49.89 45 48.92 44.99 45.85 45 46 49.99 47 44.99 44 49.99 49 21 39.69 42.99 51 59 49.9 43.67 40.99 43.32 49 
47 46 44 42.99 34.9 45 39.69 45.85 44 49 51 21 41.99 52 49.99 40.99 49.9 45 44.99 45.04 59 49 49.99 43.32 47 45.9 44 44.99 45 29 43.67 48.92 44.65 
44 44 51 44.99 44.65 45 39.69 49 49.89 49.9 49 48.92 29 49.99 45 59 41.99 40.99 43.67 49.99 21 47 45.85 42.99 44 47 45.04 45 45.9 34.9 52 43.32 44.99 
45.85 43.32 39.69 52 44.65 44 44.99 45 47 44 51 48.92 21 44 45.9 40.99 45.04 49 34.9 42.99 43.67 49 49.9 41.99 49.99 59 46 49.89 44.99 45 47 49.99 45 
59 43.32 39.69 47 21 43.67 29 49.89 49.9 52 44 45 47 45 49.99 45.9 42.99 41.99 51 44.65 44.99 44.99 34.9 45.04 45.85 46 48.92 44 40.99 49 49.99 45 44 
44 21 44.99 51 43.32 49.99 41.99 44.99 47 44 45 45.85 42.99 49 45 46 45 29 34.9 45.9 52 48.92 49.89 44.65 40.99 59 39.69 47 45.04 49 49.9 49.99 44 
14.97 35 20 25 20.99 19 24.9 26 14.97 30 19.9 24 30 19 15 19 21 20.99 21 18 19 30 14.97 20.99 14.97 29 24.9 149.99 20.99 19 13 18 21 24 
