32 34
44 49.99 29 43.32 52 51 44.65 44.99 42.99 21 49.9 49.99 48.92 47 43.67 47 45 45 34.9 40.99 45.85 45.04 44 41.99 46 45 45.9 49 49 59 49.89 39.69 44 
49.99 45.9 46 45.85 43.32 44.99 49.89 49.99 47 40.99 44 47 45 43.67 44 49 49.9 45 51 52 49 48.92 21 41.99 29 42.99 59 44.65 44 45.04 34.9 39.69 45 
43.67 29 44.65 45.04 47 48.92 42.99 39.69 46 49.99 45 52 49.9 44 44 43.32 49.89 59 47 51 49 44.99 44 41.99 45 49.99 45 34.9 45.9 49 44.99 21 45.85 
49.89 45 45.85 29 49.9 43.67 44 44.65 49 45 39.69 41.99 47 46 43.32 49.99 45.9 44.99 42.99 45.04 48.92 45 44 40.99 49.99 44.99 21 49 34.9 51 59 47 52 
49 43.32 44.99 43.67 44 45 45.04 49.89 21 39.69 45 47 49.9 51 59 45.9 40.99 45 47 44 49.99 42.99 34.9 44.99 52 44 44.65 49 48.92 46 29 41.99 45.85 
45.9 59 49.9 43.67 49 47 45 52 45 42.99 29 44.65 34.9 49.89 44 21 49 51 45 40.99 44.99 48.92 47 44.99 45.04 45.85 43.32 46 44 41.99 49.99 44 49.99 
45.04 49.9 21 45 45.85 40.99 47 39.69 34.9 44.99 43.67 44 49.99 43.32 45 51 49.89 52 44.99 42.99 44 29 44.65 44 45 47 41.99 49.99 48.92 45.9 49 46 49 
29 49.89 47 44 52 45.9 21 49.99 51 42.99 43.32 45 59 45 48.92 45.85 45 49.9 44.99 49 41.99 34.9 49.99 46 40.99 45.04 44.65 43.67 44 49 39.69 44.99 44 
45.85 21 39.69 52 44 45 45.9 47 59 46 44 42.99 44.65 45.04 44.99 40.99 49.89 49.9 45 47 29 49.99 48.92 43.32 41.99 44 34.9 49 45 44.99 49.99 43.67 51 
44 45.85 39.69 59 42.99 51 45.04 45.9 44 43.32 49.99 41.99 45 49 44.99 21 49.89 44.65 45 40.99 49.9 48.92 44.99 49 29 47 44 43.67 45 52 47 46 34.9 
44.99 47 49 41.99 21 43.67 45.04 29 43.32 45 44 51 40.99 45.9 49.99 44 49 45 44.65 34.9 49.89 47 44 44.99 49.99 46 39.69 45.85 48.92 52 49.9 42.99 59 
34.9 45 44.99 46 44 49.9 43.67 59 47 44.65 29 49.89 49 40.99 44 45 51 49 41.99 45.85 39.69 42.99 48.92 45.04 49.99 21 49.99 44 52 44.99 47 45.9 43.32 
47 34.9 44.65 49.99 43.32 44.99 46 41.99 39.69 44 44.99 21 49.9 49 52 51 44 42.99 45 49.99 29 45 44 47 59 45.04 49 43.67 45.85 48.92 45.9 40.99 49.89 
21 45.85 49.99 39.69 49.89 48.92 47 45.04 49 45 45 29 43.67 47 44.99 44 46 49.9 44 44.65 45 34.9 41.99 45.9 52 49.99 51 40.99 49 44 59 43.32 42.99 
44.65 48.92 49 44 51 45.85 49.99 45 43.67 42.99 41.99 44 39.69 45 49 52 45.04 44.99 21 47 40.99 47 34.9 29 59 44 46 44.99 43.32 49.89 45 49.9 45.9 
59 44.65 42.99 44.99 43.32 47 49.99 45 52 43.67 49.9 48.92 21 44.99 29 44 39.69 45 45 49.89 46 51 45.9 49 40.99 49 34.9 44 47 49.99 41.99 45.85 44 
41.99 46 40.99 44 51 52 45 45.04 45.9 59 49.89 44.65 49.9 49.99 44 45.85 44 29 43.32 45 42.99 44.99 49 48.92 49.99 34.9 39.69 47 45 21 43.67 44.99 47 
44 45 29 21 45.85 44 49 49.99 49.89 45 51 44.99 49.99 45.9 44.99 49.9 43.32 48.92 59 52 44 45 42.99 34.9 46 49 47 40.99 47 44.65 43.67 39.69 45.04 
49 45 49.99 49.9 41.99 44.99 43.32 44.99 49.89 29 42.99 51 44 39.69 44.65 45 48.92 47 44 52 43.67 40.99 45.85 49.99 45.9 21 49 46 44 34.9 59 45 47 
49.99 40.99 45.9 44.99 45.85 43.67 44.99 47 49 49.99 41.99 59 48.92 21 44 42.99 43.32 49 45 45 29 45 52 51 47 39.69 49.89 44 45.04 46 44 44.65 34.9 
44.99 45 42.99 44.65 44 51 45.85 49.89 45 59 29 47 41.99 21 43.67 49.9 49 34.9 40.99 44.99 52 49.99 45.04 44 45.9 49 39.69 47 46 48.92 45 44 49.99 
44.99 49.99 49.9 47 49 44.65 49.89 42.99 59 21 44 40.99 44 45 45.85 45.9 49 46 45.04 34.9 39.69 45 47 44.99 49.99 51 43.67 48.92 45 52 29 41.99 43.32 
40.99 29 21 49.99 45.9 46 43.32 34.9 44.99 45.85 47 52 45 41.99 39.69 49.99 45 43.67 44 48.92 44 49 51 49 45.04 59 44 44.65 47 42.99 44.99 49.89 49.9 
44.99 39.69 21 49.99 47 49.99 45 44 46 44.65 29 49 43.32 40.99 43.67 34.9 45.85 49.9 48.92 45 42.99 51 44 49.89 44.99 52 47 49 59 45.9 45 41.99 45.04 
45.04 47 34.9 44.99 45 45.85 41.99 49.99 40.99 45 51 21 29 47 44.65 49.99 39.69 44 44 45 49.89 44 44.99 59 48.92 49.9 46 42.99 49 43.32 52 45.9 49 
49.99 39.69 34.9 44 49 45 45 48.92 52 51 45 45.9 43.67 44 49 21 40.99 46 49.9 45.04 45.85 49.99 42.99 49.89 44 41.99 43.32 47 44.65 59 29 44.99 44.99 
34.9 52 44.99 42.99 49.9 49.99 39.69 49 21 49.99 45.04 45.85 44 45 44.99 47 45.9 40.99 44.65 59 48.92 44 49.89 49 29 41.99 46 51 45 43.32 44 45 47 
40.99 49 44 34.9 59 49.99 21 52 42.99 44.99 47 44 45 43.32 45 47 41.99 46 49.9 44 44.99 51 49.99 45.85 29 44.65 48.92 49.89 45.9 45.04 49 45 39.69 
49.99 44.99 49 45.85 43.32 49.89 43.67 44 41.99 34.9 44.99 51 45.04 29 45 44 49 40.99 44.65 49.9 49.99 45 52 44 47 39.69 21 45.9 46 42.99 47 45 59 
45.04 44 49.99 44.99 44 29 21 48.92 49 39.69 47 46 40.99 45 52 45.9 45.85 44 42.99 34.9 49.99 45 47 49.9 59 49 44.65 41.99 51 43.67 43.32 45 49.89 
49.89 21 34.9 49 45 45.85 40.99 59 47 43.67 45 44 49.9 49.99 44 42.99 49 44.99 49.99 45.9 44.99 41.99 46 45 44 52 45.04 48.92 51 39.69 43.32 29 44.65 
43.67 52 43.32 45.85 44 40.99 59 46 44 45.04 47 47 45 49.9 45 49.89 44.65 44.99 49.99 42.99 39.69 29 48.92 49 51 41.99 45.9 49.99 45 49 21 44.99 44 
49.99 49.9 45.85 49 34.9 47 49.99 45 47 43.32 40.99 44.99 41.99 44.65 44 45 46 44 21 44 39.69 49 51 45.04 48.92 44.99 45 59 52 42.99 49.89 45.9 43.67 
45.85 42.99 52 44 46 47 45 49 40.99 59 34.9 44 49.99 44.99 29 47 43.32 44 45 49.9 45.04 44.65 44.99 48.92 49 41.99 51 49.99 39.69 45 49.89 43.67 21 
19.99 30 149.99 26 30 19.9 30 15 30 29 19 26 29 26 9.95 24.9 22 9.99 25 19.99 30 9.99 13 19 19 30 19 14.97 19 26 19 22 14.97 9.95 
