32 34
45 45 52 49.89 44 49 48.92 45 49.99 44.99 44 45.04 43.32 43.67 45.85 45.9 47 44.65 42.99 51 44.99 21 39.69 44 41.99 49.9 29 47 34.9 49 49.99 40.99 59 
49.99 45.85 45.9 43.32 45 47 39.69 59 34.9 44 52 49.89 49.99 45.04 49 43.67 44 44.99 40.99 48.92 44 42.99 44.65 21 47 29 51 49 49.9 41.99 44.99 46 45 
41.99 40.99 49.89 45.04 49.99 51 42.99 21 44.99 47 49 44 45 34.9 45.85 29 44.65 45.9 49.99 47 45 44 44.99 49.9 45 46 49 48.92 43.67 59 52 39.69 44 
49 49.89 45 47 45.04 45.9 59 41.99 43.67 21 44.99 45 46 40.99 52 49.99 44 49 29 42.99 48.92 34.9 49.99 49.9 51 43.32 44 45.85 45 44.99 39.69 44 44.65 
45.04 59 45 43.32 45.9 40.99 49.9 49.89 44.65 44 49 44.99 44 44.99 29 44 47 47 39.69 49 34.9 21 43.67 45 42.99 46 49.99 49.99 45.85 48.92 51 45 52 
48.92 46 45.04 47 43.67 45 42.99 49.9 49.99 21 44 49 40.99 44.65 51 52 47 49 59 43.32 44 44.99 41.99 34.9 45.9 45 39.69 44 45 49.89 45.85 49.99 44.99 
43.67 49.89 44.65 49.99 59 44 51 49 44 42.99 29 45 39.69 45 47 49 43.32 40.99 48.92 46 52 45.85 44 34.9 21 49.99 41.99 47 45.04 49.9 45 44.99 44.99 
44.99 44.99 43.67 49.99 44.65 29 44 49 45.04 47 44 45.9 40.99 46 41.99 59 45 51 44 34.9 42.99 45 47 21 45 45.85 43.32 52 49.99 49.9 48.92 49 49.89 
47 45 49.9 44.99 51 44.65 42.99 44.99 39.69 44 49.89 29 49.99 45 34.9 52 48.92 49 49.99 45.04 44 44 45.85 45.9 47 41.99 49 43.67 21 43.32 45 40.99 59 
45.85 46 45.9 49.89 48.92 44 47 44 44.99 47 42.99 51 44 49.9 45 34.9 29 45 43.67 43.32 49.99 45 49 44.99 21 52 40.99 59 39.69 49 41.99 44.65 49.99 
48.92 45 40.99 59 44 49.99 42.99 49.9 47 46 49 45 34.9 49.99 21 45.04 43.32 45.85 43.67 47 44 41.99 44.65 39.69 49 49.89 44.99 51 45 44 29 45.9 52 
49 45 46 43.32 49.99 47 48.92 44.65 49.89 42.99 47 44 29 21 52 44 43.67 49.9 41.99 40.99 49.99 34.9 45 44.99 45.04 45 45.9 44.99 51 39.69 49 45.85 44 
43.32 44.65 41.99 43.67 45 40.99 49.99 52 21 42.99 44 44 49.99 49 44.99 47 45.04 49.9 29 44 48.92 49.89 45 49 46 44.99 45.9 45 39.69 45.85 47 59 51 
45.04 44 45.9 34.9 44 41.99 43.32 45.85 45 49.99 44.99 52 51 45 47 21 49.99 44.99 39.69 45 44 59 42.99 49.9 46 44.65 49 47 40.99 43.67 49 48.92 29 
34.9 45.85 52 39.69 29 21 44.99 45.9 45 40.99 49 49.99 41.99 44 47 45 48.92 49.99 44 44.65 44.99 43.67 59 46 42.99 44 49.89 51 45 43.32 49 49.9 45.04 
45.04 49.89 44.65 39.69 45.85 43.67 45.9 59 45 47 44 49 52 49.9 47 45 48.92 44 43.32 44 49.99 29 34.9 45 44.99 21 40.99 49.99 41.99 51 44.99 42.99 46 
59 34.9 44.65 43.32 43.67 40.99 44 42.99 29 44.99 41.99 49.99 46 49.9 49 47 44 47 49 45 51 45.04 45 49.89 39.69 44 21 48.92 45.85 44.99 45 49.99 52 
46 34.9 42.99 44 49.99 44 45 44.65 45.9 45.85 44.99 59 39.69 29 43.67 49.9 44 51 49.99 48.92 40.99 45.04 52 41.99 21 45 43.32 47 45 44.99 47 49.89 49 
39.69 49.99 43.67 45.85 44 21 44 46 44.65 49 47 52 34.9 49.99 44 42.99 49.9 41.99 40.99 44.99 29 47 44.99 45 45.9 59 45 43.32 49.89 49 48.92 45.04 51 
47 49.99 46 48.92 47 43.67 29 44 40.99 44.65 42.99 45 49 43.32 34.9 44.99 45.9 45 44 49 44.99 45.85 49.9 52 49.89 45 51 21 39.69 49.99 41.99 59 45.04 
44.65 45 34.9 45.04 41.99 40.99 45.9 49.89 49.99 42.99 49.99 49 39.69 21 52 44 44 45 43.32 46 59 44.99 45.85 51 47 29 43.67 44 49 49.9 48.92 44.99 47 
39.69 47 42.99 47 45.9 48.92 43.32 44 44.65 49.89 45 44 45 59 49 21 44.99 34.9 44 45.04 49.99 44.99 49.99 45.85 46 51 43.67 52 40.99 45 49.9 49 41.99 
47 49.99 49.99 49 45 34.9 47 29 45.85 49.89 43.67 45.9 44.99 49 52 46 44.99 59 51 42.99 41.99 45 45.04 48.92 45 43.32 49.9 39.69 44 21 44 40.99 44 
44 45.85 47 45 49 47 45 46 34.9 44.99 42.99 44.65 49 49.99 43.32 48.92 29 51 45 49.89 49.99 40.99 44.99 41.99 45.04 44 52 44 39.69 21 59 43.67 49.9 
44.65 42.99 43.67 47 41.99 47 39.69 45.9 49.9 44.99 21 46 43.32 29 45.04 49 49.89 45 44.99 45 40.99 49.99 44 52 51 44 45 45.85 34.9 48.92 44 49 49.99 
45.9 41.99 44.99 49.9 43.67 49.99 42.99 49.89 34.9 21 48.92 45 29 39.69 46 45.04 44 47 43.32 51 49 40.99 59 47 45.85 44.65 44 52 45 44.99 45 49 44 
34.9 46 45.85 44.99 49.89 45.04 49.9 44.99 21 44.65 43.67 43.32 45.9 41.99 49.99 49 47 48.92 29 51 39.69 47 59 49.99 42.99 44 44 45 44 52 45 45 40.99 
49 49.99 45 59 45 49 43.32 34.9 44.99 48.92 29 45.04 40.99 41.99 39.69 44 45 49.9 49.99 46 44 47 51 44.99 42.99 43.67 47 45.9 52 44 49.89 44.65 45.85 
49.99 59 21 51 49.89 40.99 44 44.65 52 29 46 44 44.99 43.32 43.67 48.92 45.9 41.99 42.99 39.69 44 44.99 49.99 34.9 49.9 45.85 45 47 45 45 49 49 45.04 
44 49 45 44.99 52 45.85 46 39.69 47 45 59 49.99 49 21 45 43.67 29 43.32 51 44.99 45.04 44 44.65 49.9 40.99 42.99 49.99 49.89 41.99 34.9 48.92 47 45.9 
44 43.32 47 49.89 45.85 59 46 34.9 44.99 44 44.99 47 49.99 45.9 21 51 43.67 41.99 48.92 49 45 45.04 44 40.99 42.99 45 49.99 49.9 45 52 39.69 49 44.65 
44 40.99 49.99 45 42.99 45 52 41.99 49.9 44.99 21 45.04 43.67 29 45 44 49 44 44.65 46 48.92 45.9 34.9 45.85 49 39.69 59 49.89 44.99 47 43.32 47 51 
34.9 49.89 47 52 40.99 49.99 44 59 44.99 43.67 49 45 45.04 45.85 51 42.99 49.99 29 44 47 44.99 45.9 46 44.65 44 45 41.99 48.92 45 49 39.69 43.32 49.9 
43.32 46 44 44.65 52 44.99 47 44.99 45 49 43.67 40.99 49.9 48.92 42.99 49.99 29 49.99 39.69 49.89 44 47 44 45.9 59 45.85 45 41.99 21 51 49 45 45.04 
17 30 29 19 14.97 18 25 26 18 19.9 15 12 9.95 26 35 25 14.97 14.97 21 18 19.9 9.95 9.95 19 19 17.9 24.9 19.9 9.99 22 30 14.97 25 25 
