32 34
21 49 45 49 49.99 44 41.99 46 59 43.32 39.69 51 44 42.99 47 48.92 45 44.65 45.85 49.9 45 44 40.99 29 49.99 34.9 45.04 43.67 47 49.89 44.99 45.9 52 
40.99 45 48.92 49 43.32 49.99 43.67 44.99 39.69 44 45.9 44 52 49.9 29 45 45 42.99 47 46 51 21 49.89 45.85 41.99 44.65 47 44 44.99 34.9 49 59 49.99 
49 45.04 40.99 42.99 45.9 49.89 44.99 49.99 43.67 46 43.32 21 48.92 51 49.9 44 45 45 44 47 44.99 39.69 52 44.65 59 49 49.99 34.9 29 41.99 45 44 47 
29 49.9 48.92 44 59 47 21 49 47 49.99 45.85 45.04 49.99 44.99 45 52 45.9 46 44 44 39.69 42.99 45 34.9 45 44.99 41.99 43.67 44.65 43.32 49.89 49 51 
47 49 44 52 34.9 46 40.99 49.9 41.99 49.99 49.99 51 45.04 59 43.32 47 48.92 49 49.89 44 44.99 45.85 45 45 42.99 44.65 45.9 43.67 39.69 21 45 44 29 
29 45.85 49.99 43.32 42.99 46 40.99 45.04 49 47 39.69 49.99 44.65 49.89 45.9 52 34.9 45 41.99 44.99 21 44 49 44 43.67 44.99 51 48.92 49.9 47 44 45 45 
44.99 39.69 49 44.65 40.99 21 45 45.85 49 45 41.99 42.99 47 44 48.92 49.99 45.04 44.99 44 47 45 44 34.9 52 29 43.67 45.9 51 59 46 49.9 43.32 49.89 
45 44 43.32 43.67 44.65 51 40.99 39.69 44 49.99 44.99 47 42.99 41.99 34.9 45.04 49 47 59 46 49.89 29 45.85 45.9 49 45 21 52 48.92 44.99 45 44 49.99 
45.9 43.32 44 40.99 44.99 34.9 51 29 49 46 42.99 43.67 49 39.69 44.65 59 21 41.99 44.99 45.04 45 52 49.9 49.99 44 49.99 45 45 47 49.89 44 47 48.92 
21 42.99 44.99 45.04 40.99 45.9 43.32 49.9 44.65 34.9 49 49.99 44 59 47 49.89 44.99 49.99 45.85 45 49 45 45 41.99 47 46 52 51 29 44 48.92 43.67 39.69 
44.99 44.65 46 42.99 45.04 43.67 45 49.99 44.99 51 40.99 43.32 41.99 29 47 48.92 45.85 44 49 49.99 49.89 44 52 45 44 39.69 49 45.9 45 34.9 47 21 49.9 
52 45 34.9 45.9 43.67 49.99 51 44.99 49.9 21 45 43.32 48.92 44.65 49 59 45.04 44 42.99 45 46 44 44.99 49.99 39.69 49 47 40.99 41.99 49.89 29 45.85 44 
39.69 44 47 49.9 21 44.99 44.99 45 59 29 34.9 45.9 45.04 49.89 44 45.85 51 40.99 49.99 47 45 52 41.99 49 45 44.65 48.92 42.99 49 44 46 43.67 43.32 
45 44 21 41.99 49 46 43.32 49.99 44 52 48.92 49.99 44.99 45 44.65 40.99 29 49 45 42.99 45.04 47 45.9 49.89 59 47 44 43.67 34.9 45.85 49.9 39.69 44.99 
21 59 44 44.65 45.04 46 45 52 43.32 44.99 49.89 44 45 49 40.99 45.9 44 47 49.99 44.99 45 49 39.69 29 51 43.67 41.99 49.9 47 42.99 34.9 45.85 48.92 
43.32 44 47 59 44.99 49.9 29 46 45.9 45 48.92 41.99 44.99 51 45 52 47 44.65 40.99 49.99 39.69 49 43.67 34.9 49 45.04 44 21 49.99 42.99 44 49.89 45 
43.67 47 51 47 44.65 49 49.99 45 45.85 29 44 45 44.99 44 44.99 39.69 49.99 45 45.9 42.99 49.9 52 34.9 44 59 40.99 43.32 41.99 45.04 49.89 49 48.92 21 
48.92 34.9 49 51 40.99 44.99 45.9 45 47 49.99 42.99 43.67 29 47 44.65 45 44 44.99 49.89 43.32 49.99 49.9 21 45.04 45 46 44 44 45.85 39.69 59 52 49 
45 34.9 49.99 49 21 51 40.99 44 48.92 44 49.9 59 42.99 45.85 47 44.65 39.69 49 46 45.04 29 45 45 44.99 43.32 52 45.9 44 49.89 43.67 44.99 49.99 41.99 
34.9 45 45 49.9 47 40.99 59 49.99 44 47 44 46 41.99 43.67 43.32 49.89 48.92 39.69 42.99 45.85 45.9 44.99 52 49 45.04 44 21 49 29 49.99 44.65 51 44.99 
45 39.69 29 51 52 45 49 47 45.85 43.67 49 46 21 47 49.89 48.92 42.99 49.99 40.99 49.9 44 45 49.99 44.99 43.32 45.04 41.99 45.9 44.65 44 34.9 59 44 
43.32 49.9 45.85 45 46 44.99 44 45.9 47 49 44.99 47 49 49.89 39.69 43.67 59 52 44.65 29 44 42.99 51 45 41.99 49.99 49.99 40.99 44 34.9 21 45.04 48.92 
29 40.99 21 44.65 49.9 44 43.67 49.99 49.99 45 49 49 47 48.92 52 44.99 42.99 49.89 45.04 45 44.99 45 44 39.69 47 59 43.32 41.99 44 51 45.9 45.85 34.9 
52 51 44 39.69 40.99 44 45 43.32 44.65 42.99 59 45.9 49 43.67 49.89 49.99 21 47 44 41.99 45.85 45.04 49.99 48.92 44.99 47 45 49 29 49.9 34.9 45 44.99 
44.99 49 49.89 45 49.9 41.99 45.85 43.32 45.9 39.69 42.99 44.65 44 51 52 43.67 49.99 45.04 45 44 48.92 44.99 59 21 34.9 47 49 40.99 47 46 49.99 45 44 
44 47 45.85 29 21 45.04 49.9 45 47 45 49 39.69 59 46 52 49.99 43.67 44.99 44.65 42.99 40.99 45.9 49.99 44.99 44 49.89 51 41.99 49 34.9 45 43.32 44 
49 42.99 51 45 52 21 44.65 46 34.9 44.99 43.32 47 40.99 44.99 45 45 41.99 49.99 49.89 44 49 29 45.85 44 47 39.69 59 49.9 45.04 43.67 45.9 49.99 48.92 
47 49 44.99 44 45.04 40.99 51 41.99 42.99 45.85 43.32 47 44 29 48.92 49 21 45 44.99 59 49.99 39.69 45 44.65 49.9 52 49.99 45 45.9 49.89 46 44 34.9 
44 45 49.9 34.9 44.65 49.99 41.99 29 43.32 21 44 45.85 49 45.04 39.69 45.9 49 59 45 47 45 40.99 48.92 46 49.99 44.99 42.99 43.67 44.99 51 49.89 44 52 
39.69 45.85 44.65 42.99 44.99 49.99 49.99 29 43.67 44 43.32 51 49.9 44.99 52 49.89 46 44 40.99 34.9 49 45 45.9 45 44 47 59 41.99 49 48.92 47 45.04 45 
45 59 49.9 44 45.04 29 49.89 44.99 52 47 49.99 48.92 44.99 39.69 44.65 44 45 45.9 45 21 43.67 41.99 45.85 49 49 34.9 49.99 46 40.99 42.99 51 43.32 44 
39.69 44 41.99 49 42.99 49.89 47 47 34.9 49 46 45.04 49.99 21 43.67 44 59 45 29 44.65 45 45.85 44 49.9 45 44.99 49.99 43.32 52 44.99 40.99 51 45.9 
44.99 29 44 43.32 45 49 39.69 47 45.9 45.85 49 49.89 45 51 44 44.99 49.9 49.99 42.99 45 52 49.99 40.99 47 43.67 45.04 48.92 34.9 46 21 44 41.99 59 
49 44 45 49.9 40.99 34.9 44.99 44 44.65 52 47 29 21 45 44.99 49.99 48.92 49.99 45.9 44 45.85 51 41.99 47 43.32 49.89 43.67 45.04 39.69 46 49 45 59 
13 15 19 29 17.9 18 17.9 17.9 15 14.97 9.95 29 19 14.97 30 19 20.99 24.9 30 15 14.97 12 25 15 17.9 21 30 25 17.9 25 19 15 15 19 
