32 34
34.9 45 39.69 44.65 45.04 45 49.89 51 49 44.99 44.99 43.32 44 21 45.9 49.99 40.99 45 49 49.9 47 48.92 45.85 44 46 29 42.99 52 47 43.67 44 41.99 59 
47 49.99 49 44.99 49.89 44.99 21 44.65 45.85 42.99 48.92 45 51 52 41.99 43.67 44 40.99 45 47 29 45.9 45.04 59 34.9 49.99 45 43.32 44 44 39.69 49 49.9 
44 45 43.67 49 45.9 49.99 47 47 46 49 49.89 44 52 49.9 45.85 39.69 49.99 51 59 41.99 44.65 21 45.04 44.99 44.99 43.32 48.92 42.99 44 45 45 34.9 29 
51 45.04 49 41.99 44.99 45 44 47 45 59 21 44.99 45.9 49.99 34.9 49.99 49 42.99 52 49.89 45 40.99 46 43.67 39.69 49.9 43.32 48.92 45.85 44.65 44 44 47 
44.99 29 44 34.9 40.99 49 45.85 49.99 45 43.32 45 48.92 39.69 21 47 52 44.99 45.9 44 45 49.89 49.9 49.99 41.99 43.67 59 49 51 42.99 46 45.04 44.65 47 
44.65 43.32 44.99 49 52 45.85 29 49.99 44 41.99 45 44.99 51 49.99 34.9 49.9 49.89 44 59 44 39.69 47 43.67 21 45 45.04 45.9 47 49 42.99 45 48.92 40.99 
44.99 49.9 49.89 47 44.99 44 43.67 49 59 49.99 48.92 44.65 39.69 47 45 29 43.32 44 45 49.99 45.9 34.9 52 49 42.99 21 46 51 45 45.85 45.04 41.99 40.99 
45.04 21 51 45 49.99 45.85 44 44.99 49 44 34.9 39.69 44 46 42.99 40.99 43.67 44.65 44.99 47 49.99 47 45 48.92 49 43.32 52 45.9 59 41.99 49.9 45 29 
39.69 44.99 47 42.99 47 59 49 51 44.65 48.92 21 44 49 34.9 41.99 45.04 49.9 29 43.67 44.99 45 46 43.32 45.9 49.99 44 49.89 45 40.99 52 45 44 49.99 
41.99 45.85 44.99 46 45.9 49 44 40.99 39.69 34.9 49.9 45 49.99 59 49.89 44.65 49.99 43.67 44.99 51 49 45.04 29 45 42.99 52 45 44 44 21 48.92 47 47 
51 21 45.04 44 39.69 45.9 59 48.92 49.9 49 44.65 44.99 47 44 49.99 49.89 44 34.9 45 43.67 41.99 45 40.99 44.99 46 29 45.85 47 45 42.99 52 43.32 49.99 
34.9 21 39.69 47 46 42.99 44.99 45 44 45.9 49 49.89 49.9 43.67 41.99 49.99 44.99 49.99 45.85 45 47 48.92 45 59 43.32 44.65 49 29 44 52 40.99 51 44 
45 44.65 41.99 34.9 47 49.9 49.99 48.92 49.89 45 39.69 21 44 47 43.32 29 45.9 45.04 45.85 44 43.67 51 45 49.99 49 46 42.99 44.99 44 49 52 44.99 59 
45.9 49 44.99 21 45.85 49.9 44 41.99 45 44.99 29 51 47 52 48.92 43.67 45.04 45 44 44 49.89 47 49 43.32 49.99 40.99 45 46 49.99 39.69 44.65 59 34.9 
52 42.99 39.69 47 46 34.9 48.92 43.67 45 51 40.99 49 45 43.32 45.04 21 41.99 44.65 49.99 45 47 44 44 45.9 44.99 44.99 29 59 49.99 49.9 44 45.85 49.89 
45.85 43.32 52 44 48.92 47 44.99 45 34.9 45.9 45.04 40.99 49 43.67 51 21 44.65 49.9 49.99 47 44.99 39.69 45 45 49.99 44 41.99 44 59 29 46 49 42.99 
45 21 49.99 42.99 44 49.99 45 44 46 52 44.99 47 34.9 51 41.99 43.67 45.9 44 39.69 43.32 44.65 45.04 49 47 49.9 49.89 45 40.99 45.85 44.99 48.92 49 59 
41.99 49 49.89 21 46 49.99 43.32 42.99 45.9 47 40.99 39.69 49 49.99 44 44.99 45 45 43.67 44 47 44.65 34.9 51 45.85 59 45 45.04 44 49.9 44.99 29 48.92 
42.99 39.69 45 48.92 21 43.67 49.9 46 59 45.04 44 45.9 45 45 49.99 47 41.99 44.99 44 44.65 45.85 43.32 44.99 40.99 49.89 47 34.9 29 51 49.99 49 52 44 
44 46 42.99 43.32 49.99 39.69 44.99 59 49 47 45 49 51 52 45 49.9 45.9 34.9 48.92 44 45.04 43.67 44 44.99 44.65 45.85 45 47 41.99 49.89 21 29 40.99 
44.99 39.69 51 45 49.99 59 47 45.85 49 47 45.9 43.67 41.99 42.99 45 48.92 49 21 49.99 29 40.99 44.99 46 45.04 44 44 44.65 49.89 44 49.9 45 43.32 52 
49.99 46 48.92 44.99 42.99 45.9 49 41.99 49.89 59 39.69 44.65 47 44 40.99 21 43.32 45 44 45.85 49 45 47 34.9 44.99 29 51 45 49.99 45.04 43.67 44 49.9 
45 47 43.67 43.32 44 42.99 46 49.99 44 39.69 29 45 40.99 49 41.99 49.9 45.85 47 45.04 49.99 44 51 45 44.65 34.9 44.99 21 49 59 52 48.92 49.89 45.9 
40.99 49 49.9 48.92 44.99 47 41.99 45.9 45 39.69 44 43.67 49.99 45 49.99 42.99 21 45.85 49 46 34.9 45 44 29 51 44 43.32 52 45.04 59 47 44.99 49.89 
44 49.89 44 42.99 43.67 44.99 59 43.32 51 40.99 47 45.9 49.9 48.92 29 39.69 44.99 45 44.65 52 47 49.99 49 45 49.99 45.85 45 21 46 44 45.04 49 34.9 
44.99 43.67 44.99 46 41.99 49 47 44.65 47 59 44 45.9 45 44 39.69 49.99 49 45 40.99 44 43.32 45.04 49.99 34.9 51 45.85 49.9 52 21 29 42.99 48.92 45 
44 49.9 49.89 45.85 45 45.9 49.99 41.99 49 47 40.99 49.99 34.9 44.99 48.92 45 49 39.69 52 43.67 44.65 44 29 21 42.99 44 43.32 46 44.99 47 45 51 45.04 
59 43.32 45 45.9 44.65 49.89 45 21 29 45.85 40.99 47 41.99 52 42.99 51 49 48.92 49.9 49.99 45 47 49.99 34.9 43.67 49 44.99 45.04 44 44 46 39.69 44 
43.32 42.99 49 41.99 44 49.99 49 49.9 48.92 45.04 44.99 45.85 46 45.9 45 47 44.65 34.9 52 59 44.99 47 51 44 21 45 39.69 40.99 49.99 45 29 44 49.89 
47 48.92 44.99 49.99 52 45 44 44 29 34.9 49.99 41.99 45.04 47 45.9 46 59 44.65 45.85 45 21 43.32 45 51 40.99 49 49 44 42.99 49.9 44.99 49.89 39.69 
49.89 51 34.9 45.85 21 45 41.99 59 52 45.9 49.99 45 43.32 48.92 44 44.65 45 44.99 43.67 44.99 49.99 49 44 29 39.69 49 46 42.99 44 47 49.9 45.04 40.99 
44.99 45.85 49.99 47 21 42.99 45 59 41.99 47 45.9 51 44.65 48.92 45.04 49.99 49 52 34.9 44.99 46 39.69 45 44 45 29 44 43.32 49.9 40.99 49 43.67 44 
42.99 45.9 45.85 45 40.99 46 49 45.04 49.89 49 49.99 21 52 34.9 44.99 48.92 39.69 49.9 44 44.99 49.99 51 47 43.67 44 45 29 43.32 44.65 41.99 45 59 44 
49.9 44.65 52 45 44.99 49 40.99 47 45.85 43.67 41.99 47 44 39.69 43.32 21 42.99 49.99 49 44 29 48.92 44.99 34.9 45 46 59 51 45 49.89 45.04 49.99 44 
17.9 19.99 25 17.9 14.97 12 19 12 25 22 20 20 24 19.99 19 30 14.97 17.9 20.99 19.9 30 19 24 19 19 19 13 13 30 24 20 35 12 14.97 
