32 34
44.65 45 45 43.32 49.89 48.92 39.69 29 46 44 44.99 44 45 51 47 45.9 34.9 49 21 59 49.99 41.99 45.04 49 45.85 40.99 49.99 52 49.9 42.99 47 43.67 44.99 
45.04 43.32 44 59 40.99 45 49.99 46 41.99 44 45.85 42.99 44 39.69 49.9 49 45.9 45 49.99 44.99 51 21 45 48.92 47 52 49 47 49.89 34.9 44.99 44.65 29 
45 47 40.99 49.9 43.32 45.85 44.99 45.04 49.99 49 44.65 48.92 45 52 41.99 42.99 39.69 21 43.67 51 46 45.9 44 44 45 49.89 49.99 49 44.99 59 47 34.9 44 
21 59 44 49.9 45.9 49.99 49 45.85 44 45 52 43.67 47 47 44.99 44 34.9 42.99 39.69 49 43.32 49.89 46 40.99 49.99 45 41.99 51 45 44.65 29 48.92 44.99 
29 59 49.99 49.99 49 40.99 48.92 51 52 49.9 44.65 45.85 47 45 49 49.89 46 45 44 44 41.99 45.9 21 45.04 44 44.99 34.9 39.69 42.99 43.67 45 43.32 44.99 
43.67 49.99 29 39.69 49.9 40.99 44.99 43.32 47 44 44.65 52 34.9 45.04 49 49 45 44 45 45.85 49.99 21 48.92 46 49.89 45.9 51 59 44 42.99 44.99 47 45 
49 45.9 49.9 44 44 43.67 52 43.32 44.65 40.99 45 47 44.99 59 45 49.99 34.9 49.99 44 51 42.99 21 45 49 47 44.99 45.04 48.92 49.89 45.85 29 41.99 39.69 
44 40.99 44 42.99 45 43.67 45 52 43.32 49.99 34.9 45.85 49 46 21 44.99 49 47 51 59 44.99 39.69 29 47 45.9 44 48.92 44.65 49.89 49.99 45.04 45 49.9 
49.99 48.92 45 40.99 59 45 44 49.99 51 39.69 49 47 44.65 49.9 49 41.99 45.04 52 45 46 34.9 29 44 21 44.99 49.89 47 44 45.85 43.67 44.99 42.99 43.32 
47 39.69 44 51 43.67 59 45.9 44.99 21 44 44.99 49 45 49.99 45.04 49.9 45 48.92 45.85 43.32 49.99 44 42.99 40.99 47 41.99 52 49 49.89 45 46 29 34.9 
45 49.9 47 39.69 44 45 51 49 40.99 44.65 41.99 29 44 47 52 45.9 21 49.99 43.32 42.99 48.92 59 49 45 45.85 46 45.04 44 49.89 49.99 34.9 43.67 44.99 
47 47 41.99 43.67 45.9 29 42.99 49 44.99 48.92 43.32 44 49.9 49.99 39.69 59 45 49.89 44.65 49.99 49 45 46 40.99 45.04 44.99 34.9 52 51 45.85 44 44 45 
45 45.04 44 49 41.99 44 46 44.99 45.85 44.99 39.69 49 49.99 44 52 49.99 45 48.92 21 40.99 45.9 45 34.9 42.99 44.65 59 47 43.32 49.89 51 49.9 47 29 
45 45 52 49.99 47 43.32 29 45.85 49.99 45.9 45.04 34.9 47 44.65 49 21 49 48.92 43.67 45 40.99 39.69 42.99 51 44 44.99 59 44 49.9 41.99 44 44.99 46 
42.99 44.65 49.9 49 41.99 45.04 49.99 44 47 45 40.99 45.9 39.69 49.99 49.89 43.32 45 59 21 45 29 49 44 43.67 44.99 45.85 52 47 34.9 51 46 44.99 44 
59 41.99 45.9 44.99 48.92 43.32 49 44.65 47 44 45.85 45 39.69 45 45.04 52 29 44 46 49.99 49 44.99 34.9 21 47 43.67 45 49.9 49.89 51 42.99 49.99 40.99 
49.9 46 39.69 49 44.65 44.99 45 43.67 45.04 44 51 52 49.99 34.9 48.92 42.99 43.32 40.99 47 47 45 49.99 49.89 44 45.9 45.85 41.99 49 45 29 21 59 44 
34.9 49 44 44.99 42.99 44.99 59 39.69 49.9 44.65 47 45.85 49.89 47 51 43.32 46 49 44 45.04 41.99 44 45 21 43.67 45 40.99 52 29 45 49.99 45.9 49.99 
21 59 39.69 43.32 45 47 44 49.99 34.9 46 48.92 40.99 43.67 29 49 45 41.99 47 51 49.99 44.65 44 45 42.99 44.99 49.89 45.04 44.99 49.9 49 45.9 44 52 
49.99 48.92 49.9 49.99 45.04 49 46 52 45 49.89 47 39.69 59 42.99 45 43.32 40.99 21 51 45.85 44 34.9 47 45 29 49 44.99 44 44 41.99 45.9 43.67 44.99 
44 41.99 45 21 44 49.99 45.9 59 51 43.32 47 44.99 47 49 44 44.65 45.04 49.89 49.99 48.92 46 43.67 45 40.99 49 45 44.99 45.85 42.99 52 39.69 34.9 49.9 
59 45.85 49.89 44.99 47 44.65 45.9 45.04 49 45 42.99 48.92 40.99 49.9 41.99 49.99 34.9 44 21 46 47 29 39.69 43.32 52 44 43.67 51 49 45 44.99 49.99 44 
45 43.32 43.67 49 52 40.99 44 59 48.92 21 49.99 42.99 45.04 44 47 49.9 44.65 44.99 45.85 45 44 51 49 34.9 45 47 39.69 49.99 46 41.99 29 44.99 49.89 
34.9 49.99 44 44.99 45 59 49 44.99 49.9 45.9 47 44 49 45 44 40.99 49.99 44.65 45 43.67 47 29 51 43.32 21 46 49.89 41.99 48.92 45.04 39.69 42.99 52 
49.9 45.04 42.99 49.99 45 43.67 49.89 41.99 44 21 45 48.92 47 49 49 39.69 51 45.9 44.99 46 45 45.85 44.99 44.65 59 49.99 43.32 44 40.99 44 34.9 29 52 
21 47 52 49 46 44.65 49 48.92 45.85 45 29 45 44 43.67 49.99 44.99 45.04 44 45 40.99 45.9 47 39.69 49.99 44.99 42.99 34.9 41.99 49.9 44 51 59 49.89 
44.65 46 45.85 44.99 43.67 48.92 51 45 49.9 47 52 45 39.69 45.04 29 45 44 43.32 40.99 49.99 44.99 49.99 44 47 34.9 41.99 49 44 21 49 49.89 45.9 59 
59 45 21 29 45 44 45 34.9 45.85 46 41.99 40.99 47 45.04 44.99 49 47 48.92 44 44 43.67 49.9 43.32 39.69 42.99 51 49.89 49.99 49 49.99 44.99 45.9 44.65 
43.67 41.99 45 45 21 44 46 42.99 44 40.99 49 49 52 44.99 39.69 45 47 45.85 49.99 44 45.04 47 49.99 49.89 34.9 29 45.9 44.99 44.65 59 51 43.32 48.92 
49 43.67 49 47 44.65 44 49.99 52 42.99 21 46 49.99 49.9 45.9 49.89 45 51 44.99 45 41.99 44 34.9 47 45.85 43.32 45.04 44 45 48.92 44.99 59 39.69 29 
34.9 49.99 51 45.9 29 49.89 49 40.99 47 44 52 43.67 44.65 43.32 44.99 49.9 45.85 49 48.92 45.04 46 44 21 44 45 47 39.69 41.99 42.99 44.99 45 45 49.99 
42.99 49.99 45.85 47 44.65 46 49.99 45.04 29 44 44.99 41.99 45 49.89 43.67 44 45 47 40.99 43.32 44 49 51 44.99 45.9 49 39.69 59 45 48.92 52 49.9 21 
44 43.32 45 42.99 44.99 44 49.89 48.92 29 49.99 39.69 51 44.99 59 21 40.99 45 49.99 49 47 45.04 43.67 44 41.99 45.9 34.9 49.9 45.85 44.65 46 49 45 47 
42.99 59 45.04 44 44.65 39.69 47 44.99 45.85 45 52 43.67 45 49 49.99 44 40.99 49 46 21 49.89 29 48.92 49.9 41.99 47 44.99 43.32 34.9 45 45.9 49.99 44 
149.99 17 15 15 25 17 14.97 30 19 19 29 22 15 20 22 29 9.99 15 20 19.99 17.9 35 149.99 25 15 30 17.9 30 30 20.99 20.99 9.99 25 24 
