32 34
48.92 49.9 44 45.9 47 43.67 45 43.32 29 47 34.9 49 59 44.65 44 44.99 45 44 40.99 49.99 51 21 45.85 39.69 49.99 41.99 49.89 49 46 45 44.99 52 42.99 
45.9 51 40.99 44 48.92 44 49.89 46 44.65 43.32 43.67 29 52 49.9 45.04 21 41.99 45.85 42.99 59 49 45 45 45 44 44.99 49.99 44.99 49 39.69 49.99 47 47 
21 49.99 44.99 44 44 45.85 45 39.69 46 49.89 49 44 45 45 40.99 48.92 49 51 41.99 43.32 43.67 49.99 44.65 47 45.9 45.04 47 52 42.99 59 44.99 29 34.9 
49 44.99 49 49.99 47 41.99 44 43.32 21 45.04 44 29 44.99 45.85 40.99 39.69 43.67 34.9 59 44 44.65 48.92 47 46 42.99 45 49.89 49.9 45 51 49.99 45.9 52 
52 49 40.99 45.85 45.9 43.32 49.99 49 44 49.99 44.99 44.99 59 51 45 45 43.67 41.99 21 47 45.04 49.89 46 48.92 47 44 34.9 49.9 45 44.65 44 29 42.99 
40.99 44.99 29 45.04 47 44 39.69 41.99 49.9 42.99 49.89 47 49.99 45.85 45.9 49 45 59 44 48.92 43.32 43.67 45 44.65 21 49 34.9 52 46 51 45 44 49.99 
49.99 29 49 47 45.9 44.99 49.99 34.9 48.92 45 42.99 40.99 21 49 46 43.32 45.04 44 49.9 44.99 52 44.65 51 41.99 45.85 59 43.67 44 44 49.89 45 45 39.69 
39.69 43.32 44 46 29 45 49.9 44.99 45 43.67 49.89 49 34.9 44 44.65 45.9 51 40.99 49.99 47 45.85 49 49.99 59 44 52 42.99 47 21 45.04 44.99 48.92 41.99 
39.69 44 49.9 45.85 45 45 49.99 34.9 42.99 47 29 49.99 44.65 46 44.99 40.99 47 52 45.04 43.32 44 41.99 59 49.89 21 44 48.92 49 51 45 49 45.9 43.67 
48.92 52 44 47 40.99 39.69 44 49 41.99 34.9 51 49 45 44 47 44.99 46 45.85 42.99 21 44.65 49.89 43.32 49.99 45 49.9 45.9 44.99 45.04 59 29 49.99 43.67 
39.69 49.99 47 49.89 21 49 44.99 41.99 45.04 44 44 51 44 29 45 52 44.99 45 45.85 40.99 59 34.9 43.32 45.9 49 44.65 46 42.99 45 43.67 48.92 47 49.9 
45.9 21 45 43.67 45.04 29 41.99 47 49 49.99 44.99 49.89 44.65 59 45 42.99 44 49 40.99 45.85 44 44 44.99 49.99 46 45 52 34.9 48.92 43.32 39.69 49.9 51 
45.9 34.9 49 29 49.89 45.85 44 49 44.99 49.99 45 40.99 44.65 48.92 45 52 45.04 39.69 51 45 43.32 21 42.99 47 44 47 49.99 44 46 59 41.99 44.99 43.67 
49.99 45 48.92 45.85 52 45.04 41.99 39.69 49 46 40.99 49 44 49.89 49.99 45.9 44.99 44 44.99 47 43.32 45 34.9 51 47 43.67 45 42.99 44.65 44 49.9 29 21 
59 48.92 44 49.9 45.04 44.99 40.99 39.69 44.65 21 29 45.85 49.99 47 45 45.9 52 44.99 45 44 49 44 45 43.67 34.9 41.99 49 47 46 51 49.89 49.99 43.32 
44 45.85 49 46 45.04 49.99 39.69 34.9 43.32 59 45 41.99 49.9 48.92 49 49.89 44.99 44.65 44.99 45 43.67 21 42.99 44 47 45.9 29 49.99 45 47 40.99 52 44 
49 59 45 48.92 49.89 51 42.99 44 34.9 49.99 45.85 49.9 43.67 44 45 44 29 44.65 43.32 45.04 49.99 39.69 44.99 52 49 45 44.99 46 47 45.9 41.99 47 21 
39.69 44.99 43.67 49 49.89 46 52 45.9 47 45 44 45 29 49 44 47 45 51 49.9 48.92 44 44.65 49.99 45.04 43.32 21 45.85 59 49.99 42.99 44.99 41.99 34.9 
44.99 45 40.99 29 45.85 45 44 47 49.99 47 44.99 49.9 49.89 51 44.65 46 52 39.69 43.67 45 49 45.04 21 49.99 42.99 59 49 44 34.9 44 48.92 43.32 45.9 
49.89 49.9 45 51 49 44 40.99 45 34.9 45.04 41.99 44 45.9 45 43.67 44.99 49 43.32 44.65 47 42.99 49.99 39.69 29 49.99 21 44 48.92 47 59 45.85 44.99 52 
48.92 44 49.99 49.99 40.99 39.69 44 49.89 41.99 47 21 59 44 44.65 34.9 49.9 29 52 51 49 49 43.67 45 45 45 45.9 46 45.04 43.32 44.99 42.99 44.99 45.85 
39.69 43.32 49.99 47 44 52 45.9 51 45 49 45 45.04 44 48.92 41.99 49 34.9 59 40.99 42.99 44.99 49.99 49.89 46 44.99 49.9 45.85 44.65 29 47 21 45 43.67 
29 49.99 44.99 47 45.85 34.9 49.89 45.04 44.65 39.69 59 41.99 51 42.99 21 49 44.99 47 45 44 44 43.32 45.9 45 49.9 45 48.92 44 46 43.67 52 40.99 49.99 
39.69 47 45.04 43.67 42.99 44.99 49 47 49.99 49 49.89 43.32 49.9 44.65 44.99 45.9 46 48.92 45.85 51 29 44 59 49.99 21 45 44 52 34.9 44 45 40.99 45 
49 43.32 42.99 49.99 45 45.04 45.9 48.92 44 44.99 47 49.99 44.99 49.89 29 49 51 43.67 21 45 39.69 59 52 40.99 49.9 45.85 46 44.65 34.9 47 44 45 44 
44.65 49.89 39.69 45.9 59 44.99 41.99 52 44.99 51 34.9 46 45 47 43.32 44 45.04 29 43.67 44 49.99 49 45 45 40.99 49 45.85 42.99 49.9 47 21 49.99 48.92 
34.9 45 43.32 29 41.99 49.99 47 52 49.89 47 21 45.85 49.99 43.67 51 44.99 48.92 45 42.99 45.04 49.9 49 44.65 44 44 40.99 46 49 39.69 45 45.9 44 59 
45 41.99 45 42.99 49.99 49.99 46 49.9 44.99 45 29 45.04 45.85 49.89 44 40.99 47 43.67 39.69 34.9 44 47 52 44 48.92 44.99 44.65 45.9 49 21 49 43.32 59 
52 45 49.89 49 45 44.99 47 40.99 49 45 45.04 34.9 39.69 59 44 45.85 48.92 49.99 44 42.99 43.32 43.67 44 45.9 44.99 21 49.99 47 41.99 49.9 29 51 46 
49 29 45.85 45 59 47 40.99 44.99 49.9 39.69 45.04 48.92 43.67 49.99 44 45.9 44.65 44 49.99 44.99 49 21 42.99 46 44 45 45 47 49.89 52 43.32 41.99 51 
49.9 45 59 47 45 34.9 49.99 44 49.99 44 47 45 44.65 43.32 21 42.99 44.99 44 41.99 49 52 48.92 49 45.9 46 45.04 45.85 29 40.99 49.89 51 39.69 43.67 
49.99 45 48.92 39.69 45 43.32 49 34.9 49.99 44 42.99 40.99 44 41.99 45.04 45.9 44.65 44 47 45.85 43.67 51 29 52 21 45 44.99 49.89 59 46 44.99 49 47 
34.9 52 46 43.32 44 44 44 45 49.99 42.99 49 44.65 49 43.67 59 47 45 45 49.89 45.04 49.9 45.9 21 47 29 39.69 45.85 48.92 44.99 51 49.99 40.99 44.99 
44 49.99 49.9 49.89 45.85 21 45.04 48.92 40.99 29 42.99 45.9 45 49 44 44.65 45 49.99 47 44.99 43.32 46 34.9 45 41.99 51 59 44.99 47 43.67 52 44 49 
15 15 17.9 30 13 15 149.99 17.9 9.99 19 12 20 19.99 17 19 17.9 19.9 19 24.9 20.99 24 20.99 13 15 19.9 24 17 17 19 17.9 15 15 20 29 
