32 34
49.99 34.9 46 45.04 43.67 45 59 45 51 40.99 47 49 52 43.32 44 49.9 44 42.99 44.99 48.92 49.99 45.85 49.89 49 44 45 41.99 47 21 29 44.99 44.65 39.69 
44 49.99 52 49.89 45 48.92 42.99 47 47 39.69 59 45 49.9 44.99 34.9 46 45 44.99 49 45.85 44 49 44 43.67 45.9 51 21 44.65 49.99 43.32 45.04 40.99 41.99 
34.9 44 45.85 44.99 45 45 43.32 45.04 52 45.9 45 49 49 48.92 49.99 42.99 29 44.99 49.9 44 43.67 49.89 44 39.69 46 51 44.65 47 47 49.99 41.99 40.99 59 
52 45.85 48.92 47 40.99 44.99 44 49.99 49.99 21 44.99 45 43.67 41.99 44 34.9 45.9 44.65 49 47 49 45 44 49.89 29 49.9 42.99 51 39.69 59 45 45.04 46 
29 45 39.69 48.92 49 43.67 45.04 44 49.99 34.9 44 49 45.85 44.65 47 51 49.89 49.9 44 41.99 49.99 21 46 59 44.99 40.99 45 42.99 45 43.32 44.99 52 45.9 
46 48.92 39.69 49 47 44 29 44.99 45 44 49 45.85 45 21 45.9 44.65 45.04 43.32 41.99 44 49.99 49.9 59 47 40.99 44.99 45 52 51 34.9 49.89 49.99 42.99 
45.04 45 44.99 47 39.69 49.9 42.99 21 43.32 41.99 49.89 44.99 49 34.9 40.99 59 44 47 48.92 45 46 49 45 44.65 29 49.99 45.9 43.67 52 51 44 45.85 49.99 
42.99 47 44 45 45.85 39.69 48.92 49.9 45 52 45.9 49 51 49 44.65 43.67 34.9 44.99 47 43.32 29 46 44 45.04 41.99 49.99 49.99 44.99 44 59 49.89 21 45 
40.99 51 44.65 43.67 52 44.99 45 44.99 34.9 49 49.9 45 44 21 49.99 29 48.92 41.99 49.89 59 45 47 46 45.04 45.85 45.9 44 43.32 42.99 49 44 39.69 49.99 
44.65 47 39.69 45.85 43.67 21 45 46 47 45.04 52 49.9 51 44.99 44 49.89 45 40.99 49 44 29 49.99 49.99 34.9 43.32 45.9 42.99 44 45 44.99 41.99 48.92 49 
49 41.99 44 45.85 43.67 47 59 48.92 34.9 49.99 51 45 44.65 43.32 45.9 21 49 42.99 47 45.04 40.99 45 46 44.99 49.89 29 49.9 52 44.99 49.99 44 45 44 
44.99 49.89 39.69 59 43.67 44 45 49.99 49.9 44.99 45.85 40.99 45 43.32 51 44.65 49 48.92 44 49.99 52 45.9 29 41.99 47 34.9 46 45.04 49 21 47 42.99 44 
43.32 59 46 44 45.04 21 45 49.9 44.99 45 44 51 34.9 45.9 39.69 44.65 40.99 45.85 47 44.99 52 49 41.99 48.92 49.99 49 49.99 43.67 44 42.99 29 45 49.89 
48.92 46 41.99 49 44 49 51 44.65 43.67 44.99 44 29 43.32 45.9 49.99 21 44 47 45 42.99 49.99 49.9 39.69 44.99 45 45.04 59 47 45.85 40.99 52 49.89 45 
40.99 49.89 45 49.99 59 48.92 47 45.9 49.99 45.04 21 42.99 49 39.69 47 45 49.9 45 43.67 44 34.9 44.65 44 41.99 44 51 46 44.99 43.32 45.85 44.99 29 49 
49 45.04 34.9 44 44.99 45 46 49.99 44 47 39.69 44 45 49.89 21 29 49.99 52 44.99 49.9 43.32 45.9 44.65 49 40.99 47 59 45 41.99 42.99 45.85 51 43.67 
45 45 41.99 49.89 47 49 43.32 49 44.99 44.99 40.99 52 29 45.85 59 39.69 43.67 49.99 45 49.9 44 44.65 48.92 21 34.9 47 46 49.99 45.9 42.99 44 51 45.04 
48.92 52 44 42.99 44.65 21 45 49.89 59 49 45.9 34.9 29 44.99 39.69 49 47 45 49.99 44 45.85 44.99 51 47 44 45 43.32 41.99 49.9 45.04 43.67 40.99 46 
49.89 44.65 45.9 47 21 49.9 45 52 44 46 45 45.85 41.99 39.69 49.99 43.67 42.99 49.99 48.92 44 49 49 47 44.99 40.99 34.9 29 43.32 45.04 51 44.99 59 44 
41.99 48.92 43.32 49 47 47 49.99 34.9 51 29 45 44 44.99 49.89 44 45 59 39.69 44.65 49.99 40.99 44 45.04 49 49.9 21 45.9 52 43.67 46 44.99 42.99 45.85 
21 47 45 49.9 44 44 45 44.99 49.99 48.92 42.99 49 45.04 49.89 49.99 46 41.99 44.65 43.67 51 52 44 45 59 40.99 45.85 43.32 49 44.99 34.9 47 29 39.69 
45 44.99 49.99 48.92 49.89 45 39.69 43.32 47 44 51 44.65 45.85 49 44.99 59 34.9 45.04 49.99 45.9 41.99 49.9 40.99 44 21 49 44 46 45 42.99 43.67 47 29 
43.67 44 45.85 45 48.92 41.99 45.9 44.65 46 40.99 29 49.89 47 44.99 44.99 49.99 44 21 34.9 49 49 49.99 49.9 44 42.99 45.04 47 52 45 39.69 43.32 51 59 
29 47 45 44 49.99 34.9 49 43.67 45 44 44.99 51 49.89 52 44.65 40.99 42.99 39.69 21 44.99 49.9 45.85 45 48.92 45.9 46 41.99 59 45.04 47 43.32 44 49.99 
44.65 29 49.99 44 40.99 49.9 49.89 49.99 46 41.99 34.9 49 47 52 39.69 44.99 42.99 45 45 44 49 45.04 43.67 48.92 51 59 44.99 45 47 43.32 45.85 45.9 21 
44.99 44 45.04 49 39.69 51 34.9 44 43.67 44.65 45 59 49.9 49.89 45.9 40.99 49.99 43.32 52 45 44.99 45 49 49.99 48.92 44 45.85 29 41.99 46 21 47 42.99 
44.99 34.9 45.9 45.04 43.32 46 45.85 59 44.65 44.99 44 45 44 29 51 45 47 42.99 47 49.99 49 43.67 48.92 41.99 49.89 21 45 49.99 40.99 49.9 39.69 44 52 
52 45.04 29 43.67 45 44.99 49.9 44.99 44 49 42.99 59 45 40.99 39.69 48.92 49.99 47 45.85 49.99 46 45.9 41.99 21 44 44 47 44.65 49.89 49 34.9 45 43.32 
39.69 49 21 52 45.85 51 49.89 49.9 41.99 44 40.99 29 59 48.92 45 49.99 43.67 44.99 47 45 44 45.04 49.99 49 45.9 43.32 42.99 44.65 45 34.9 44 44.99 46 
48.92 40.99 45.85 49.99 44.99 29 42.99 45 34.9 49.89 45.9 44 44 44.65 52 47 43.32 39.69 51 44.99 49.9 59 45 45.04 49.99 49 43.67 41.99 46 47 21 45 49 
59 49.99 44.65 34.9 52 21 46 45.9 29 49.89 44 49.9 47 51 49.99 42.99 49 45.04 40.99 44 44 45 43.67 48.92 41.99 49 43.32 44.99 47 39.69 45 44.99 45 
44.99 45 52 48.92 45 29 44.99 41.99 59 49 45 43.67 45.9 21 44 51 49.99 43.32 42.99 49.9 49.99 44 49.89 47 45.85 47 44 45.04 46 34.9 44.65 39.69 40.99 
43.67 45.9 48.92 49 45 47 59 44.99 45.04 44 49.99 49.89 47 43.32 49.9 49.99 44 39.69 51 29 49 21 46 45.85 41.99 44 45 42.99 44.65 52 44.99 34.9 40.99 
45.9 45 49.99 44 44 45 44.99 47 45 47 59 45.04 52 43.67 44.65 43.32 44 49 49.99 49 29 40.99 34.9 49.89 41.99 45.85 46 48.92 49.9 39.69 44.99 51 21 
19.9 19 149.99 9.99 19.9 19 26 19.9 13 24 17.9 24 9.99 17 15 35 30 30 20.99 20 14.97 19 35 9.99 12 25 20 19 9.99 22 17.9 18 14.97 24 
