32 34
41.99 52 21 49.99 49.89 45.85 45 48.92 44.99 51 43.32 45 45.04 49.99 43.67 49.9 34.9 39.69 49 44 40.99 46 47 29 44 49 44.99 44.65 59 42.99 47 44 45.9 
44 44 41.99 43.32 40.99 42.99 47 21 44 46 49.99 47 45.85 49.89 48.92 49 51 45.04 45 43.67 45.9 49 34.9 52 49.9 49.99 44.99 45 44.65 59 39.69 29 44.99 
44.99 44 49.99 34.9 42.99 51 52 29 43.67 49 40.99 45.04 59 44 49 44.99 21 43.32 44.65 41.99 45 45.9 45.85 39.69 49.89 44 46 45 49.9 45 49.99 47 48.92 
48.92 46 29 47 49.99 45 59 44 49.9 49 45 49 52 45.9 44.99 39.69 44.99 44.65 49.99 49.89 44 45 40.99 43.67 42.99 43.32 44 47 45.04 45.85 34.9 51 21 
46 45.04 39.69 45.85 21 49.89 51 44.99 45.9 47 45 48.92 42.99 59 44 40.99 34.9 49.9 45 49.99 43.67 49.99 44.99 52 44 45 47 29 44.65 49 41.99 43.32 49 
45 59 45.9 41.99 44 45 44.99 51 40.99 45.85 47 49.9 44.99 52 44 47 34.9 44.65 48.92 49.89 49 44 45 21 46 49 45.04 43.32 49.99 39.69 42.99 29 43.67 
45 41.99 48.92 49 52 21 45.04 34.9 44 51 49.9 49.99 44.99 44.65 44 44 44.99 45.85 47 39.69 29 45 45 59 42.99 47 49.89 43.32 49 46 49.99 43.67 40.99 
44.99 45.9 49.99 44 44.65 43.32 29 47 49.99 52 42.99 49 45.04 40.99 44.99 49.9 34.9 44 45 45 44 51 47 21 45 48.92 49.89 39.69 49 45.85 59 41.99 43.67 
44 45.9 51 43.32 42.99 45 29 44 45 46 45.04 47 47 39.69 59 21 41.99 44.65 44 48.92 34.9 49 44.99 40.99 49 49.89 45 49.9 49.99 44.99 49.99 45.85 43.67 
44 34.9 48.92 41.99 21 46 44.65 45.04 44 49.89 49 45 40.99 52 59 39.69 44.99 49.99 45 45.9 49.9 47 29 47 42.99 49.99 44.99 51 45.85 45 43.32 49 43.67 
44 47 46 45.04 51 44 40.99 43.67 49.99 41.99 44.65 45 45.85 45 49.9 49.99 42.99 29 48.92 21 47 43.32 34.9 39.69 45.9 45 49 44.99 49.89 44.99 59 44 52 
44 45.85 44.99 45 49.99 51 59 49 39.69 45.9 29 49.99 34.9 49 45.04 44.99 47 41.99 44 21 45 52 44 44.65 48.92 43.67 49.9 45 46 40.99 47 43.32 49.89 
59 45.9 45.85 48.92 49 49 29 43.67 39.69 44 47 43.32 49.89 45.04 44.65 41.99 44 49.99 45 42.99 34.9 52 44 45 46 45 49.9 21 44.99 44.99 47 49.99 51 
41.99 43.32 45.04 47 44 44 44.99 44.99 46 44.65 43.67 49.9 59 48.92 49.99 45 52 21 39.69 44 51 45 34.9 49.99 42.99 45 29 45.9 49 49 45.85 47 49.89 
44 29 49.99 49 44.65 45.04 52 47 34.9 39.69 47 44.99 43.32 44 49.99 21 45 45.9 43.67 59 45.85 41.99 44 51 49 45 44.99 46 42.99 49.89 45 49.9 48.92 
49.9 49.99 34.9 21 46 44 44.99 45.85 48.92 44.65 39.69 43.32 29 45 45.9 51 45.04 52 41.99 47 43.67 59 47 45 45 44 49 40.99 44.99 44 42.99 49.89 49.99 
44.65 44 49.99 45.85 51 47 44 21 40.99 46 45.9 49.89 39.69 52 45.04 44.99 41.99 43.67 42.99 48.92 49.9 59 34.9 45 49 45 49 45 44.99 43.32 47 49.99 29 
39.69 44.65 45 47 49.99 59 42.99 45.85 45.04 48.92 44 49 29 51 43.32 52 44.99 49 49.9 40.99 45 45.9 45 44.99 34.9 44 41.99 21 44 47 43.67 46 49.89 
44 45.04 43.32 43.67 49.9 45 49.89 41.99 44 42.99 45 46 45.85 29 51 34.9 40.99 45 49 47 52 45.9 47 44 39.69 44.99 44.99 48.92 49 21 59 49.99 44.65 
45.85 47 41.99 46 47 39.69 52 44 49.99 44.65 45 48.92 49.9 40.99 21 45.9 49.99 44.99 44 42.99 49 34.9 43.67 44 49.89 44.99 29 45 59 45.04 51 43.32 45 
45.85 43.67 59 39.69 49 41.99 40.99 45 44 42.99 44.99 45.04 45 47 49.99 44 45 48.92 46 52 45.9 51 44 49.9 49.99 21 29 34.9 49 44.99 43.32 44.65 47 
49.99 47 49.9 44 40.99 52 43.67 45 47 46 44.99 34.9 41.99 45 49.89 51 49 45 59 45.9 49.99 45.85 21 42.99 44 48.92 44.65 39.69 45.04 43.32 44.99 29 49 
44 43.67 45 44.99 44.65 44 49 42.99 46 49 45 51 47 49.99 49.89 45.85 45.04 45.9 39.69 49.99 41.99 44.99 47 34.9 40.99 52 29 21 44 59 45 43.32 48.92 
47 59 44.99 29 34.9 43.67 52 48.92 39.69 49.9 21 49.99 49 46 43.32 45 45 49.99 45.04 42.99 44 40.99 44 45 47 49 41.99 51 45.9 49.89 44 44.65 44.99 
49.9 49 44.65 40.99 41.99 52 45 21 44.99 44 34.9 48.92 49.99 45.9 45.04 47 43.32 29 42.99 59 49.99 45.85 49.89 44 45 39.69 44 45 46 43.67 47 49 44.99 
52 44.65 43.32 45 46 45.04 40.99 39.69 49 44.99 41.99 45.9 21 49.99 44 34.9 44.99 45 49.9 45 59 51 47 42.99 47 49 43.67 29 48.92 44 44 49.89 45.85 
44.65 59 42.99 49 45 48.92 49 43.67 44.99 45.9 39.69 49.99 52 45 44 44 45.85 51 49.99 49.9 47 47 49.89 44 29 45.04 41.99 40.99 34.9 21 44.99 43.32 45 
40.99 48.92 59 49.9 47 49.99 44 44.99 45.85 45 49 46 39.69 34.9 51 45 43.32 49 52 44 45.9 21 45.04 41.99 29 47 49.89 49.99 45 44.99 44 44.65 42.99 
44.99 45 44.99 49.89 43.32 45.9 45.04 52 44.65 34.9 49.9 49 39.69 45.85 21 49 49.99 47 42.99 44 41.99 47 48.92 44 46 59 45 51 43.67 29 44 45 40.99 
44 44 44 43.32 45 49.99 40.99 44.99 44.65 49 49 44.99 43.67 45.85 47 42.99 29 49.9 48.92 45 49.99 39.69 59 51 41.99 45 21 34.9 52 49.89 47 45.04 45.9 
45.85 51 52 40.99 59 44 45 49 43.32 49 45.9 41.99 49.9 45.04 44.99 29 44 44.65 42.99 47 47 49.99 39.69 48.92 45 43.67 46 44.99 49.89 21 44 49.99 34.9 
49.99 45.04 43.32 44.65 47 44 45.85 45 48.92 59 44 49.99 46 34.9 45.9 44 45 49 39.69 29 51 41.99 43.67 47 49 44.99 44.99 40.99 52 21 42.99 45 49.9 
21 45.85 49 45 34.9 44 43.67 39.69 49.99 49.9 42.99 49.99 43.32 59 48.92 45 41.99 49.89 44 45 47 45.04 52 44.99 47 40.99 44 45.9 44.65 49 46 51 44.99 
49.9 39.69 45.9 47 44 43.32 29 59 44.65 21 44 40.99 46 44.99 45.04 45 44.99 45 47 45 51 45.85 49 34.9 49 48.92 44 49.99 41.99 52 42.99 43.67 49.99 
17.9 30 14.97 30 19.9 18 15 19 9.95 20.99 22 19 25 19 13 24 9.99 15 35 18 19 13 26 19 19 25 15 18 15 14.97 35 35 26 29 
