32 34
44 44.99 21 34.9 46 45 29 45.85 49.99 39.69 49.9 45.9 44 47 44.99 44 44.65 40.99 43.67 59 49 42.99 49.89 49.99 43.32 51 45 52 45.04 45 47 49 41.99 
45 44 51 45.85 45 59 40.99 44.99 41.99 43.32 48.92 49.99 46 42.99 39.69 49 29 47 45.9 45.04 43.67 49.9 45 21 44.99 52 44 47 44.65 49 34.9 49.99 44 
44.99 43.67 44.99 45 51 42.99 45.85 49.99 44.65 49.9 47 45.9 49 47 49.89 52 41.99 34.9 46 21 44 44 43.32 40.99 59 45 45 48.92 49 39.69 49.99 44 29 
21 45 49.9 44.99 49.99 52 45.04 39.69 49 44 46 45.85 59 43.32 44.65 48.92 44 44.99 44 43.67 40.99 49.89 49.99 51 45 45.9 41.99 47 45 42.99 47 49 34.9 
45.9 42.99 49.99 47 41.99 34.9 21 44 45.04 49 44.99 44.99 29 49.99 48.92 47 44.65 43.67 45.85 43.32 39.69 44 49 40.99 59 45 49.89 46 44 52 45 49.9 45 
42.99 49.9 49.89 43.32 45.85 45 45 49.99 44 49 45.9 29 46 47 44 44 49 39.69 52 49.99 44.99 41.99 34.9 43.67 40.99 59 21 51 48.92 45 47 44.65 45.04 
44.99 40.99 44 41.99 29 45.9 43.67 47 49.99 44 45 44.65 49 45.04 51 44.99 42.99 48.92 44 45 43.32 39.69 59 45.85 49.99 52 45 34.9 47 49 49.9 46 49.89 
44 59 48.92 49 39.69 47 47 44.99 29 49.9 49.99 44 45 44 21 45 45.04 43.67 51 44.65 44.99 42.99 34.9 46 52 41.99 40.99 49 45 49.99 45.85 43.32 45.9 
49 42.99 39.69 49.99 59 44 29 46 49.99 45.9 34.9 44.65 49.89 45 44.99 48.92 47 21 51 40.99 43.32 45.04 45 44 45 44 44.99 49.9 49 52 47 43.67 41.99 
49.9 48.92 42.99 43.67 21 49.99 45 29 45.04 44 45.9 47 44 43.32 45 44.99 45.85 34.9 47 41.99 49.89 49 39.69 49.99 44.65 44.99 40.99 45 59 46 51 44 52 
40.99 49.89 41.99 51 49.99 44.99 43.67 49 45 48.92 46 45.04 44.65 45.9 44 47 44 45 59 34.9 21 49.99 52 39.69 47 43.32 29 44 42.99 45 49 45.85 49.9 
44.99 45.85 39.69 44 45 47 45.9 34.9 44.99 52 43.32 49.99 49.9 46 47 59 40.99 29 45 51 49 44 44.65 41.99 21 44 45.04 49.89 45 48.92 49 43.67 49.99 
44.99 48.92 44.99 45 51 49.9 44 44 21 44.65 44 49.99 47 47 45.04 42.99 45 45.85 52 59 49 43.32 45 40.99 45.9 41.99 49.99 46 49 49.89 39.69 29 43.67 
34.9 52 41.99 43.32 44.99 59 49 49.99 45 21 49 49.99 44.65 48.92 44 49.89 44.99 45.04 44 42.99 40.99 44 47 49.9 47 45 45 51 46 29 43.67 39.69 45.85 
52 47 45 49 44 51 47 44.99 44 44.99 41.99 49.9 49.89 43.32 49.99 45 45 44.65 44 48.92 59 43.67 46 21 39.69 45.04 45.85 45.9 49 34.9 29 40.99 49.99 
49 52 46 49.99 44.99 43.67 34.9 45.85 45.9 21 45.04 43.32 44 48.92 44.99 49.9 47 44.65 51 59 49 42.99 49.89 44 45 44 47 29 39.69 41.99 45 45 40.99 
49.89 51 29 43.32 44.99 49.99 45 21 40.99 44.99 49.9 49.99 44 45.85 45 42.99 47 44 48.92 44 52 45 39.69 49 46 44.65 45.9 59 45.04 43.67 47 34.9 49 
49.9 21 44 48.92 44.99 45.85 45.04 41.99 45 34.9 44.65 49.99 49 39.69 49 29 43.67 47 47 45.9 52 59 49.89 45 42.99 51 44.99 49.99 40.99 43.32 45 44 44 
49 46 45.04 45.85 44.99 40.99 49.99 59 42.99 52 51 21 41.99 29 49 48.92 39.69 44 43.67 45 43.32 49.99 45.9 47 44.65 44 49.9 44.99 49.89 44 34.9 45 45 
43.67 44.99 29 44 41.99 34.9 45.85 47 40.99 44 45 45 47 49.99 52 39.69 45.9 45.04 49 44.99 49.99 59 44 51 43.32 44.65 48.92 49.89 49 42.99 45 21 46 
49.89 21 47 47 43.67 39.69 40.99 45.9 52 44 45.85 44 45 43.32 44.99 49.99 44.65 44.99 49 41.99 45.04 49 29 42.99 49.9 59 49.99 45 48.92 51 46 44 45 
46 48.92 42.99 45 43.67 41.99 49 45 49.99 44.65 39.69 44 59 29 49.9 47 21 45.04 51 49 44.99 45.85 49.89 40.99 44 34.9 47 44.99 49.99 43.32 44 45 52 
29 52 41.99 44 43.32 51 45 47 48.92 21 49 46 40.99 45.04 44.99 49.99 34.9 43.67 39.69 47 45.9 45 49 45 49.9 59 49.89 44.65 44.99 42.99 44 44 45.85 
44 44.65 45.9 45.85 49 44 40.99 34.9 43.67 49 45 45 44 49.99 47 44.99 49.9 44.99 29 21 47 46 49.99 52 45 45.04 41.99 42.99 48.92 49.89 39.69 59 51 
44 45 49 44.99 49.9 49.89 45.04 40.99 29 42.99 43.32 43.67 45 49 44 21 47 44.99 59 47 41.99 45.9 52 48.92 39.69 45.85 44 49.99 49.99 44.65 51 34.9 45 
39.69 45.85 29 45 21 34.9 49 48.92 40.99 51 45 49.99 45.04 47 59 44 44.99 52 45.9 41.99 43.67 46 49.99 42.99 49.9 44.99 44 44.65 47 49 44 45 43.32 
21 47 41.99 43.67 40.99 44.99 45.85 45.9 44 43.32 49 49.89 49.99 44.99 48.92 49 45 47 45 52 49.9 44 51 49.99 45 42.99 29 34.9 44.65 46 45.04 59 44 
34.9 45.04 44 45 43.67 45.85 49 45.9 42.99 21 49.9 44.99 44 41.99 46 44.65 45 43.32 51 49 48.92 47 49.89 44.99 47 49.99 29 44 45 40.99 52 59 49.99 
44.99 40.99 45.9 47 44 49.99 43.67 45 39.69 49 49.9 49.89 52 46 41.99 49 45.85 45.04 44 47 44.99 49.99 34.9 29 59 48.92 44.65 42.99 43.32 45 51 44 21 
21 44.65 41.99 42.99 45.9 47 44.99 44.99 59 45 49.99 40.99 44 45 39.69 45 29 49.99 49 49.9 47 49 46 34.9 49.89 43.67 45.04 48.92 52 44 45.85 44 43.32 
41.99 45.85 49.99 44 42.99 45 49.99 45.04 49 44 44.99 45 44.99 43.32 49 34.9 45.9 40.99 44 45 48.92 29 43.67 47 47 52 51 59 39.69 21 49.89 46 49.9 
49.9 44 45 47 34.9 21 52 44 45 46 47 41.99 49.99 59 45.9 45.04 48.92 39.69 42.99 51 43.32 49 49.99 45 44.99 29 45.85 44 43.67 44.99 40.99 49.89 44.65 
49.99 45.9 44.99 43.67 43.32 45.04 46 45 42.99 44 47 49 49.99 29 44 49.9 40.99 59 39.69 45.85 47 49 48.92 49.89 51 34.9 45 41.99 21 44 45 52 44.65 
49.99 45.04 45 47 42.99 46 43.67 48.92 59 49 49.89 45.85 44 44.65 47 44 45 49.99 45 44 51 41.99 44.99 34.9 45.9 52 49 39.69 29 21 40.99 49.9 43.32 
25 35 17 15 15 18 149.99 30 30 19 13 20.99 35 14.97 25 18 18 14.97 24 17 9.99 149.99 20 19 15 19.9 20.99 20 18 19 30 19 17 30 
