32 34
21 52 43.67 41.99 44 44 46 48.92 47 42.99 45 34.9 49 45 40.99 43.32 49.9 49.99 49.99 51 39.69 29 59 45 45.85 44 44.99 47 45.9 45.04 44.65 49.89 49 
49 44 49.89 45.9 52 45.04 47 44 45 41.99 42.99 29 44.65 46 39.69 45 59 34.9 43.32 44 48.92 44.99 49.99 49.99 45.85 49.9 40.99 51 21 45 43.67 49 47 
47 44.99 45.85 34.9 49.99 49 48.92 43.67 44.65 49.9 41.99 49.89 42.99 40.99 44 45.9 45.04 47 45 45 29 44 21 49 59 49.99 39.69 51 46 43.32 44.99 45 52 
45 48.92 49.9 49 44 49.89 59 34.9 40.99 49.99 49.99 21 44 45.9 46 41.99 47 42.99 52 43.67 44.99 43.32 49 45 47 44.65 45.04 45.85 29 51 45 39.69 44 
49 51 40.99 49.9 47 41.99 44 44.99 45 45.04 59 39.69 29 49.99 43.32 43.67 42.99 44.65 45 45.85 49.99 44 45 45.9 44 52 34.9 49.89 47 49 46 44.99 21 
43.67 21 44.99 41.99 51 34.9 52 49.99 45.9 29 45 40.99 42.99 43.32 49 47 47 45.85 39.69 49.99 49.9 44.65 45 49.89 59 44 45 44 49 48.92 44.99 44 46 
49.99 44.99 42.99 43.67 49 44 45 59 49.89 44.65 43.32 52 41.99 45.9 47 48.92 51 45.85 47 49.99 34.9 49.9 49 45.04 44.99 46 40.99 39.69 45 44 29 21 44 
49.99 39.69 45 49 45.9 48.92 45.04 44 29 44.99 44.99 47 45 34.9 43.32 40.99 59 45.85 47 49.9 42.99 52 44.65 45 49.89 49 49.99 46 51 44 44 43.67 21 
42.99 45.9 51 43.67 40.99 49.99 44.99 47 59 45.04 44.99 45 46 49.89 21 45 49.99 44.65 44 39.69 49.9 44 52 44 49 34.9 41.99 45.85 29 47 45 48.92 43.32 
39.69 45.04 45 44 45.85 49.99 47 34.9 48.92 43.32 49 49.9 46 49 44.65 51 44 21 29 45.9 49.89 45 42.99 43.67 47 59 44 40.99 44.99 44.99 45 49.99 41.99 
40.99 45 52 39.69 51 44.99 45 42.99 43.67 29 21 49.99 45.85 44 46 44.65 49.9 45.9 49 49.89 48.92 44 45 49.99 49 34.9 41.99 47 45.04 43.32 59 44 44.99 
44 47 44.99 49 49.9 40.99 21 47 44.65 48.92 39.69 49.99 43.67 41.99 34.9 44 49.89 52 49.99 46 45 42.99 45 59 44 44.99 29 51 43.32 45.85 45 49 45.04 
46 21 45.9 47 44.65 44 48.92 43.32 45 45 49.99 47 42.99 49 49.89 49.99 29 40.99 49.9 39.69 44.99 45 59 43.67 52 45.85 44 41.99 44 49 34.9 44.99 51 
45 47 46 21 44.99 49.99 44.99 59 49 40.99 52 44.65 39.69 44 34.9 44 49.9 51 42.99 45.85 45 43.32 49.89 45.9 49 41.99 45 47 29 49.99 45.04 43.67 48.92 
48.92 44.65 49.89 44 45 44 45 45.85 44.99 40.99 43.67 34.9 49.99 47 59 49 49.9 51 44 49.99 21 29 41.99 44.99 43.32 45.9 45.04 39.69 46 47 42.99 52 45 
45.9 49.99 41.99 45 46 49 43.32 29 49.9 59 40.99 44.99 44.99 39.69 44 43.67 42.99 34.9 48.92 44 21 52 44 49.89 45 45.85 44.65 45 45.04 49.99 47 47 49 
44.99 49.9 45 47 45.04 44.65 42.99 48.92 44.99 21 49 49.99 45.9 44 49.89 43.32 47 46 45.85 49 41.99 44 51 40.99 29 44 45 45 34.9 43.67 39.69 59 49.99 
49.9 49.89 39.69 45 41.99 45.85 47 49.99 59 44.99 42.99 43.32 34.9 21 47 52 46 29 49 44 45 48.92 43.67 45.9 44.99 51 45 49.99 49 44 40.99 45.04 44 
45 47 51 41.99 45.04 44 44.65 44.99 39.69 49.89 29 43.32 49 44.99 45 49 44 46 47 59 49.99 52 40.99 42.99 45 34.9 45.9 21 44 48.92 49.9 45.85 49.99 
42.99 44 59 49.99 49 45.9 44 51 48.92 46 44 49.99 43.32 29 39.69 45 49.9 45 21 34.9 40.99 43.67 44.99 44.65 49.89 45.85 47 41.99 52 47 49 45 45.04 
45.85 43.32 45 49 45 49.99 34.9 44 47 42.99 51 49 46 45.9 43.67 21 52 45.04 59 44 44 44.99 39.69 49.9 29 44.65 49.99 44.99 48.92 41.99 45 49.89 47 
43.32 45 45.85 40.99 21 49.99 44 49.89 34.9 48.92 47 49 49 59 44.99 45.04 39.69 44 41.99 44 47 49.9 46 42.99 52 45 44.65 51 45 44.99 45.9 49.99 43.67 
44.99 59 21 49 47 40.99 44.99 45 49.99 39.69 49.9 49.89 34.9 49.99 46 29 42.99 44 52 44 45.85 44.65 45.04 47 45.9 45 43.67 41.99 49 48.92 43.32 51 44 
45.85 45 41.99 49.99 44.99 29 49 43.67 44 44.99 42.99 44.65 51 47 34.9 49 39.69 21 52 49.89 40.99 59 43.32 44 44 45 45.04 45 46 48.92 49.99 47 49.9 
51 49.99 44 34.9 49.89 49 39.69 45 49.99 41.99 45.9 45 45.04 44.99 47 44 29 46 21 43.32 40.99 45.85 42.99 49.9 43.67 47 49 59 44.65 52 48.92 44.99 45 
49.99 44 48.92 41.99 47 40.99 43.67 45 49 29 47 49 21 44.99 49.99 45.04 49.9 44 42.99 59 44.65 49.89 45 46 45 45.85 52 44 39.69 51 45.9 43.32 34.9 
52 41.99 42.99 49.99 43.67 40.99 49 21 39.69 45 34.9 45 45 51 44.99 45.04 29 47 44 59 49.9 46 43.32 48.92 44.65 49.99 45.85 49.89 47 45.9 44.99 49 44 
44.99 47 49.89 45 45.9 45 45.04 45 59 48.92 39.69 29 44 49.9 40.99 43.67 42.99 49.99 44 45.85 52 51 47 21 49 44.99 43.32 34.9 41.99 49.99 44.65 49 44 
39.69 44 45 42.99 47 48.92 45 49.89 40.99 45.04 49.9 49.99 51 47 59 46 43.67 45 44.99 43.32 44 29 52 44 49.99 45.9 49 41.99 45.85 34.9 49 21 44.65 
59 48.92 49.89 44 44.99 49 51 44.99 29 41.99 52 49.99 43.32 44.65 49.99 45.04 45 44 34.9 45.9 21 45.85 45 46 43.67 44 39.69 45 49.9 40.99 42.99 49 47 
44 49.99 44 46 51 39.69 47 41.99 44.99 49.89 48.92 59 45 45.85 47 29 42.99 44.65 43.32 34.9 45 49.9 49.99 43.67 40.99 45 49 44.99 45.04 21 45.9 44 49 
49.9 21 44.65 45.85 45.04 49 45 44.99 41.99 46 43.67 40.99 44 45 52 59 49.99 43.32 39.69 48.92 29 45 34.9 49.89 44 44 44.99 45.9 49 47 49.99 51 42.99 
43.67 45.04 29 45.85 40.99 43.32 44 46 34.9 39.69 45.9 44.99 59 49.99 44 52 47 45 45 44.65 48.92 49.99 42.99 47 44 21 49 45 51 49.9 44.99 49 41.99 
48.92 44.65 44.99 45 29 51 49.99 49 47 46 45 49.9 43.32 44 42.99 21 45.04 45 40.99 52 43.67 45.85 45.9 41.99 47 59 49.89 49.99 44 34.9 44 49 39.69 
19 14.97 24 12 30 26 24 15 30 25 19.9 30 25 9.95 13 29 35 13 30 29 25 18 20 24.9 26 12 18 24.9 149.99 19 19.99 14.97 18 9.99 
