32 34
45 49.89 44 43.67 45.85 47 42.99 47 39.69 40.99 43.32 51 49.9 34.9 52 45 59 45 45.04 48.92 44.99 44.65 49 49.99 44 41.99 46 49 49.99 44 29 21 44.99 
44 44.99 48.92 45.9 45 44 42.99 44.65 44 52 46 59 49.89 45 43.32 51 49 47 45 43.67 45.04 47 39.69 49.99 34.9 21 41.99 45.85 49.9 40.99 44.99 49.99 49 
39.69 49.99 51 49.89 44 52 49 43.32 21 44 43.67 47 44 49.99 48.92 47 59 40.99 45.9 45.04 45.85 34.9 44.65 46 41.99 29 49 44.99 49.9 45 42.99 45 45 
29 47 51 44.65 44 49 45 34.9 44.99 43.32 49.9 45.9 41.99 49.99 21 49.99 52 43.67 45 39.69 45.04 46 45 59 44 45.85 49 44 42.99 48.92 49.89 44.99 40.99 
42.99 47 39.69 49 45 45.04 40.99 44 43.67 29 43.32 59 48.92 21 45 49.89 44 52 49.99 44.99 49 41.99 34.9 45.9 46 47 44 49.99 51 45.85 44.99 49.9 44.65 
59 51 46 43.67 42.99 39.69 44.99 44.65 44 21 34.9 52 29 43.32 45.9 49 48.92 44 47 45 45 44.99 44 45.04 45.85 49 49.9 49.99 49.89 47 40.99 45 49.99 
47 44.99 49 59 49.99 44 48.92 29 45.85 45.9 49.9 41.99 34.9 45 52 46 43.32 49 40.99 21 39.69 45 49.89 43.67 45 47 44.65 44.99 45.04 49.99 42.99 44 44 
45.9 43.32 45 44 49 45.04 45 44.99 45.85 40.99 42.99 59 41.99 49.89 48.92 49.99 34.9 49.99 29 44 46 47 44 49 39.69 44.99 52 21 45 44.65 49.9 51 47 
39.69 49 46 59 44 34.9 29 21 49 43.67 45 45.04 49.89 45.85 52 48.92 44 42.99 40.99 51 45.9 49.99 44 47 45 47 49.9 41.99 44.99 44.99 43.32 45 44.65 
29 45 46 44.99 49 45 49.99 49 43.32 21 49.89 48.92 43.67 39.69 47 41.99 45.9 59 45 45.04 40.99 51 49.99 47 44.99 44 45.85 44 52 49.9 34.9 44.65 44 
43.32 34.9 43.67 48.92 29 59 21 39.69 45.04 47 44.99 45.85 49.99 49 40.99 45 42.99 44.65 52 51 44 49.9 47 49.89 41.99 49.99 44 49 44.99 45.9 46 45 44 
47 51 45 21 44.99 46 44.99 34.9 49.99 45.04 29 40.99 39.69 44 42.99 49.99 52 49.89 47 41.99 45.85 44.65 44 59 44 49 45.9 48.92 43.32 49 45 45 43.67 
43.32 49 45 46 45.9 44.99 42.99 45 39.69 45.85 51 44 45.04 44.65 40.99 43.67 34.9 21 49.89 49.99 44.99 52 49.9 48.92 45 44 49 44 59 47 47 41.99 29 
52 45 49.99 48.92 51 44 41.99 44.99 21 45.85 49.9 44 46 29 49 47 45 40.99 49.89 42.99 45.9 49.99 43.67 44 44.99 44.65 39.69 45 43.32 45.04 47 34.9 49 
21 48.92 41.99 44 47 49 45 39.69 44.99 44.65 49 49.99 44.99 51 52 45.9 47 49.99 44 45 40.99 49.89 34.9 59 45.04 45.85 45 43.67 43.32 46 44 29 42.99 
34.9 29 52 48.92 49.89 46 47 44.99 45.04 44 49.99 47 44.99 49.99 49.9 44 44 45.85 45 41.99 45.9 49 21 49 43.67 45 59 45 40.99 42.99 43.32 39.69 44.65 
44 49.99 39.69 51 21 49 40.99 59 45.85 34.9 44 49.89 44.99 45 44.65 52 42.99 47 46 49 29 47 43.67 49.99 48.92 44 49.9 45 45 45.04 41.99 43.32 44.99 
42.99 40.99 41.99 44.99 49.99 44 45.9 44.65 44 44 43.32 29 47 34.9 59 49.99 49 45.85 49 45 45.04 44.99 45 49.9 47 51 43.67 48.92 46 45 21 52 39.69 
49.99 48.92 44.65 40.99 44 47 43.67 49 49.99 59 45 44 45.9 49.89 52 41.99 45.85 44.99 43.32 42.99 45.04 47 21 51 45 46 34.9 44.99 29 39.69 49.9 49 45 
44.99 44.65 45 48.92 45 41.99 43.32 49 47 44 44 51 49.99 42.99 49 59 34.9 49.99 45 45.9 47 49.9 44.99 43.67 45.04 45.85 52 46 39.69 29 21 49.89 40.99 
49.99 47 51 21 49 45 44 43.67 44.99 29 40.99 49 44 44.65 45 45.04 44.99 43.32 42.99 39.69 49.89 45.9 49.99 41.99 47 49.9 48.92 45.85 59 44 46 52 45 
44.99 21 45.85 45.04 47 49 51 39.69 48.92 44 59 41.99 29 43.67 52 49 44.65 45 49.9 40.99 46 49.89 34.9 44.99 44 44 47 49.99 43.32 45.9 45 45 49.99 
44 49.99 43.67 45 44 44 45 44.99 49 42.99 45.04 51 52 45 44.99 34.9 45.9 49.99 29 59 47 39.69 46 49.9 47 40.99 45.85 49 41.99 21 44.65 48.92 43.32 
44 34.9 47 41.99 59 49 40.99 42.99 51 21 49.9 43.67 44.99 29 49.99 45.85 52 45 44.99 49.89 45 46 49 45.9 44 49.99 39.69 48.92 44.65 44 43.32 45 45.04 
44 29 42.99 46 45 49.9 49 48.92 45.85 45.04 47 41.99 49.89 45 39.69 44 52 44.99 49.99 49.99 49 43.32 44 47 44.99 21 43.67 51 59 40.99 45 34.9 45.9 
49 29 41.99 43.67 42.99 48.92 52 49.99 45.9 44.99 45.85 46 44 49.9 44 44.99 39.69 34.9 45 59 44.65 49.99 47 49 45 43.32 45.04 40.99 45 49.89 47 51 21 
29 44 44.65 45 43.32 49 59 49 47 44.99 40.99 45 44 44 52 49.99 48.92 45.9 45.04 49.9 39.69 42.99 34.9 21 43.67 51 45 49.99 44.99 41.99 47 45.85 49.89 
49.99 49.89 52 34.9 44 49 44.65 45.85 29 48.92 47 43.32 40.99 45.9 44 44.99 43.67 44 45.04 49 45 45 44.99 49.99 51 21 39.69 49.9 46 47 59 41.99 42.99 
45.85 48.92 45.9 34.9 49.99 39.69 44.99 29 47 44 45 44 45 21 49.9 52 45.04 49.99 49 43.67 42.99 45 44.99 40.99 43.32 47 44 46 44.65 59 49.89 49 51 
44 34.9 52 44.99 49.99 45 45.9 41.99 47 49 43.32 44.99 49.99 46 47 39.69 44 29 49.9 43.67 49 45.04 45 42.99 44.65 45 40.99 48.92 21 44 59 49.89 45.85 
45.04 34.9 44.99 52 49.99 48.92 21 45.85 44 47 49 45 51 39.69 45 45.9 49.89 40.99 49.9 59 43.67 44.99 44 49 44 41.99 47 43.32 46 44.65 29 45 42.99 
49.99 46 44 49.99 34.9 44.65 44 49 44.99 41.99 43.67 51 45.9 49 40.99 47 45 45.04 42.99 52 21 45 43.32 49.89 48.92 44 59 47 29 39.69 49.9 45 44.99 
39.69 45.04 49.89 45 44 45 21 29 44 45.9 43.32 48.92 47 51 49 47 44.99 45.85 49.99 52 43.67 40.99 49.9 45 44.99 34.9 49 59 41.99 44.65 46 42.99 44 
44 45 44.99 21 44 47 29 52 46 49.99 44 45 45 40.99 49.99 48.92 45.85 34.9 44.99 49 45.9 42.99 43.32 44.65 49.89 47 59 43.67 41.99 49.9 51 39.69 45.04 
18 18 14.97 35 17.9 19 30 30 17.9 26 19 22 18 17.9 26 21 9.95 25 19.9 24.9 30 12 30 19.9 30 15 24.9 17.9 20 18 20.99 149.99 20 35 
