32 34
49.9 44.99 47 49 40.99 44 39.69 44 45 59 44.65 46 52 45.85 47 29 41.99 49.89 42.99 49.99 21 49 51 43.67 34.9 49.99 44 45 45 44.99 45.9 48.92 43.32 
42.99 49 47 41.99 49.99 44.99 49.9 45.85 21 44.65 59 29 45.9 49 44 45.04 51 44 45 46 43.32 49.89 34.9 43.67 45 48.92 47 40.99 44.99 39.69 49.99 52 44 
46 44 41.99 48.92 49.99 52 49 45.9 44.99 44 45 21 43.32 34.9 45.04 47 43.67 40.99 44.65 49.89 44.99 42.99 39.69 51 29 45 49.99 47 49 45.85 45 49.9 59 
44 29 43.32 47 49.89 43.67 21 47 45 34.9 49.99 39.69 44 49.99 49.9 44.99 44.65 59 46 51 49 44.99 52 45.04 48.92 45 42.99 44 41.99 40.99 45.85 49 45 
45 21 49.89 42.99 44 48.92 40.99 49 43.32 51 45.04 29 45 47 45.9 44 43.67 44.65 34.9 49.9 59 41.99 47 45.85 44.99 49.99 39.69 44.99 44 45 52 49.99 46 
41.99 44 46 21 49 43.67 29 44 49.99 47 59 45 48.92 47 45 34.9 52 45.04 45.9 43.32 44 51 39.69 44.65 44.99 49.89 45.85 49.99 49 44.99 42.99 45 40.99 
29 40.99 45.9 44 44 46 59 48.92 49.99 44 49 39.69 42.99 21 52 44.99 47 45.85 34.9 45.04 44.99 43.67 49.9 49.89 45 45 49 41.99 51 45 44.65 43.32 47 
49.89 46 51 45 44 49 49.99 44.99 49.99 45.9 45.04 47 52 44 49.9 45 42.99 48.92 44 45.85 45 43.67 59 49 40.99 41.99 29 34.9 21 43.32 47 44.99 44.65 
43.67 49 49.99 49.9 44 59 47 44 46 45.04 49.99 45.9 21 44.99 41.99 49 48.92 45 49.89 45 44.99 42.99 34.9 51 47 40.99 39.69 44 43.32 44.65 52 45 45.85 
51 44.99 46 49.99 47 45.85 44 48.92 47 39.69 29 44 44 41.99 45 44.99 49 45 52 45.9 59 43.32 49.89 43.67 34.9 49 45 40.99 42.99 21 44.65 49.9 45.04 
49.89 44.99 34.9 59 48.92 43.32 44 45 21 44 41.99 49.99 29 49.99 45.85 45 39.69 43.67 49.9 44 47 49 45 40.99 44.99 44.65 52 45.04 42.99 51 47 46 45.9 
47 51 45.04 45.85 49 29 59 46 49.9 43.32 45 44.99 44.65 34.9 45 44 49 41.99 49.89 45.9 44.99 44 47 49.99 49.99 42.99 44 21 39.69 48.92 40.99 43.67 45 
47 59 45 45 44.99 44.99 48.92 45.85 43.67 42.99 51 45.04 44.65 47 34.9 46 49 21 45.9 49.89 44 29 49.99 49.99 39.69 44 41.99 49 49.9 43.32 45 52 40.99 
44.99 49 49.89 29 52 47 45 45 45.9 45 44.65 44.99 34.9 44 46 45.85 47 44 49.99 51 48.92 44 39.69 49 59 41.99 43.67 45.04 49.9 21 42.99 49.99 40.99 
51 43.32 41.99 45 52 45.04 45.9 46 49 49.9 44 44.65 49.99 47 45.85 39.69 44 45 44.99 59 43.67 49 40.99 47 45 42.99 34.9 49.89 48.92 21 44 44.99 49.99 
44.65 29 52 49.9 45.85 45 34.9 51 49.99 48.92 41.99 47 43.32 40.99 49 49.99 49 44 44 45 42.99 45.04 39.69 47 49.89 21 44.99 45.9 44 46 59 45 43.67 
44.99 43.32 52 45.9 46 44 45.04 48.92 44 49.89 49.99 29 40.99 49 47 44.99 34.9 21 49.99 42.99 47 39.69 49 44 45 43.67 51 45 45.85 41.99 45 49.9 59 
29 51 49 39.69 44.65 45 21 47 45.85 45.04 49.99 41.99 49.89 44 48.92 43.32 44 45 49 45.9 45 44.99 49.9 49.99 59 44 47 34.9 52 43.67 42.99 44.99 40.99 
49 43.67 44 44.99 40.99 34.9 43.32 51 49.99 44 47 45 49.99 21 45 49.9 52 46 39.69 42.99 29 48.92 49 45 49.89 47 41.99 45.9 44 45.85 45.04 59 44.65 
34.9 43.67 49.89 44 44.65 51 40.99 52 39.69 45 43.32 46 29 49.9 45 44 41.99 47 44.99 48.92 45 45.04 47 44.99 59 21 49.99 45.85 49.99 49 44 42.99 49 
47 44.99 44 48.92 44.65 43.67 45 29 45 45.04 42.99 46 34.9 39.69 49.99 41.99 21 49.99 49 45 51 45.85 44 47 59 44.99 49.89 40.99 45.9 49 52 49.9 43.32 
44.99 44.65 42.99 51 29 49 45 45.85 49.89 34.9 45.9 59 49 41.99 44.99 49.99 44 39.69 52 46 45 45 45.04 44 49.9 43.67 48.92 47 40.99 21 49.99 47 43.32 
21 45.9 49.99 49.89 42.99 40.99 41.99 49.9 45.85 49.99 43.32 44 45 51 47 44.65 49 45.04 47 59 44 45 49 43.67 44.99 44.99 52 44 29 34.9 48.92 45 46 
46 59 44.99 34.9 49 45 44 47 44 49.99 47 45.9 29 44.99 44.65 45.85 43.32 49.89 44 40.99 41.99 48.92 21 43.67 42.99 39.69 51 49.99 52 45 49 45 49.9 
48.92 45 42.99 44.65 47 44 41.99 44 49 39.69 52 46 45 29 49 47 45 45.85 49.99 49.9 49.89 43.67 21 40.99 44.99 34.9 51 44.99 45.9 49.99 44 43.32 45.04 
48.92 47 21 45.04 44.65 40.99 51 49.99 44 45.85 44 45.9 39.69 45 49.89 49.9 43.67 29 49 44 41.99 49.99 34.9 59 43.32 44.99 52 45 44.99 46 42.99 49 45 
29 49 40.99 46 52 44.99 44 44.65 49.99 47 45.85 47 43.32 49.9 34.9 49.89 45.9 51 45 59 49 44.99 44 45.04 42.99 45 49.99 43.67 39.69 41.99 48.92 21 44 
49 49 49.99 44.65 47 21 45 48.92 44.99 44 59 41.99 44 45.04 47 49.99 46 43.67 34.9 49.89 49.9 51 45.85 29 40.99 45 42.99 45 44.99 52 44 43.32 39.69 
49 49.9 45 49.99 45.85 34.9 47 43.67 59 42.99 48.92 45.9 49.89 44.99 49.99 44 29 45 43.32 44.99 49 40.99 45.04 44.65 21 52 46 47 39.69 41.99 51 44 45 
47 49.99 49 45.9 49 45 44.99 44 43.32 45.04 49.89 44 49.99 51 21 44.65 34.9 59 46 45.85 47 44.99 48.92 42.99 29 41.99 52 44 49.9 39.69 43.67 45 40.99 
47 59 43.32 45.04 45 44.99 44 42.99 45 46 34.9 44.99 29 49 40.99 45 52 21 45.85 47 49 39.69 49.99 51 43.67 49.99 44.65 44 48.92 41.99 49.9 44 49.89 
47 45 47 45.9 44 44.65 44.99 52 40.99 42.99 21 46 59 48.92 44 49.9 34.9 49.99 49.99 41.99 44.99 45 43.67 51 29 39.69 43.32 45 49 49.89 45.85 45.04 44 
45.9 59 41.99 49.89 51 43.67 44.99 49.99 40.99 44 45.04 49.99 44.65 43.32 45.85 21 42.99 48.92 45 34.9 29 49 52 39.69 47 44 46 45 44 49.9 44.99 49 45 
45 45.85 47 49.9 44.65 43.67 21 49.99 49.99 49.89 42.99 44.99 43.32 44 45.04 59 44.99 52 48.92 44 44 49 46 29 45.9 51 45 41.99 34.9 47 49 40.99 45 
20.99 19.9 13 35 17 15 17.9 18 18 21 13 24 19.9 19 18 24.9 26 19.9 19 24.9 17.9 30 19 19 15 30 18 19 24 19 29 18 19.9 17.9 
