32 34
44.99 44 49 49.99 45 49.99 49.9 45.9 51 49.89 44 42.99 49 41.99 44.99 43.67 45 40.99 39.69 52 47 44.65 34.9 29 44 45 48.92 45.04 59 46 47 45.85 21 
46 45.04 43.32 43.67 49 49.9 49.99 44 40.99 47 41.99 47 34.9 49.89 45 49.99 52 44.99 21 48.92 44.99 45.85 42.99 49 51 39.69 44 45.9 29 44 45 45 59 
49.9 59 45 21 45.04 45.9 48.92 51 49.99 47 49.99 43.67 49 29 47 44 44.99 52 44.65 34.9 44 44 46 40.99 42.99 43.32 49 45 44.99 39.69 41.99 49.89 45 
49.99 48.92 45.9 34.9 49 40.99 45.04 45.85 47 52 45 41.99 49.9 59 44.65 39.69 45 44.99 44 51 44 44.99 49.89 44 43.67 49.99 43.32 45 47 21 29 42.99 46 
49 45.04 42.99 59 49.89 44.99 29 49.99 47 48.92 46 44.99 45.85 43.67 45 49 41.99 34.9 39.69 49.9 45 47 44 49.99 45.9 45 40.99 51 52 21 44.65 43.32 44 
44 44 49 47 45 34.9 40.99 49 48.92 49.89 51 21 52 39.69 44.65 47 45.9 46 44.99 41.99 49.99 42.99 45 49.9 49.99 59 43.32 44 45 45.85 45.04 43.67 29 
40.99 49 52 34.9 45 46 49.99 45.85 44 43.67 49.9 44 45 29 44 51 44.65 45 41.99 43.32 45.04 49.89 42.99 45.9 21 49 44.99 48.92 47 47 49.99 59 44.99 
49.99 44.99 49.99 45 45.04 48.92 42.99 47 47 39.69 45 40.99 52 49.89 51 45 43.67 59 44.65 49.9 45.9 49 43.32 41.99 21 44.99 44 29 44 44 34.9 46 45.85 
34.9 52 44.99 45.04 44 43.67 40.99 44.99 29 21 45 42.99 49.99 49 45 39.69 49 47 41.99 48.92 45 49.9 44.65 44 51 45.9 49.89 49.99 45.85 44 59 43.32 47 
46 41.99 44 43.67 45.04 45.9 45 44.65 48.92 47 49.99 49 49.89 45.85 39.69 34.9 59 45 52 42.99 40.99 44.99 21 45 44.99 47 51 44 43.32 49.99 49.9 44 29 
44 44 49.89 45.04 45 45 43.67 47 47 44.99 21 49.99 49.9 43.32 59 51 46 41.99 49 40.99 52 45.85 34.9 45 42.99 44.65 29 49.99 44 44.99 49 39.69 45.9 
49.99 44.99 45.85 59 39.69 21 48.92 44.99 49.99 45 43.67 49 49 47 51 44.65 45 52 49.9 47 34.9 45 43.32 49.89 45.04 42.99 40.99 44 41.99 46 45.9 44 44 
40.99 52 47 59 43.32 45 46 34.9 45.9 42.99 44 49.89 45 45 49.99 41.99 21 44.99 45.85 44 48.92 51 49 49 44.65 49.99 44 44.99 43.67 45.04 29 49.9 39.69 
49.89 44.99 21 46 49.9 39.69 45 45.04 44 47 41.99 47 43.32 49.99 49 45 59 49.99 45 51 45.85 44.65 34.9 52 49 44 29 48.92 40.99 42.99 44.99 44 43.67 
45 51 29 45.04 46 44.99 45 44.65 45.85 43.67 39.69 40.99 49.99 59 44 47 41.99 45 49 42.99 52 44 49.89 43.32 49.99 34.9 48.92 44 45.9 47 21 49.9 44.99 
45 41.99 47 40.99 44.99 43.32 46 43.67 34.9 45.85 44 52 49.9 44 45 29 44.65 49.89 45 45.9 49.99 49.99 44 39.69 21 51 47 44.99 48.92 45.04 49 49 42.99 
45 49 42.99 34.9 39.69 52 59 47 49 45.9 44 49.89 46 41.99 40.99 21 45.85 44.65 49.9 51 44.99 48.92 29 49.99 43.32 45 43.67 49.99 44 45 47 44 44.99 
43.32 45.9 21 43.67 44 49 49.89 34.9 52 29 45 46 47 42.99 51 40.99 44 59 49.99 47 45.04 45.85 44 49.9 45 49 45 44.99 44.65 41.99 44.99 49.99 48.92 
44.99 21 44 45 42.99 59 44.99 45.04 34.9 49.99 49 49.99 52 49.9 44.65 44 49.89 51 39.69 41.99 48.92 45.9 46 45.85 43.32 43.67 29 47 45 49 47 40.99 44 
45 44 39.69 45 43.32 45.85 47 48.92 45.9 45 29 51 49 46 41.99 44.99 49.99 44.65 45.04 59 44.99 44 49.99 42.99 44 43.67 40.99 49.9 49 21 47 34.9 52 
49 44 49 44.99 49.89 39.69 45.9 34.9 48.92 45 45.85 45 49.9 46 44 45 49.99 43.67 21 44.65 47 40.99 52 47 41.99 49.99 43.32 45.04 44.99 42.99 44 59 29 
44.99 45.04 49.89 49.9 45.85 45.9 44.99 41.99 52 34.9 45 44 49 42.99 47 46 45 48.92 45 49 44 44 40.99 43.67 47 49.99 44.65 43.32 49.99 59 51 29 39.69 
44 47 59 34.9 44.99 44 45 49.99 46 45 45.85 21 42.99 43.67 29 43.32 52 49 45 49.89 44 41.99 48.92 44.99 49 51 40.99 47 45.9 44.65 45.04 49.99 39.69 
40.99 45 47 44.65 45 45 49.99 21 43.32 48.92 49.99 44.99 43.67 45.04 45.9 49.9 44 44 45.85 44 46 52 39.69 49 42.99 49.89 59 41.99 44.99 51 49 29 34.9 
44.65 45 42.99 47 39.69 41.99 34.9 40.99 51 49.99 46 49.9 49 48.92 47 49.99 45.85 59 45 21 43.32 44 44 43.67 44.99 45.04 29 49.89 45.9 49 44.99 52 45 
59 48.92 47 52 47 44 51 42.99 41.99 21 49 43.67 45.9 44 49.89 39.69 45 29 43.32 46 49.9 45.85 45.04 49 49.99 45 34.9 44.99 40.99 45 44.65 44 44.99 
45.85 46 39.69 42.99 59 45 49.89 49.9 45.04 40.99 47 47 45 44 48.92 44 45 21 29 44 43.67 44.99 52 45.9 34.9 51 41.99 49 43.32 49 49.99 49.99 44.65 
21 47 44.99 44.65 46 44.99 34.9 45.9 45.85 52 45 48.92 44 43.67 39.69 44 43.32 59 49.99 42.99 49.99 45 40.99 51 49.89 49.9 45.04 47 49 44 29 49 41.99 
44.99 43.67 44 46 44 47 39.69 49.9 51 44.65 59 34.9 40.99 21 41.99 49.89 49 43.32 45.9 45 48.92 52 45.85 45 42.99 45.04 45 44 49 47 49.99 49.99 44.99 
44 48.92 44 41.99 47 45 39.69 45.85 49 49.99 49.99 46 21 44 43.32 29 49.9 45 52 59 51 42.99 45 34.9 45.04 44.99 44.99 47 44.65 45.9 49 40.99 49.89 
49 44 44.65 45 45.85 21 44.99 40.99 48.92 47 49.99 43.32 39.69 34.9 41.99 42.99 59 49 47 51 45 43.67 44 49.89 49.99 46 45 44.99 52 45.04 44 45.9 49.9 
45.04 29 44.99 47 41.99 44.65 46 45 39.69 49.9 43.67 49 42.99 51 49.99 44 44 21 52 49.99 34.9 44 43.32 44.99 45 49.89 40.99 59 47 48.92 45.9 49 45 
45.9 49.99 44 45.85 45 43.67 49 39.69 49.99 41.99 43.32 42.99 40.99 49.89 45.04 44.65 45 46 44.99 44.99 34.9 45 59 51 47 44 47 49.9 44 48.92 29 52 21 
45 40.99 45 45.04 49.9 44 45 43.32 47 42.99 51 44.99 45.9 49.99 44 44.99 49.99 52 59 47 43.67 34.9 49 29 49 41.99 48.92 44.65 49.89 45.85 46 39.69 44 
15 19 25 15 30 35 30 12 18 24.9 17.9 24.9 19 19 15 21 19 13 30 19 20 15 17.9 9.99 15 19 14.97 19.9 18 9.95 18 26 20 19.9 
