32 34
48.92 40.99 51 43.32 29 41.99 47 44.65 45.9 49.99 49.89 49.9 34.9 49 45 44 49.99 47 45 49 45 43.67 44 45.04 44.99 46 39.69 21 59 44.99 45.85 52 44 
44.99 45.85 49.9 39.69 21 45.04 49 49.89 49.99 51 40.99 44 49 44 48.92 45 46 44.65 47 34.9 29 44 45 59 45.9 42.99 52 45 44.99 43.32 47 41.99 49.99 
49.89 41.99 45.04 45.85 49 49.9 51 45 42.99 46 49 47 44 39.69 34.9 45.9 45 44 44 44.65 45 48.92 49.99 44.99 52 49.99 21 59 40.99 44.99 43.32 47 43.67 
21 46 29 45.85 44 44 45 59 48.92 49.9 49 43.32 49.99 47 43.67 45.9 51 40.99 45.04 49.99 45 44.99 41.99 44.99 42.99 49.89 47 45 49 44.65 52 44 34.9 
45 45.04 43.32 44 49 40.99 44.99 46 49.99 45 49.89 44.99 45.85 21 47 44 47 34.9 45 49 39.69 49.99 44.65 49.9 44 29 43.67 59 52 42.99 51 45.9 48.92 
45.04 42.99 43.32 49 59 43.67 47 44 45.85 49.9 44.65 45.9 21 29 44.99 44 45 49.89 49 39.69 40.99 49.99 48.92 49.99 51 44.99 45 34.9 45 47 52 44 41.99 
34.9 52 44.65 29 39.69 41.99 40.99 44.99 44 49 45 45 47 45.85 47 45.04 49.99 51 46 59 48.92 44 43.67 42.99 44.99 45 49 49.9 49.89 43.32 44 45.9 49.99 
29 45 44 48.92 39.69 49.99 45 43.67 45.04 45.85 59 44.99 44 44.65 45 47 44 43.32 49 41.99 44.99 46 40.99 49 49.89 52 34.9 45.9 51 49.9 21 47 42.99 
45 45 44.65 34.9 44 41.99 44 49 45.9 44.99 44.99 29 45 46 49.99 43.67 43.32 44 21 47 49.9 42.99 49.89 49 40.99 45.85 51 48.92 52 47 49.99 39.69 59 
52 45 43.67 43.32 47 48.92 49.9 34.9 49 44 40.99 44.99 49.99 42.99 51 49.99 29 46 47 59 44 45.9 21 44.65 39.69 45 45.85 44.99 49 49.89 41.99 45 44 
44 45.9 29 43.67 44.99 34.9 49.99 45.85 42.99 51 39.69 49.99 43.32 46 44 45 45 44.99 48.92 47 49.9 40.99 21 49 47 45 52 41.99 44 49 49.89 45.04 59 
49 43.32 45.04 43.67 47 44 49.99 44 44 45.9 46 40.99 47 39.69 29 48.92 45 44.99 44.99 34.9 51 45 45 49.9 49.89 49.99 21 49 41.99 52 42.99 59 45.85 
49 45.04 42.99 59 44.99 49.99 49.89 44 43.32 49 45 45 46 45 49.9 43.67 45.85 48.92 21 44.65 47 44 47 51 45.9 41.99 49.99 40.99 52 39.69 34.9 44.99 44 
59 29 45 41.99 49 44.65 49.9 45 44 44 47 44 40.99 34.9 45.9 21 43.32 52 45.04 49.99 49.89 45 43.67 49 49.99 42.99 44.99 39.69 46 47 48.92 44.99 45.85 
49.99 45 43.32 48.92 52 41.99 49 45.9 34.9 44.99 43.67 46 44.65 47 44 47 44 45 59 49.99 49 49.9 42.99 39.69 29 45.04 45 45.85 44.99 51 49.89 44 40.99 
44 43.32 47 44 43.67 44 44.65 29 46 21 42.99 40.99 44.99 49.9 45 45 45.9 49 34.9 45.85 45 49.99 49.89 59 52 49 41.99 48.92 51 45.04 49.99 44.99 39.69 
45.9 41.99 44.99 47 46 49.89 45.85 42.99 44 45 40.99 51 45 49 48.92 47 44 44.65 34.9 29 43.67 39.69 49.99 43.32 49 45 45.04 49.99 21 52 44 49.9 44.99 
46 49.89 49 51 49 44 41.99 47 47 45.04 45 45 52 44.99 21 45.9 45 44.99 29 43.32 44.65 45.85 49.9 34.9 48.92 39.69 49.99 44 40.99 49.99 44 43.67 42.99 
29 49 44.65 49.99 45.9 21 43.67 44 44 40.99 49.9 46 45 43.32 51 45.04 49.99 45.85 41.99 42.99 44 34.9 47 52 59 44.99 45 39.69 47 44.99 49 45 49.89 
34.9 47 47 45.9 45 45.04 46 42.99 48.92 21 44.99 45 44 44 43.32 43.67 29 49 49 49.99 44 44.65 52 40.99 59 41.99 49.99 51 39.69 49.9 44.99 49.89 45.85 
44 45 44.65 47 45.04 29 48.92 44.99 46 44 41.99 49 49.89 49.99 42.99 45.85 52 49 44.99 21 39.69 45 45 40.99 49.9 49.99 44 34.9 43.67 43.32 45.9 47 51 
42.99 49 45.9 47 45.04 45 49.9 49 40.99 44 45 45.85 52 21 43.67 39.69 45 29 48.92 49.99 59 49.89 44.99 51 46 44 49.99 43.32 41.99 44.99 44 34.9 47 
21 45.04 45 44 51 49.9 44.99 43.32 45 44.99 34.9 59 47 45.9 40.99 48.92 44 39.69 46 49.89 44 47 42.99 45 52 45.85 49.99 49 29 44.65 49 41.99 49.99 
51 42.99 49.9 29 44 48.92 21 52 45.9 45 49.99 47 45 46 44.99 47 49.89 44.65 43.67 49.99 45.85 43.32 49 39.69 45 59 45.04 41.99 49 44 40.99 34.9 44 
44 34.9 47 49.9 52 49.99 44 40.99 43.32 45.85 43.67 21 44 48.92 45 49.89 44.65 39.69 47 42.99 29 41.99 49.99 44.99 46 59 45 49 45 44.99 51 45.04 45.9 
44.65 49.9 39.69 44 34.9 44 43.32 42.99 49.99 45.85 21 44.99 49.99 51 44.99 52 47 44 45.04 45.9 49 41.99 49.89 45 46 47 45 45 49 40.99 48.92 43.67 29 
47 49.89 51 49 59 52 44.65 47 45.9 41.99 29 48.92 49.99 49 44 45 43.67 49.99 44 44 45 43.32 45.04 21 46 44.99 39.69 34.9 49.9 45 42.99 40.99 44.99 
49 45 41.99 49 45 44.99 44 44 49.9 52 44.99 48.92 43.32 49.89 49.99 47 45.04 45.85 43.67 59 21 47 45.9 42.99 40.99 45 29 46 51 44 39.69 49.99 34.9 
45 44 49 39.69 47 41.99 44.65 45.9 45 44 51 43.32 45.85 49 49.99 45 44 44.99 49.99 49.9 47 29 43.67 21 52 48.92 42.99 46 49.89 44.99 59 34.9 45.04 
49.9 49.99 43.67 45.85 29 44.99 47 49.99 41.99 51 47 45.9 43.32 49 42.99 34.9 21 44 39.69 44 45 49.89 52 46 44.99 45.04 59 45 44 44.65 48.92 40.99 49 
45 29 47 43.67 21 44 45.04 46 45.85 41.99 49.89 44 43.32 51 47 44.65 45 49.99 39.69 45 40.99 52 49.9 49.99 49 34.9 44.99 44 49 59 45.9 42.99 48.92 
46 29 48.92 51 43.67 45.04 49 42.99 44 39.69 43.32 44.65 45 49.99 49.9 47 52 44.99 21 34.9 49 45.85 41.99 44.99 49.99 40.99 45 44 59 47 44 49.89 45 
49 46 21 34.9 39.69 48.92 45.04 42.99 45 49.89 40.99 44.65 45.85 47 44 45.9 45 44.99 52 47 49.9 43.32 49.99 59 51 44 43.67 29 44 44.99 49 45 49.99 
45 45.85 45 59 49.9 44 42.99 43.67 29 40.99 49.99 45.04 41.99 44.99 52 39.69 48.92 47 43.32 45.9 44 47 45 44.65 49 44.99 44 21 49.99 51 34.9 49 46 
20.99 30 24.9 17 35 149.99 12 20.99 17.9 35 19 19 22 13 35 19.9 9.99 30 25 19 18 19.9 29 26 21 30 19.99 17.9 18 19.99 19.9 12 30 13 
