32 34
45 49.89 44.99 49 40.99 41.99 45 45.04 43.67 52 51 21 44.99 45.85 29 46 47 48.92 59 44 49 47 43.32 49.9 39.69 44 45 34.9 49.99 44 49.99 44.65 42.99 
44 46 45.04 59 29 42.99 45 48.92 45 43.67 43.32 40.99 52 34.9 49.89 45.85 44.65 45 44 41.99 44.99 47 47 44.99 49.99 49.99 45.9 49.9 49 39.69 44 49 51 
34.9 49 49.99 48.92 45 43.67 47 45 44 45.04 45 45.9 44 40.99 49.99 59 21 44.99 46 47 41.99 44.99 52 51 39.69 49.89 44 42.99 43.32 45.85 49.9 49 44.65 
44 45 49 59 43.32 39.69 21 45.85 47 51 34.9 29 45 47 41.99 44 44 45.9 46 40.99 44.99 42.99 49.99 49 45 44.99 45.04 44.65 43.67 52 49.89 49.99 49.9 
49.9 52 39.69 34.9 44 49.99 45 43.32 40.99 43.67 44.99 59 47 21 49.89 42.99 45.85 45.9 44.65 47 46 41.99 45 44 48.92 44 49 49.99 49 51 29 45.04 45 
52 45 47 49.99 40.99 45.9 49 44.99 45 51 42.99 44 47 21 44.99 44 49.89 49.99 41.99 49.9 49 59 45.04 45 48.92 46 34.9 44.65 29 44 39.69 45.85 43.32 
51 44 40.99 44 45.04 41.99 47 49.99 47 34.9 42.99 43.67 49 59 44.99 49.99 48.92 45.9 29 49.89 45.85 49 21 45 45 44.99 39.69 45 49.9 43.32 46 52 44.65 
51 29 43.67 44 45 45 47 39.69 41.99 42.99 49.89 49.99 44.99 49 45 48.92 52 43.32 40.99 49 46 45.85 45.04 49.9 44 34.9 59 47 21 44.99 44.65 45.9 49.99 
49 44 45.85 45.04 39.69 49.99 21 45 43.32 51 49.9 34.9 48.92 45.9 47 44.65 44.99 59 45 49.99 41.99 47 45 44 29 42.99 49.89 44 44.99 43.67 52 49 46 
52 44 40.99 45 45.85 42.99 44 59 47 49.9 49 43.67 45.04 39.69 49 44 45 44.99 49.89 41.99 44.65 34.9 49.99 21 45 49.99 51 29 44.99 48.92 46 45.9 43.32 
51 44.65 47 45 43.67 49.9 44 49.99 43.32 48.92 42.99 39.69 45.85 45 44 52 41.99 49 59 34.9 49 44 49.89 21 44.99 45.04 45.9 49.99 29 40.99 46 44.99 45 
42.99 49.99 45 49.89 44.99 44 47 21 48.92 59 29 49 39.69 47 40.99 49 41.99 51 44.99 52 45 45 43.67 45.9 49.99 45.85 34.9 46 45.04 44.65 49.9 44 44 
44 49.99 51 46 41.99 44 49 52 49.89 48.92 47 40.99 34.9 45 49 44.99 39.69 44 44.99 59 44.65 43.67 29 49.9 43.32 21 42.99 47 45.9 45 49.99 45.04 45 
40.99 47 49.9 49.99 46 49.89 45 45.9 52 45.04 49 45 43.67 45 41.99 48.92 44.99 44.65 42.99 44 21 47 44.99 29 45.85 49.99 39.69 51 59 49 43.32 44 44 
46 49.9 43.32 45 49 49 49.99 59 45 44.65 47 45.9 45.85 42.99 45 44 40.99 41.99 34.9 39.69 49.99 43.67 44 45.04 49.89 48.92 21 44 44.99 47 51 44.99 52 
44.99 49 21 41.99 44 46 45 43.67 49.99 52 51 59 40.99 45 29 48.92 44 45 47 42.99 49.89 45.04 49 43.32 44.99 47 39.69 49.99 49.9 44 45.85 44.65 45.9 
34.9 42.99 51 44 45.9 49.89 21 46 52 45 39.69 49.99 45 49.9 45.85 47 44.65 44.99 29 59 49 47 44.99 44 45 40.99 45.04 49 43.32 41.99 49.99 44 43.67 
51 59 48.92 45 44.99 49 47 45 45.85 47 45.9 49.89 46 39.69 43.32 21 52 45.04 44 34.9 49 49.9 49.99 42.99 45 29 44 44.99 49.99 40.99 44 41.99 43.67 
44 49 44 43.32 34.9 45.04 44.99 43.67 45.85 49.9 44.65 59 41.99 44 45 51 49.99 45 45 42.99 49.99 44.99 47 29 40.99 46 21 45.9 47 49 52 48.92 49.89 
46 45.9 45 43.32 49 52 47 21 39.69 45 45.04 48.92 44 29 44.65 44 59 34.9 49 49.89 42.99 45 44.99 41.99 47 44 45.85 51 43.67 49.99 49.9 40.99 44.99 
44.99 45 52 39.69 44.65 51 45 43.32 44 34.9 45.85 42.99 49.99 40.99 45.04 59 48.92 47 44 49.89 44 49 49 49.9 45 47 41.99 45.9 43.67 21 29 46 49.99 
49 49.9 51 48.92 45.04 42.99 45 40.99 46 45.9 44.65 49.99 45 45 44 43.67 29 44 41.99 47 49 21 34.9 47 49.99 45.85 44.99 49.89 39.69 44.99 44 52 59 
45 52 45 49.99 59 44.99 29 34.9 47 42.99 49.89 47 39.69 40.99 46 48.92 49.99 45.85 44 44.99 44.65 45.04 43.67 44 45 49 49 45.9 51 21 44 49.9 43.32 
44 45.9 47 52 44.99 41.99 21 40.99 34.9 29 48.92 39.69 42.99 46 47 49.89 49 51 49.99 59 45 49.99 49 45 44 43.67 49.9 44.65 44.99 44 43.32 45.04 45.85 
21 44 43.67 45 49 41.99 49 45 45 47 45.04 52 47 40.99 48.92 49.99 44 51 45.9 39.69 44.99 45.85 49.99 44.65 49.9 44.99 44 42.99 59 49.89 46 29 34.9 
45.85 42.99 49.89 45.04 45 59 49.99 45.9 49 43.32 47 51 47 44 40.99 41.99 52 44.99 43.67 44 34.9 49.99 48.92 44.99 46 44 29 45 39.69 49.9 49 21 44.65 
29 44 41.99 43.32 47 45 45.85 49 44 42.99 49.99 44.99 52 44.65 48.92 49.89 59 49.99 49 45 44.99 45.9 45.04 34.9 40.99 43.67 49.9 46 39.69 45 51 44 47 
51 21 45.85 49.89 47 34.9 42.99 45 45.9 40.99 45 49.99 52 49 45 44.99 44 46 49.9 49.99 44.65 39.69 43.67 48.92 44 49 41.99 47 44 59 45.04 44.99 29 
43.32 49 43.67 59 48.92 49.99 21 47 49.9 34.9 42.99 44 49.99 45.85 40.99 45 44 49.89 44.99 41.99 29 46 45 45.04 44.65 49 47 52 45 51 39.69 44.99 44 
43.32 39.69 45.9 45 49 44 21 47 40.99 49.9 51 45.85 46 59 29 49.89 44 49.99 52 45.04 49.99 43.67 47 42.99 41.99 44.99 48.92 44 44.65 45 34.9 45 44.99 
45.85 44 29 48.92 41.99 44 49.89 45 45.9 45 49.99 47 49.9 42.99 49.99 46 47 44.99 49 44.65 45.04 51 52 40.99 59 44 39.69 49 45 21 34.9 43.32 43.67 
44 49 21 43.67 44 47 45 40.99 48.92 41.99 44 49.89 45.04 49.99 47 29 59 45 49.99 45 44.99 44.99 42.99 39.69 46 45.85 43.32 44.65 49 49.9 51 52 45.9 
42.99 51 43.32 49.89 49.99 49.99 44.99 46 21 47 44 48.92 45 45 41.99 47 49 45 34.9 49 45.04 40.99 44 49.9 44.65 43.67 59 45.85 45.9 39.69 29 52 44.99 
40.99 44.99 45.9 46 41.99 49 44 48.92 52 49 43.67 45.85 44 45 43.32 45.04 45 47 49.99 51 49.9 49.99 39.69 44 45 21 47 42.99 29 44.99 49.89 59 44.65 
24.9 12 15 18 17.9 15 15 12 14.97 14.97 17 18 18 19 19 14.97 17.9 26 19 13 25 19 15 15 19 18 25 9.95 19 19 9.99 26 17 19 
