32 34
45.9 21 44.65 45.85 41.99 49.99 39.69 44 45 49.89 42.99 45 59 49 44.99 52 49 44 47 44 43.32 40.99 49.9 43.67 44.99 49.99 45.04 47 51 34.9 46 48.92 45 
21 45.85 41.99 49.99 51 40.99 49.99 45.9 52 39.69 34.9 49 46 42.99 43.67 59 47 47 48.92 49 45 49.89 44.99 43.32 44 44.65 45 49.9 44 45.04 29 45 44 
43.67 21 46 45.9 59 49.9 44 44.65 49 45 49.89 52 51 49 44.99 44 44.99 44 42.99 41.99 40.99 43.32 45 47 47 39.69 48.92 49.99 45.04 34.9 49.99 45.85 29 
43.67 45 51 49.9 44 45 45 47 48.92 44 49.89 44.99 52 49 49.99 49.99 41.99 45.9 59 45.04 44 40.99 29 39.69 44.99 42.99 45.85 43.32 44.65 49 47 34.9 21 
52 44.65 49.89 49 39.69 49 34.9 43.32 49.9 29 42.99 47 40.99 49.99 46 45.04 45 45 43.67 44.99 44 44.99 44 41.99 51 45 21 45.9 47 59 45.85 49.99 48.92 
49.89 41.99 44.99 45.04 45 49.9 49.99 46 48.92 42.99 45.9 44 47 49 52 49.99 44.65 43.32 45.85 40.99 51 44 21 47 45 59 44.99 44 45 34.9 49 39.69 29 
44 44.99 44 44 44.99 51 42.99 45.9 45 49.99 59 21 39.69 47 49.99 43.67 41.99 29 49.89 40.99 47 45.85 48.92 34.9 45.04 45 52 45 46 49.9 49 49 43.32 
59 44 42.99 49.99 44.65 46 45 48.92 41.99 44.99 44 21 43.32 39.69 45 43.67 49 45.04 34.9 49.89 52 49.9 51 45.9 49 45 49.99 45.85 47 40.99 29 44 47 
44.65 44 43.32 45 49.99 52 44.99 34.9 45 43.67 41.99 48.92 44 49.89 39.69 45 47 44 49 49.99 29 47 45.85 59 49.9 21 42.99 45.04 49 40.99 51 44.99 45.9 
49 45.85 44.99 46 59 47 49.99 49.89 44 21 34.9 45 47 43.67 40.99 45.04 41.99 39.69 44 45 42.99 49.9 43.32 45 44.99 51 44.65 45.9 29 48.92 52 49.99 49 
47 49 51 34.9 45 52 39.69 21 49.89 44 43.32 42.99 49.99 47 29 45.04 44.99 49 48.92 44 40.99 49.99 43.67 45.85 46 44.99 49.9 44 45 59 44.65 45.9 45 
47 44 45.85 44.65 41.99 39.69 40.99 45 44 49.99 43.67 49.89 34.9 48.92 45 49.99 42.99 45.04 21 49 52 43.32 51 29 44.99 47 46 45.9 44 45 59 49.9 49 
45.04 43.67 45.9 46 49 48.92 29 59 21 44.99 44 49.99 44.65 49.9 49.99 47 44 34.9 41.99 39.69 45.85 51 45 40.99 49 45 47 44.99 45 44 42.99 52 49.89 
46 47 47 49 45 42.99 43.32 44.99 44.65 43.67 49.9 45.85 45 49.99 52 40.99 49.99 45.9 39.69 45.04 59 29 45 51 49 21 44 34.9 48.92 41.99 44.99 44 44 
45 47 44.65 44 52 46 49 45.04 43.32 44 49 29 42.99 44.99 44 48.92 43.67 45.85 51 41.99 49.89 44.99 39.69 40.99 49.99 34.9 21 45 45 49.9 47 49.99 59 
45.85 47 43.67 45.9 47 45 45.04 46 49 49.9 34.9 44.65 45 49.89 44.99 39.69 43.32 49.99 40.99 21 44 29 45 49 44 51 44 44.99 59 49.99 42.99 52 41.99 
43.32 49.99 44 39.69 49.89 49 52 47 45.04 51 41.99 34.9 45.85 43.67 29 44.99 48.92 44 44 45.9 49 45 59 46 49.9 45 49.99 44.65 47 44.99 21 42.99 40.99 
45.85 40.99 41.99 45 45.04 21 29 48.92 44 39.69 43.32 49.99 44.99 44 47 45.9 45 59 46 45 49.89 52 43.67 44 49 44.99 49 44.65 49.9 34.9 42.99 49.99 51 
49 45 49.89 45.04 44.99 44 51 52 49.9 41.99 44.65 34.9 49 44 47 44 49.99 43.32 48.92 29 59 42.99 44.99 39.69 40.99 49.99 21 45 45 45.85 46 43.67 45.9 
49 45.85 47 45 45.9 44.99 29 49.89 44 52 47 41.99 48.92 39.69 46 34.9 44 45 44.99 42.99 43.67 49.99 44 59 51 45.04 45 40.99 49.99 43.32 21 49 49.9 
29 45.04 49 21 49 44 34.9 44.65 44 40.99 41.99 46 42.99 44.99 47 45 45.85 39.69 45.9 59 49.9 49.99 45 44 49.99 47 51 43.67 49.89 45 52 48.92 43.32 
49 47 41.99 44 44.65 43.67 34.9 49.9 45.85 45.9 49 43.32 49.99 44 40.99 39.69 51 44.99 45 49.99 45 21 45.04 46 52 44 42.99 48.92 45 47 44.99 29 49.89 
49.99 51 44 43.32 49.99 39.69 44.65 49.9 46 59 49.89 45.04 44.99 49 52 34.9 41.99 44 45 49 42.99 44 29 43.67 45 45.9 45 21 44.99 45.85 47 40.99 47 
43.67 40.99 44.99 49 44.65 45 45.85 44 41.99 48.92 43.32 59 47 49 49.9 45 39.69 51 45.9 45 42.99 49.99 52 46 49.89 45.04 44 49.99 44.99 44 29 21 47 
49.99 49.9 49 45 43.67 52 45 59 44.99 47 40.99 46 34.9 42.99 44 49.89 48.92 39.69 43.32 45 29 49.99 49 51 45.85 45.04 21 44 44.65 44 44.99 47 41.99 
47 48.92 42.99 51 40.99 21 29 34.9 44 44.99 52 44 44 49.89 45 46 39.69 43.67 41.99 45 49.9 49.99 45 49 44.99 59 45.9 47 43.32 44.65 49 45.85 45.04 
41.99 49.9 29 44.65 34.9 49 49 44 49.89 44 42.99 45.04 45.85 43.67 40.99 44.99 45.9 21 45 48.92 43.32 49.99 44.99 51 45 52 44 49.99 46 47 45 39.69 47 
44 59 44.65 49.89 34.9 44.99 21 47 51 41.99 45 39.69 47 45.85 48.92 45.04 49.99 29 49.9 45 44.99 46 45 42.99 49 43.67 45.9 40.99 44 43.32 49 49.99 44 
43.32 44.99 49 45 49.99 49.89 45.9 45 47 34.9 29 47 21 49.9 51 45.85 39.69 45.04 40.99 45 43.67 49.99 44 44.65 41.99 59 44 48.92 44.99 49 42.99 52 46 
41.99 49 44 40.99 29 51 47 59 34.9 49.9 45.85 45 44.99 44.99 45 49.99 44 49.89 47 45.04 52 46 49 42.99 44.65 48.92 43.67 45.9 44 49.99 45 39.69 21 
45.04 34.9 40.99 45 46 49 43.67 51 44 59 49.89 42.99 44 49.9 45 21 52 48.92 44.65 45.9 44.99 49.99 47 45 29 49.99 41.99 44.99 45.85 44 43.32 49 47 
21 49.99 45 49 49.9 44.99 47 45.9 49.89 29 44 41.99 44.99 45.85 59 44.65 45.04 40.99 49.99 34.9 47 43.67 48.92 42.99 44 45 39.69 52 51 44 49 43.32 45 
45.9 45.04 34.9 44 45.85 44.65 44.99 47 49.99 52 44 44 49.89 42.99 49 49 45 40.99 47 21 49.9 46 51 39.69 44.99 43.32 45 43.67 41.99 29 48.92 49.99 59 
44 44 48.92 21 47 40.99 45.85 49.89 44.65 47 45 29 49 42.99 34.9 49 45.04 46 44 49.9 41.99 59 45 49.99 49.99 52 44.99 45 51 43.32 43.67 39.69 45.9 
19.9 20 25 19 19 14.97 19 25 19.9 149.99 30 17.9 19.99 24 18 19.99 18 24.9 17.9 22 19 19 19.99 14.97 17 21 30 19 12 22 30 26 30 149.99 
