32 34
40.99 45 51 46 41.99 44.65 44 43.67 44.99 45 44 59 49.99 49.99 34.9 43.32 49 44 39.69 29 49.9 45.85 52 44.99 45.9 48.92 42.99 49 47 47 49.89 21 45.04 
45 40.99 43.67 44 52 44.65 45 43.32 44.99 49.99 51 44.99 42.99 45 44 34.9 49.9 21 47 49.89 49.99 49 45.04 48.92 45.9 44 59 41.99 46 39.69 47 49 29 
45 44.65 48.92 44 45.9 44.99 21 43.67 47 39.69 49 45.04 29 45 49.99 44 40.99 49 46 41.99 47 43.32 42.99 49.9 44 51 49.99 52 44.99 45 45.85 49.89 59 
49 45.04 49.89 49 44 44.65 51 44 52 39.69 48.92 45 44 43.32 41.99 34.9 47 45 29 44.99 49.9 47 49.99 42.99 45.9 45 49.99 21 45.85 59 44.99 46 40.99 
44 34.9 59 45.9 48.92 21 45.04 49.99 42.99 52 29 43.32 44.99 45 51 49 41.99 39.69 46 49.99 43.67 49.9 44.65 47 44 45.85 45 44 47 49 49.89 45 44.99 
45.85 39.69 49.99 49 42.99 49 43.67 41.99 51 29 45.9 48.92 44.99 40.99 59 49.9 49.99 45 43.32 44 34.9 49.89 45 44.99 47 45 44 47 44 52 44.65 21 45.04 
40.99 49.89 46 49.99 43.32 45 45 52 44 34.9 49 48.92 29 49.9 39.69 44 41.99 45 44.99 45.9 49 42.99 51 47 44 45.85 47 21 49.99 45.04 44.99 43.67 44.65 
45 46 42.99 44.99 45.04 45 49 49 34.9 48.92 47 43.67 45.85 49.9 29 44.65 44.99 44 49.99 49.99 49.89 51 44 43.32 45.9 52 21 41.99 45 47 44 59 40.99 
49.99 45 39.69 29 45.9 44.99 44.99 46 49 47 45.85 45.04 44 49.99 48.92 49 44 59 49.89 43.67 42.99 49.9 47 51 21 40.99 34.9 43.32 45 45 44 41.99 52 
47 49.99 43.67 44 44 46 49 40.99 43.32 21 47 45.04 45 51 45 42.99 44.99 29 49.89 59 39.69 44 44.65 52 41.99 34.9 45.85 45.9 49 49.99 45 44.99 49.9 
40.99 59 44.99 46 41.99 51 49.99 48.92 45 44 43.32 45 47 52 39.69 45.04 29 45.85 44 42.99 47 49 45 21 44.65 34.9 49.99 49 44 45.9 43.67 49.89 44.99 
44.99 45.9 45 41.99 43.67 48.92 49.89 39.69 47 49.99 45.04 44 40.99 45 29 21 46 52 44 44.65 51 47 45 49.9 49.99 43.32 34.9 49 42.99 44 59 44.99 45.85 
39.69 52 44 45 29 59 47 48.92 21 45.85 44 41.99 46 45 49.99 49 43.67 44.99 51 49.99 44 45.9 44.99 49 44.65 40.99 45.04 49.9 42.99 34.9 45 43.32 47 
45.85 46 40.99 45 21 39.69 44 41.99 47 44 44.65 45.04 49.99 43.32 49 49.99 45 48.92 49.9 59 34.9 45 44.99 51 49.89 44.99 43.67 42.99 49 47 44 45.9 29 
45 40.99 49 49.9 49 47 45.04 21 43.32 46 49.99 52 43.67 47 29 59 34.9 44 49.89 45 51 48.92 42.99 44.65 44.99 49.99 41.99 45 44.99 45.85 44 44 39.69 
44 51 44 59 49.9 49.99 41.99 21 44.99 45.04 49 45 49 44.99 45 43.32 45.9 48.92 44.65 49.89 44 45.85 45 39.69 52 46 43.67 40.99 47 42.99 47 29 34.9 
40.99 45 49.89 49 49.99 46 59 49 44.65 41.99 47 45 51 43.67 44.99 52 49.99 42.99 44 45.04 29 44 39.69 44 45.9 43.32 21 45 44.99 49.9 48.92 47 34.9 
44.99 21 34.9 45.85 52 45.9 51 49 43.32 48.92 46 45 40.99 49.99 44 45 42.99 59 44 49 44 44.99 47 45 49.89 41.99 49.9 44.65 49.99 29 39.69 43.67 45.04 
45.04 45 21 44.65 51 52 45.85 29 45 44 34.9 40.99 39.69 44.99 45.9 49.9 43.67 44.99 44 49.89 49.99 41.99 48.92 47 47 46 49 49.99 42.99 49 59 43.32 45 
44.99 44.99 45 49.99 45.9 45 44.65 49 47 39.69 41.99 44 48.92 29 21 49 43.67 49.89 49.9 45.85 47 45.04 59 49.99 46 42.99 44 43.32 40.99 44 45 52 34.9 
43.67 41.99 45.9 45.85 49.9 21 46 49.99 45.04 45 51 40.99 59 44 44 44.65 47 45 44.99 49 52 29 44.99 45 49.99 43.32 48.92 34.9 44 49.89 49 47 42.99 
45.9 41.99 44 39.69 49.89 43.32 42.99 47 47 46 45 48.92 43.67 45.04 52 21 40.99 51 44 44.99 44.99 49.9 34.9 49.99 45 49 49.99 44 59 45 44.65 49 45.85 
40.99 41.99 59 48.92 39.69 43.32 44.99 49.9 44 45.04 34.9 51 47 52 47 44.99 45 45 45 49.89 49 42.99 45.85 44 49.99 45.9 44 49.99 44.65 43.67 21 29 46 
43.32 44.65 59 49.99 49 49.89 21 47 29 39.69 45.85 45 47 51 45.9 45 44 49 45.04 52 42.99 44.99 46 43.67 41.99 44 40.99 34.9 49.9 49.99 44.99 48.92 45 
49.89 51 45 41.99 44.99 46 49.99 44.99 49 21 45.9 47 47 52 45 49.99 43.32 49 45.85 44 29 45 44 43.67 48.92 44.65 40.99 45.04 49.9 42.99 44 59 34.9 
49.89 49.99 34.9 48.92 41.99 44 29 46 44.65 44 52 44.99 44.99 45.9 49 49.99 45 21 49 51 45 45.04 47 40.99 39.69 42.99 49.9 59 45 43.32 43.67 44 47 
34.9 45.04 39.69 49 21 42.99 44 48.92 44 59 44.99 51 52 45.85 44.65 46 49.99 44 49 47 49.99 47 45 41.99 43.67 49.89 49.9 40.99 45 44.99 29 45.9 43.32 
59 40.99 45.9 34.9 47 46 44 44 44.99 29 49.99 48.92 45.04 44.65 49 45 51 43.67 41.99 21 49.99 45.85 47 45 49 44.99 49.9 43.32 39.69 49.89 42.99 45 44 
49.9 45 49.99 49.99 49 44 44.99 48.92 49 43.32 42.99 45.04 44 21 44 45.9 45 45.85 44.65 46 43.67 51 45 47 44.99 40.99 47 29 39.69 41.99 49.89 59 52 
59 21 43.32 29 40.99 45 46 45.9 44 44.65 49.89 39.69 44.99 45 44.99 49 49 47 43.67 52 44 34.9 45.85 49.99 45 48.92 51 49.9 49.99 47 42.99 41.99 44 
45 47 59 49.9 44.99 45 49.89 44 44 49.99 45.04 39.69 49 29 48.92 41.99 47 51 45 34.9 43.67 46 44.65 45.85 44.99 45.9 44 42.99 40.99 21 43.32 52 49.99 
40.99 47 45 45.85 44.65 29 43.32 42.99 34.9 48.92 41.99 49.99 45.9 52 45 59 49.99 43.67 44 44 49.89 49.9 45.04 49 51 44.99 21 39.69 44 45 47 46 49 
43.32 44 45.9 44 44.99 34.9 49.99 44.65 52 49 42.99 45.85 44.99 29 51 45 45 43.67 47 59 45 40.99 49 39.69 47 45.04 49.9 21 44 48.92 41.99 46 49.89 
48.92 45 40.99 44.99 44 42.99 49.99 45 45.04 49.89 45.9 45.85 49.9 41.99 21 47 49.99 44 46 29 45 34.9 49 44.65 44.99 59 52 43.32 47 51 44 39.69 43.67 
20 21 26 29 17.9 24 24.9 18 20.99 26 9.95 14.97 19 13 22 24.9 13 19 19.99 17.9 17.9 20 17 17 149.99 15 26 19 29 25 30 26 12 25 
