4 20
9.99 12.86 9.24 5.07 
28.99 23.94 23.39 34.9 
14.26 18.0 14.1 19.0 
22.94 22.0 34.0 29.99 
17.99 20.76 19.0 17.0 
54.0 55.61 59.0 64.99 
29.99 31.0 26.89 34.99 
27.0 28.0 24.75 29.99 
28.99 26.0 36.0 56.0 
94.0 95.9 69.9 105.37 
26.0 31.7 26.9 26.29 
20.76 17.0 18.0 19.99 
36.78 48.0 42.93 28.98 
75.0 67.9 66.33 119.0 
52.0 44.99 49.99 56.0 
34.99 29.99 26.0 25.22 
20.76 15.0 19.99 22.25 
34.32 16.0 34.18 13.35 
17.9 15.04 19.0 15.21 
31.7 24.0 34.99 25.22 
13.9 35.0 14.97 149.99 25.0 30.0 21.0 20.99 24.9 26.0 19.0 15.0 24.0 13.0 16.0 19.99 19.9 15.99 18.0 9.99