4 20
26.0 28.0 26.9 31.7 
59.0 77.0 69.99 39.0 
58.6 69.0 63.0 29.0 
17.0 19.0 14.3 19.68 
16.53 22.0 34.18 23.23 
106.52 110.0 129.0 99.63 
9.99 17.9 12.9 5.07 
19.9 13.66 15.0 15.04 
25.22 26.91 26.0 28.0 
58.95 129.99 49.0 49.99 
16.8 35.67 18.81 19.0 
46.0 53.8 50.0 47.01 
19.0 15.0 14.59 17.0 
86.0 61.5 58.0 77.95 
25.0 21.99 18.0 26.0 
45.66 27.5 36.9 29.99 
49.99 61.17 76.05 19.0 
23.94 31.56 56.18 28.0 
18.0 17.0 14.74 16.63 
38.0 36.78 40.0 46.0 
20.99 21.0 15.0 19.99 14.97 16.0 24.0 24.9 13.9 29.0 25.0 26.0 19.0 19.9 149.99 30.0 17.9 9.99 9.95 13.0