4 20
20.76 19.0 16.0 19.9 
32.09 36.5 35.67 31.0 
52.49 80.19 49.08 89.0 
69.0 93.99 85.0 79.9 
49.99 59.99 44.87 45.99 
59.8 67.0 60.0 69.99 
48.76 30.0 29.99 39.99 
59.99 89.0 49.99 55.45 
80.99 106.95 109.0 107.0 
111.69 124.0 118.0 119.0 
17.9 16.0 15.21 14.1 
28.49 34.99 30.0 29.99 
81.0 99.99 74.42 142.0 
14.74 33.9 19.0 19.99 
45.82 79.99 47.0 61.01 
24.33 29.0 25.22 26.91 
51.44 51.0 48.31 79.99 
49.99 44.0 44.99 43.6 
59.0 62.0 62.57 79.99 
14.34 10.39 15.0 20.76 
14.97 13.9 19.0 25.0 35.0 20.99 21.0 24.0 24.9 19.99 13.0 149.99 19.9 15.0 26.0 17.9 29.0 16.0 30.0 9.99