4 20
27.68 25.22 28.0 30.0 
69.0 68.29 69.99 73.9 
80.71 93.69 99.99 89.99 
46.9 46.89 49.0 29.0 
34.99 33.0 26.0 25.98 
14.1 15.04 16.0 17.9 
59.99 39.9 90.0 49.0 
42.0 36.5 40.16 40.89 
9.9 9.7 34.99 24.99 
73.0 79.0 89.0 72.42 
61.0 72.5 57.02 62.86 
99.99 93.13 90.82 81.5 
17.99 44.9 38.0 15.0 
49.0 39.0 46.36 55.0 
22.94 29.99 24.11 22.68 
18.0 16.99 19.99 20.0 
49.08 38.99 54.0 56.05 
83.79 84.0 99.99 85.19 
34.0 49.0 29.0 52.0 
34.99 26.0 24.69 25.22 
21.0 24.9 19.99 149.99 25.0 13.9 14.97 19.9 20.99 9.99 35.0 19.0 24.0 15.0 30.0 26.0 13.0 9.95 18.0 17.9