4 20
45.73 50.76 47.01 79.0 
89.99 109.0 99.9 104.99 
29.99 28.0 24.02 28.9 
19.99 10.39 22.25 20.0 
88.5 89.9 75.0 71.34 
44.0 55.0 42.99 46.3 
17.0 18.49 16.75 33.9 
17.0 86.0 21.99 18.0 
109.0 111.15 107.05 115.0 
28.49 26.0 29.99 26.46 
30.9 86.0 24.67 29.99 
70.0 59.0 69.8 66.0 
28.0 25.22 26.0 29.9 
39.69 44.65 48.92 44.77 
29.0 26.0 29.99 31.7 
33.0 29.19 26.05 31.0 
101.5 43.0 99.9 99.99 
49.0 59.99 54.99 52.49 
19.99 19.9 22.0 9.99 
59.0 39.51 41.0 142.0 
13.9 19.9 21.0 35.0 14.97 24.9 20.99 25.0 26.0 30.0 19.99 19.0 9.99 15.99 15.0 16.0 24.0 17.9 149.99 13.0