4 20
55.0 44.99 49.47 44.22 
119.9 121.19 119.0 89.0 
29.99 26.0 31.0 20.83 
29.0 44.0 47.01 46.11 
14.99 64.0 62.99 43.0 
42.99 53.8 49.47 44.99 
88.5 72.91 65.0 74.32 
15.0 19.0 15.04 18.0 
27.72 25.01 29.0 25.78 
129.99 129.0 126.96 131.0 
49.08 54.0 35.9 79.0 
39.0 69.98 54.5 69.9 
20.0 16.9 14.34 18.45 
29.0 47.0 53.8 44.9 
75.74 76.88 99.99 74.42 
34.0 47.0 44.65 48.92 
34.0 29.99 24.62 29.0 
85.9 79.99 104.99 118.39 
29.13 27.0 23.94 31.9 
112.0 103.94 119.8 119.9 
21.0 20.99 24.9 13.0 19.9 30.0 25.0 14.97 19.99 13.9 17.9 15.0 35.0 149.99 19.0 24.0 26.0 9.95 15.99 9.99