4 20
35.0 34.18 28.71 29.99 
22.25 10.39 20.0 19.0 
89.0 88.9 99.99 87.0 
69.99 58.9 109.0 94.99 
53.0 49.08 40.18 59.0 
71.0 61.18 58.6 31.99 
20.0 34.18 5.0 16.8 
74.99 75.47 71.34 74.0 
28.9 29.99 22.73 28.0 
14.99 15.0 13.28 12.58 
109.77 129.0 104.61 102.09 
50.29 27.5 49.0 44.22 
42.57 45.0 42.0 47.0 
54.9 59.99 50.76 51.0 
64.82 67.36 89.99 88.5 
26.0 29.0 24.75 65.0 
32.98 33.95 36.5 31.91 
32.0 25.31 29.9 33.45 
18.0 11.54 15.03 18.45 
69.99 51.0 59.8 79.0 
21.0 19.0 20.99 25.0 13.9 24.9 15.0 14.97 24.0 19.99 19.9 17.9 26.0 149.99 13.0 30.0 35.0 9.99 15.99 9.95