4 20
75.7 86.0 89.0 77.16 
45.0 25.46 44.55 29.99 
29.99 26.74 28.0 25.22 
75.47 71.34 75.0 89.9 
48.0 52.0 51.0 42.99 
18.45 20.76 19.9 10.39 
58.0 59.0 63.36 86.0 
25.0 24.99 39.0 34.0 
16.77 34.5 17.0 18.49 
51.0 56.0 55.61 54.0 
38.58 43.0 46.0 69.0 
119.9 123.39 129.99 125.42 
77.9 44.99 49.99 62.0 
29.58 17.9 18.0 16.53 
99.0 127.0 194.0 98.9 
29.99 28.0 31.56 24.59 
34.0 30.51 27.87 32.99 
135.0 148.0 145.07 140.0 
16.02 19.0 18.0 39.99 
55.45 65.0 41.72 65.08 
20.99 24.9 19.0 30.0 21.0 13.9 19.99 25.0 14.97 24.0 13.0 26.0 35.0 15.0 149.99 19.9 17.9 9.95 15.99 16.0