4 20
44.0 46.0 53.8 52.0 
17.0 18.0 19.99 18.45 
68.0 78.74 75.0 59.9 
15.03 18.0 20.76 11.69 
113.75 26.0 31.0 30.0 
24.59 26.85 31.56 27.05 
69.9 30.0 23.94 29.13 
59.0 26.0 29.9 56.23 
39.99 15.0 22.25 19.0 
47.01 49.89 46.9 49.99 
53.0 46.99 45.0 51.0 
69.0 68.29 73.9 59.99 
18.0 16.75 14.74 20.0 
18.0 16.02 19.0 13.63 
89.0 119.0 76.77 137.99 
40.67 47.0 45.0 44.4 
77.0 142.0 71.46 70.89 
29.99 20.67 25.0 22.94 
149.0 179.0 148.9 146.0 
19.0 16.53 23.23 16.8 
24.9 20.99 21.0 14.97 26.0 15.0 149.99 25.0 19.9 13.9 19.0 19.99 30.0 24.0 17.9 9.95 9.99 13.0 35.0 16.0