4 20
15.0 19.99 11.54 18.0 
27.52 29.99 32.0 33.0 
110.7 121.77 139.99 129.0 
25.22 29.0 28.0 26.5 
44.99 51.0 47.0 46.3 
89.0 49.0 59.99 59.9 
70.36 75.9 49.9 75.65 
109.0 129.99 175.89 98.6 
24.01 29.99 36.9 39.99 
57.0 54.74 58.0 69.9 
34.0 35.79 42.37 29.99 
16.99 17.9 14.17 15.09 
15.67 16.63 19.0 18.0 
59.0 55.61 48.31 52.47 
38.0 30.0 29.0 26.74 
24.0 19.0 39.0 19.99 
25.46 41.55 27.68 34.99 
63.33 66.0 32.0 69.8 
15.75 27.5 39.0 38.8 
86.0 48.0 45.0 46.03 
19.9 21.0 24.9 19.99 18.0 20.99 26.0 9.95 15.0 30.0 13.9 24.0 14.97 35.0 9.99 13.0 25.0 16.0 149.99 19.0