4 20
26.9 29.99 26.29 31.7 
19.9 3.9 20.52 15.0 
60.28 52.44 98.0 94.96 
42.99 47.0 46.99 44.0 
19.99 16.9 16.99 18.45 
11.69 10.39 22.25 19.0 
49.49 60.0 51.0 55.0 
69.99 19.99 19.0 49.9 
24.69 29.99 29.0 34.99 
25.0 29.99 23.64 22.0 
29.0 31.0 54.0 29.99 
129.99 109.0 102.66 116.0 
24.19 34.0 24.0 23.99 
59.99 59.9 54.99 59.0 
26.0 29.9 26.97 32.99 
39.6 40.0 34.0 41.0 
99.9 109.38 103.0 89.99 
90.41 109.9 99.0 94.0 
99.99 84.99 84.9 76.0 
42.89 48.67 44.58 46.0 
21.0 25.0 24.9 15.0 19.0 35.0 20.99 19.99 149.99 24.0 13.9 14.97 9.95 30.0 19.9 13.0 17.9 26.0 15.99 16.0