4 20
49.0 52.93 55.0 44.22 
35.67 34.0 31.91 25.0 
109.0 118.39 107.0 104.99 
88.5 65.0 69.0 94.99 
19.9 23.0 13.55 17.0 
20.76 16.9 16.02 20.0 
46.99 49.47 44.22 54.9 
26.08 25.52 39.0 24.67 
16.99 16.9 18.0 18.45 
17.32 22.25 17.0 19.0 
59.9 59.0 55.0 59.31 
129.0 57.99 34.99 29.0 
36.8 41.04 40.0 37.0 
22.03 18.0 35.99 19.99 
18.0 19.99 14.74 39.0 
103.0 133.99 119.0 104.61 
15.0 21.99 38.0 15.04 
18.45 17.0 19.99 20.76 
29.0 24.21 26.0 27.21 
39.0 34.18 19.0 17.9 
21.0 17.9 24.0 14.97 24.9 16.0 20.99 35.0 13.9 149.99 15.99 19.0 25.0 26.0 30.0 15.0 19.9 19.99 13.0 9.95