4 20
29.0 32.5 26.0 24.33 
42.99 36.99 42.19 34.0 
59.99 34.9 52.0 59.9 
59.0 35.61 51.0 54.0 
19.0 17.0 21.99 15.0 
59.99 129.99 102.34 48.67 
34.99 32.9 25.88 28.71 
23.64 25.0 22.0 21.9 
117.48 114.84 112.0 109.8 
34.18 20.0 26.05 16.0 
110.0 104.61 103.0 115.0 
45.0 49.0 44.4 54.5 
24.33 34.0 26.64 9.9 
109.0 108.0 103.98 103.0 
26.0 27.0 36.0 34.99 
11.99 14.99 16.0 12.58 
59.0 62.52 54.5 60.0 
103.94 119.0 112.0 114.99 
45.66 59.0 36.33 38.0 
84.0 88.0 119.0 137.99 
24.9 30.0 21.0 19.0 20.99 13.9 14.97 24.0 35.0 149.99 19.99 19.9 9.95 25.0 26.0 9.99 29.0 15.0 13.0 16.0