4 20
125.42 129.9 117.99 119.0 
29.0 26.85 34.0 48.99 
29.99 39.99 26.0 32.9 
25.22 34.99 29.0 34.0 
18.0 39.0 19.0 22.57 
29.99 31.7 25.22 26.74 
18.45 11.69 14.49 73.0 
47.01 49.99 45.0 49.47 
28.0 23.63 26.9 56.43 
59.99 35.0 44.0 49.47 
28.0 43.0 115.0 26.0 
42.0 38.58 40.5 41.39 
74.0 79.0 88.5 75.7 
25.0 23.64 19.49 29.99 
13.28 17.64 16.0 12.15 
37.99 29.9 33.45 33.0 
46.0 49.0 49.47 49.99 
79.0 79.9 75.0 46.24 
53.0 59.99 56.05 71.0 
93.99 73.7 87.0 92.56 
21.0 26.0 14.97 13.9 24.0 19.99 25.0 30.0 20.99 24.9 9.99 29.0 19.9 13.0 9.95 15.0 19.0 149.99 35.0 16.0