4 20
33.9 19.99 15.67 17.0 
59.0 52.56 49.9 51.38 
19.0 22.25 11.69 18.0 
179.0 93.6 79.0 109.99 
59.99 45.58 54.99 54.9 
59.99 57.45 59.9 54.99 
26.5 29.99 29.0 31.7 
65.0 129.99 49.99 67.31 
42.93 17.99 46.0 38.0 
54.0 62.0 51.0 48.31 
30.0 24.67 27.0 31.88 
60.32 49.99 89.9 59.99 
29.99 25.0 22.0 34.0 
17.0 18.0 39.0 33.9 
25.57 26.0 34.99 28.0 
114.99 108.0 99.9 95.0 
66.33 59.9 65.22 71.51 
60.0 58.99 43.01 40.17 
17.0 15.04 16.0 17.9 
87.0 94.9 99.99 79.0 
20.99 21.0 24.9 13.9 149.99 15.0 14.97 30.0 26.0 19.0 19.99 24.0 19.9 35.0 13.0 25.0 9.99 9.95 17.9 15.99