50 240
124	34.45	136	40	14	116	89.82	126	7	87	56	97.87	33	73	79.45	150	95	74	130	135.77	31	109	25	105	12.92	83	8	53.29	50	42	22	70	12.5	65	82	40	133	79.22	107	38	135.26	79	8	28	75	87.32	57	1	121	54																																																																																																																																																																																														
70	87.43	38	51	84	2	55.93	79	14	17	134	31.59	94	13	109.62	44	141	88	43	71	58	71	92	60	47.55	139	108	68.16	103	130	106	133	6.53	91	74	50	80	106.05	65	50	54.89	47	20	89	132	133.67	84	70	27	92																																																																																																																																																																																														
45	22.65	80	25	141	8	49.91	7	119	33	48	12.96	83	61	59.55	102	88	71	73	101.1	140	57	145	14	128.83	1	39	70.33	112	79	142	58	67.58	56	131	38	76	112.99	2	25	34.03	139	143	115	145	18.62	118	4	7	64																																																																																																																																																																																														
33	64.16	12	18	119	116	93.02	74	75	33	68	126.7	90	133	7.82	33	7	111	77	33.43	119	137	65	66	106.77	144	76	88.43	126	36	60	75	140.37	99	150	5	23	66.09	94	37	59.89	70	98	123	53	122.72	7	57	97	83																																																																																																																																																																																														
4	87.33	92	147	110	92	1.32	120	93	46	99	66	34	95	89.23	46	130	81	25	73.9	47	34	30	69	45.58	42	45	38.67	110	141	61	74	34.4	75	6	94	8	90.75	63	68	129.48	68	129	105	10	76.64	29	75	57	54																																																																																																																																																																																														
34	48.86	126	21	120	31	12.15	106	121	48	93	38.91	132	57	113.1	109	128	98	117	38.65	91	142	58	18	107.8	65	148	99.57	89	50	137	87	145	91	31	73	49	1.43	7	82	36.6	52	25	12	127	117.84	38	108	9	29																																																																																																																																																																																														
57	67.75	96	106	88	17	26.03	150	62	126	150	101.53	4	93	101.55	40	35	3	11	54.09	111	88	149	65	103	119	27	130.95	22	112	28	87	148.6	53	32	12	145	103.14	130	120	44.96	54	108	94	63	104.44	37	1	112	131																																																																																																																																																																																														
41	138.62	98	102	39	86	114.73	28	49	25	57	29.85	26	79	140.25	18	105	148	12	125.09	52	31	133	123	69.78	112	106	128.84	79	141	41	32	108.88	113	138	12	90	12.52	54	82	86.56	55	6	56	15	95.05	73	134	116	89																																																																																																																																																																																														
90	37.51	131	43	76	67	49.27	33	143	83	71	12.1	67	98	54.41	104	17	17	25	59.27	74	112	28	113	41.37	37	145	14.43	1	15	13	110	104.23	106	94	65	105	78.93	71	53	147.76	48	149	149	113	45.37	39	31	36	131																																																																																																																																																																																														
37	41.6	104	52	100	81	70.23	43	60	13	63	61.09	140	75	61.51	3	27	3	25	95.77	9	22	134	22	103.54	137	143	33.48	29	148	40	113	118.41	149	102	28	93	87.16	149	67	77.03	40	37	86	116	111.28	66	29	52	106																																																																																																																																																																																														
36	98.74	125	112	81	49	136.53	45	59	123	40	48.68	108	109	121.82	11	12	141	21	74.51	35	50	78	61	32.53	16	4	22.48	70	19	33	2	92.04	5	81	76	136	7.95	34	147	116.05	70	48	26	39	141.37	109	143	79	47																																																																																																																																																																																														
116	74.9	56	21	66	31	55.46	115	113	68	146	83.82	24	122	125.1	17	108	92	68	57.43	29	87	89	117	47.15	113	2	120.64	84	120	133	74	140.22	32	10	23	100	15.63	85	139	137.48	71	114	144	47	26.13	90	150	127	128																																																																																																																																																																																														
93	114.99	112	139	131	14	96.2	122	130	60	77	149.31	134	129	130.68	73	134	40	10	30.3	66	98	34	122	137.92	101	135	120.91	74	119	133	31	101.33	45	46	33	113	20.9	113	58	96.24	129	108	74	2	55.74	52	24	147	89																																																																																																																																																																																														
80	58.66	105	10	69	122	101.62	53	119	129	73	27.38	82	131	132.7	93	56	142	121	52.52	71	78	70	12	140.79	45	148	71.18	17	29	48	106	141.88	14	45	80	88	130.07	99	123	100.1	15	109	104	141	30.46	132	29	13	56																																																																																																																																																																																														
134	144.54	149	125	112	49	93.94	17	11	125	73	119.03	13	112	18.44	48	7	36	148	29.05	78	44	105	16	81.81	1	61	40.47	43	3	83	129	86.08	30	105	81	74	118.32	68	81	64.47	67	12	24	91	62.42	29	93	142	8																																																																																																																																																																																														
127	26.39	69	52	57	148	66.15	16	31	120	101	82.71	5	87	43.01	77	74	124	121	99.65	41	3	136	6	87.26	75	111	112.47	96	6	137	126	142.16	2	41	9	53	7.16	131	141	110.25	23	20	146	59	79.56	132	81	89	63																																																																																																																																																																																														
101	131.95	91	16	20	47	68.19	86	131	54	82	148.76	54	91	40.09	28	96	39	44	26.35	143	41	64	92	112.91	10	131	68.07	4	85	92	2	90.46	146	114	98	13	137.97	76	20	62.23	133	146	99	54	122.76	31	55	128	70																																																																																																																																																																																														
50	84.66	147	47	28	78	84.52	26	43	77	117	85.27	18	126	44.03	67	129	119	139	54.75	46	82	47	109	130.76	68	28	81.16	98	60	94	78	60.31	15	111	60	82	81.29	89	18	121.95	42	21	9	119	70.79	50	81	127	114																																																																																																																																																																																														
143	79.02	115	54	140	66	60.2	45	98	144	12	8.49	66	105	147.8	51	132	121	54	39.77	102	107	13	147	102.74	22	50	82.36	31	142	35	28	92.36	45	94	13	29	62.19	108	119	6.11	84	7	64	7	42.23	54	79	110	122																																																																																																																																																																																														
113	51.55	16	135	74	148	29.59	37	137	14	147	58.77	64	87	9.01	44	108	27	36	84.88	145	94	108	131	131.94	143	6	56.78	51	121	88	62	71.99	10	31	71	48	59.99	52	49	29.87	122	95	97	139	69.98	137	43	17	5																																																																																																																																																																																														
80	142.48	110	53	123	30	60.32	11	137	81	11	56.43	122	56	67.17	6	148	129	113	148.48	49	104	145	81	86.9	75	100	40	42	30	112	38	44.74	121	92	112	131	98.92	32	70	76.18	64	12	5	141	74.92	17	97	30	25																																																																																																																																																																																														
123	106.72	150	137	4	23	50.44	114	76	9	56	106.99	34	5	145.16	6	113	84	117	64.72	15	74	120	140	110.12	76	140	69.63	33	36	46	95	76.6	75	16	28	59	114.53	31	21	86.91	6	124	9	132	31.77	121	148	64	56																																																																																																																																																																																														
45	49.6	124	42	89	133	132.88	77	33	61	28	58.95	87	38	98.35	71	96	92	3	8.63	36	40	17	101	135.69	85	126	69.64	59	52	42	68	141.74	29	36	125	150	28.99	136	136	117.2	137	19	25	51	101.92	42	73	112	125																																																																																																																																																																																														
5	9.92	137	145	47	2	30.79	122	111	121	35	138.17	99	70	24.59	48	81	53	115	93.25	8	136	142	70	127.18	114	90	128.77	131	11	114	142	99.47	38	139	133	20	44.54	65	60	93.07	62	110	55	132	73.05	33	24	89	115																																																																																																																																																																																														
28	57.64	45	145	39	42	114.13	36	12	50	50	144.28	116	78	130.16	133	5	15	78	3.9	57	3	29	101	14.46	106	98	117.02	113	83	60	71	7.17	69	44	1	9	54.71	112	92	95.65	129	80	108	54	84.94	69	22	14	66																																																																																																																																																																																														
95	135.54	111	80	147	93	34.34	35	49	73	20	71.51	5	67	89.54	96	68	28	73	95	90	35	28	44	4.22	123	53	29.14	20	76	32	89	78.33	119	37	100	26	29.16	46	129	22.62	103	150	138	88	39.22	138	62	82	93																																																																																																																																																																																														
143	104.21	22	66	109	116	42.68	130	111	62	51	58.32	42	17	23.24	11	147	79	39	27.93	10	132	110	66	12.17	41	90	114.55	56	125	50	7	91.18	76	74	50	43	32.38	137	60	51.66	120	95	150	143	123.35	82	69	129	76																																																																																																																																																																																														
117	132.22	8	93	59	106	95.69	45	51	70	143	140.22	52	50	20.81	7	132	1	15	20.18	21	17	111	120	124.28	60	43	57.23	25	102	55	59	32.01	29	146	15	24	122.38	79	60	127.07	59	65	136	13	98.09	1	136	70	44																																																																																																																																																																																														
103	134.85	55	16	13	79	110.88	126	112	132	107	137.48	111	39	23.34	70	83	15	75	117.92	106	150	121	92	132.86	27	90	97.82	18	33	84	121	65.33	131	81	77	55	75.11	129	27	60.56	143	65	82	49	53.82	147	123	80	147																																																																																																																																																																																														
68	37.22	104	38	143	43	13.26	22	83	65	123	88.76	25	95	14.56	58	106	7	88	88.47	58	16	114	4	24.1	84	92	129.52	88	121	102	52	138.97	35	122	8	109	131.51	16	85	29.75	21	120	50	38	134.22	73	20	145	136																																																																																																																																																																																														
72	23.2	123	3	38	55	39.67	91	58	135	96	49	3	18	148.31	100	57	20	62	49.13	56	104	138	61	125.56	49	119	112.16	107	43	134	74	58.8	42	15	32	75	50.39	1	120	138.56	126	78	114	74	17.69	17	32	103	100																																																																																																																																																																																														
147	144.43	60	63	99	52	50.38	48	79	59	32	105.76	21	106	118.12	140	85	28	51	40.86	65	55	29	32	83.01	117	134	31.77	37	6	2	73	137.59	3	53	14	92	88.84	18	14	141.64	49	50	63	116	89.01	113	20	90	93																																																																																																																																																																																														
102	105.22	102	51	79	75	86.23	37	29	136	98	29.71	1	77	40.78	76	6	17	35	100.39	91	46	44	72	85.5	8	110	99.72	34	57	112	131	33.63	78	3	35	7	96.55	22	21	137.78	50	13	128	19	28.93	47	66	11	76																																																																																																																																																																																														
94	91.23	117	111	67	131	34.8	19	16	128	54	81.59	140	31	116.97	75	132	67	60	113.18	75	133	61	47	67.29	4	143	97.97	121	103	102	20	118.85	78	4	95	74	21.85	79	45	89.26	81	39	131	144	40.68	134	31	53	48																																																																																																																																																																																														
121	105.46	113	57	16	135	74.17	142	134	14	116	49.36	51	91	84.57	11	79	26	27	143.48	74	95	54	23	83.91	126	82	136.31	96	79	137	31	143.78	30	81	103	32	36.06	74	124	125	130	47	88	6	8.73	95	70	150	59																																																																																																																																																																																														
89	24.15	27	133	60	115	9.46	145	65	104	14	119.36	146	93	111.92	50	4	53	115	44.34	32	88	123	94	34.44	14	83	6.57	42	51	51	38	37.03	103	134	124	126	11.54	50	129	127.11	131	68	59	90	55.12	1	52	33	96																																																																																																																																																																																														
87	39.4	3	72	68	61	101.2	123	51	48	43	129.14	140	74	71.1	4	73	24	108	56.76	19	149	32	118	14.88	136	34	7.59	77	1	101	132	120.16	68	6	29	83	70.63	10	28	113.44	50	33	33	21	142.27	72	140	50	120																																																																																																																																																																																														
111	75.53	32	29	76	102	88.6	102	123	143	124	134.74	38	6	113.96	33	38	69	76	76.77	38	125	62	59	137.9	78	20	89.94	65	29	98	24	109.09	83	98	42	124	137.34	142	124	69.33	54	54	92	91	86.65	74	83	139	139																																																																																																																																																																																														
37	80.79	130	95	124	95	133.13	89	105	138	143	76.36	28	21	82.87	57	86	133	112	16.63	117	66	125	46	95.32	35	14	91.84	115	64	59	139	39.99	109	61	88	68	55.56	38	80	139.1	118	141	48	24	65.55	110	11	118	148																																																																																																																																																																																														
115	59.76	50	74	128	93	72.51	137	75	97	100	88.28	144	26	33.79	39	121	62	58	64.31	86	112	101	20	6.8	42	47	115.27	73	133	137	112	28.56	79	116	116	149	89.38	90	65	128.08	133	81	64	125	64.31	69	81	52	46																																																																																																																																																																																														
148	109.09	57	136	38	103	139.77	19	41	93	149	4.61	139	26	55.61	116	63	46	129	140.35	53	132	146	85	47.12	146	47	64.6	63	73	32	87	105.69	143	103	128	81	119.73	15	64	86.46	139	73	23	68	128.82	71	58	7	93																																																																																																																																																																																														
93	36.19	79	34	99	91	15.23	114	128	61	113	67.88	115	103	143.23	139	141	7	31	145.2	16	60	11	84	30.69	115	80	117.04	136	20	79	70	100.9	91	82	5	117	110.36	51	112	96.97	31	129	123	79	21.81	2	67	98	16																																																																																																																																																																																														
4	52.77	130	101	110	86	78.37	105	83	62	65	49.35	78	109	14.84	69	98	32	29	139.02	11	68	111	66	35.97	106	119	119.28	41	80	141	143	118.78	77	66	95	93	29.19	5	122	73.35	27	130	15	33	120.52	141	102	17	105																																																																																																																																																																																														
80	56.84	101	7	30	143	94.06	13	65	82	117	99.6	80	80	52.5	37	145	128	44	35	120	31	7	6	72.54	20	15	61.26	7	106	10	70	139.55	11	92	9	2	33.11	16	23	132.86	69	31	74	68	12.56	83	141	115	17																																																																																																																																																																																														
119	101.45	105	81	8	12	97.74	47	135	24	111	28.39	24	29	45.01	83	110	97	150	9.58	105	138	19	14	96.05	125	123	39.72	131	8	73	77	71.52	21	60	16	113	99.51	123	11	43.52	76	131	28	106	108.86	68	112	91	5																																																																																																																																																																																														
7	46.75	21	45	120	27	44.91	62	77	27	58	99.13	61	10	130.99	83	126	110	43	92.28	24	41	15	145	149.37	47	16	83.95	64	1	132	85	149.13	4	105	31	61	25.05	103	99	90.81	44	88	49	36	128.63	150	98	126	10																																																																																																																																																																																														
110	60.85	42	84	58	86	146.04	111	101	32	68	42.36	8	99	71.66	139	84	99	47	101.54	120	56	32	44	33.98	32	99	52.28	18	75	148	72	111.36	132	58	2	22	71.79	117	43	88.01	61	93	42	92	75.9	16	145	56	14																																																																																																																																																																																														
15	117.37	144	127	117	122	17.4	7	114	132	19	36.04	118	56	112.9	69	96	115	24	58.36	11	33	69	32	112.44	143	22	110.69	132	45	24	129	134.67	66	35	131	77	29.28	41	129	113.78	1	150	124	119	101.85	102	59	22	5																																																																																																																																																																																														
24	74.38	76	62	115	30	70.12	102	56	30	49	18.19	97	2	139.58	103	4	16	113	83.44	44	19	24	116	84.18	53	52	3.9	12	72	12	83	66.44	81	42	145	11	47.99	72	57	125.37	141	89	16	131	93.46	34	114	113	79																																																																																																																																																																																														
107	44.69	40	87	8	78	4	55	86	58	44	80.56	18	9	64.91	33	124	99	28	26.25	39	20	124	98	25.08	138	83	21.55	38	87	57	102	82.94	94	53	138	90	32.36	144	66	6.65	3	93	22	5	140.78	71	142	147	122																																																																																																																																																																																														
65	58.56	4	142	63	93	115.08	97	15	99	76	116.6	89	53	14.24	1	45	41	110	136.27	102	102	61	91	15.58	16	100	129.43	143	102	43	98	73.51	62	138	121	50	2.98	150	101	128.4	146	122	94	134	115.95	56	132	62	38																																																																																																																																																																																														
26	59.74	13	134	8	35	119.74	15	102	125	29	12.79	136	73	149.08	75	25	54	137	136.13	120	86	131	108	102.29	55	11	114.03	7	137	144	116	72.58	76	16	76	43	123.89	98	44	13.54	53	95	110	42	93.02	3	41	101	45																																																																																																																																																																																														
99	11.77	75	11	78	15	16.77	117	66	36	147	75.36	97	100	105.92	117	143	140	87	75.74	15	6	8	37	95.92	101	124	48.63	51	56	9	42	69.92	5	46	57	58	96.91	73	39	86.84	17	103	31	61	61.99	25	75	71	62																																																																																																																																																																																														
10	2.2	52	52	87	28	15.11	107	78	55	21	43.87	118	139	7.73	28	85	23	62	120.74	96	92	117	111	75.61	51	129	13.01	87	73	58	136	97.92	39	71	9	12	31.5	127	43	36.81	51	46	126	47	98.12	99	109	24	70																																																																																																																																																																																														
42	88.65	115	117	7	68	76.04	34	149	44	89	92.59	94	42	125.23	89	146	81	139	91.96	49	133	135	150	107.88	74	62	28.9	66	23	12	29	54.25	128	74	119	26	1.24	95	119	141.51	87	103	80	68	70.56	10	15	143	140																																																																																																																																																																																														
90	35.48	31	131	38	86	1.75	79	96	119	33	88.89	98	46	12.04	108	92	54	59	21.84	12	65	23	120	131.5	30	120	26.46	30	15	144	34	126.33	136	12	96	76	40.97	53	74	47.06	117	52	85	71	40.96	79	118	144	39																																																																																																																																																																																														
54	5.53	37	62	23	92	27.58	99	36	130	77	101.3	40	65	67.39	140	59	118	115	133.27	114	95	44	39	4.13	7	87	17.45	66	20	36	132	32.17	23	124	127	23	72.9	18	131	74.64	72	138	35	78	76.52	116	25	34	4																																																																																																																																																																																														
114	59.84	120	14	86	137	42.94	118	116	1	95	105.89	126	26	63.42	1	141	107	50	107.35	112	76	58	56	34.31	85	42	99.76	88	127	96	31	45.62	41	48	43	150	54.97	83	10	33.77	115	5	131	62	24.97	56	45	60	93																																																																																																																																																																																														
45	12.63	120	140	119	104	44.79	104	25	35	139	130.92	4	24	4.74	19	131	116	62	99.81	20	139	40	78	116.76	53	58	96.59	101	103	31	105	113.69	23	39	75	115	139.83	125	117	58.84	93	49	33	38	133.47	144	58	12	126																																																																																																																																																																																														
132	71.73	96	76	76	128	118.17	4	24	143	14	86.44	79	119	58.41	46	76	7	132	101.55	96	1	44	19	23.64	87	118	74.66	63	19	109	91	40.66	94	89	131	141	148.57	46	124	144.64	26	8	31	100	64.07	33	123	89	12																																																																																																																																																																																														
115	5.09	47	61	27	24	13.47	32	132	131	116	143.87	106	10	147.3	120	44	20	17	62.31	117	19	123	13	90.43	135	14	2.08	96	69	28	72	109.55	132	60	47	44	142.5	12	27	60.51	53	147	128	48	26.83	69	146	49	104																																																																																																																																																																																														
83	111.63	118	63	80	92	63.52	60	38	25	77	27.87	24	125	92.08	24	100	56	40	79.6	83	144	111	121	35.64	112	28	61.28	30	28	48	10	88.76	17	87	73	33	64.58	69	94	69.76	146	20	112	47	81.5	95	79	105	12																																																																																																																																																																																														
40	123.38	31	53	44	40	52.82	146	95	26	123	71.87	111	130	10.84	61	12	66	3	68.4	129	145	55	132	131.53	135	142	115.65	113	25	131	136	89.87	68	111	109	107	114.9	54	31	45.54	122	129	90	82	81.26	16	141	100	27																																																																																																																																																																																														
54	30.5	16	108	68	94	85.16	57	93	52	110	45.48	109	21	131	77	67	9	89	57.06	41	112	148	105	68.6	90	134	119.66	4	148	133	34	44.58	146	30	95	47	39.71	89	144	143.38	61	139	126	129	115.06	97	109	141	35																																																																																																																																																																																														
22	86.72	50	121	122	16	111.87	139	78	82	94	70.81	71	102	78.75	116	147	88	51	44.98	31	14	67	94	3.26	113	115	88.31	25	83	52	11	36.13	123	144	40	79	101.34	141	16	88.32	1	84	23	122	86.85	52	68	74	98																																																																																																																																																																																														
14	64.01	149	54	107	29	33.4	100	52	33	147	110.13	124	107	94.09	95	75	116	117	91.46	50	138	11	82	135.81	22	28	147.16	110	81	91	70	70.74	76	96	42	37	39.4	143	29	34.93	64	10	61	91	147.84	72	125	23	103																																																																																																																																																																																														
75	46.64	126	134	83	64	84.58	11	88	57	104	131.32	33	76	35.24	114	77	131	108	111.29	43	2	44	17	143.74	5	88	139.37	39	139	9	117	147.22	17	3	129	44	93.45	78	145	21.85	24	116	20	33	32.73	59	50	17	148																																																																																																																																																																																														
4	140.16	105	52	33	59	10.23	106	42	140	20	109.17	7	44	4.14	102	9	108	118	83.57	86	9	24	12	147.54	115	5	107.34	33	98	7	43	20.17	46	90	140	1	64.89	95	92	55.93	94	70	75	68	76.99	71	60	109	146																																																																																																																																																																																														
96	127.69	50	143	13	52	106.42	57	60	111	140	56.03	145	13	148.48	86	102	18	86	58.55	129	28	101	139	129.93	104	73	131.39	78	18	99	87	49.88	58	128	78	13	53.23	45	44	74.16	110	77	117	105	115.86	64	134	72	149																																																																																																																																																																																														
20	76.24	129	46	94	22	142.91	72	49	80	28	83.08	84	30	80.89	10	19	72	22	134.6	41	46	10	95	71.52	7	79	55.39	66	34	133	17	111.41	57	13	107	64	88.72	125	33	35.63	75	43	60	72	105.11	76	45	57	12																																																																																																																																																																																														
16	149.11	98	30	141	40	56	113	105	30	70	127.46	8	34	89.96	11	44	45	98	34.05	97	54	59	36	17.64	87	143	141.83	92	104	36	97	63.34	143	26	5	140	71.12	9	57	109.05	29	90	16	22	62.36	33	34	48	123																																																																																																																																																																																														
25	77.77	43	69	119	55	12.89	27	49	134	44	91.85	20	123	145.71	57	120	56	51	27.9	66	125	46	63	39.08	68	81	100.43	11	46	17	136	93.15	19	32	23	12	2.49	120	36	93.5	107	25	85	79	77.35	66	65	125	43																																																																																																																																																																																														
82	50.9	82	100	137	55	84.01	109	26	7	21	32.09	35	28	118.2	78	121	91	1	15.72	29	55	44	105	98.93	77	10	83.94	106	77	39	89	133.89	8	89	80	54	92.51	139	113	95.88	102	86	11	35	62.62	78	118	138	145																																																																																																																																																																																														
124	122.44	35	127	3	4	130.74	106	87	105	27	52.44	72	86	52.29	39	128	87	131	56.87	146	72	119	87	75.38	50	24	42.63	145	79	23	69	70.16	10	108	143	33	116.95	63	9	62.08	146	97	98	142	70.92	63	15	128	76																																																																																																																																																																																														
80	38.05	16	132	73	33	115.86	130	62	97	49	82.69	41	148	86.31	123	84	16	2	24.64	48	59	42	136	146.35	20	127	123.48	146	73	102	98	34.32	126	142	84	32	3.71	61	59	103.8	24	85	96	108	126.21	61	9	108	34																																																																																																																																																																																														
2	71.86	2	1	13	25	68.16	108	67	51	24	66.42	118	78	16.73	29	93	77	11	64.69	62	122	47	61	116.04	83	129	8.32	112	17	148	39	106.67	59	12	54	7	127.93	37	112	84.52	21	126	84	60	56.99	36	112	62	17																																																																																																																																																																																														
98	104.07	107	9	53	120	82.29	19	122	66	86	31.71	146	123	25.68	9	51	105	97	113.87	4	14	77	75	38.78	99	57	42.64	134	133	2	137	113.12	139	135	19	117	99.08	55	25	11.44	120	76	52	26	139.64	21	51	70	17																																																																																																																																																																																														
78	53.24	72	139	26	33	124.64	138	96	55	36	7.73	15	61	44.17	80	83	77	111	115.95	92	41	45	13	16.75	138	89	59.45	70	39	86	81	63.02	56	45	59	109	104.14	113	73	112.53	5	42	126	34	128.45	107	46	6	48																																																																																																																																																																																														
135	129.51	146	94	29	18	135.21	39	112	99	133	147	44	87	70.18	8	14	83	28	131.68	130	148	139	41	131.14	10	136	104.51	128	15	14	53	143.61	105	141	86	144	22.83	119	79	128.76	136	134	61	65	79.01	131	3	52	114																																																																																																																																																																																														
104	147.91	89	112	102	149	21.8	102	23	33	13	122.73	63	110	16.96	75	12	42	113	28.68	123	78	8	38	141.65	82	62	71.51	9	149	27	29	7.35	9	150	68	107	71.56	117	30	148.31	132	90	149	8	37.45	83	102	48	32																																																																																																																																																																																														
66	12.05	57	44	84	144	118.61	83	132	57	27	82.37	27	77	39.08	85	95	144	31	92.46	96	33	55	1	136.98	18	11	31.18	14	40	87	88	107.99	129	139	56	134	17.55	91	50	25.27	76	13	53	114	104.34	88	12	105	149																																																																																																																																																																																														
33	58.21	39	139	53	127	126.57	99	141	28	65	107.43	14	8	29.16	33	94	141	15	12.16	100	3	3	119	60.14	97	38	142.44	56	43	7	30	37.2	24	10	128	79	78.64	93	106	33.81	126	125	131	58	55.85	117	72	27	6																																																																																																																																																																																														
139	121.19	69	43	123	141	29.8	41	95	10	64	66.44	29	73	84.41	34	102	64	131	38.03	49	131	140	25	64.87	96	108	80.43	120	85	59	141	65.36	29	114	150	118	34.99	126	19	68.62	113	110	54	127	37.9	88	30	128	11																																																																																																																																																																																														
145	50.37	26	10	20	27	118.26	76	118	57	82	144.11	133	120	117.84	60	90	52	68	68.51	58	21	43	52	16.55	117	66	11.81	73	86	3	33	117.91	29	21	128	125	74.9	114	17	96.8	131	64	141	60	89	106	134	68	127																																																																																																																																																																																														
63	37.45	72	101	7	53	140.18	115	144	144	120	74.78	75	119	108.01	113	49	8	1	76.28	44	20	68	12	83.49	95	117	125.96	20	117	146	117	10.45	70	85	23	60	7.18	117	137	110.93	120	30	58	27	28.83	65	35	18	52																																																																																																																																																																																														
11	121.86	144	32	17	69	52.74	85	104	68	30	149.97	120	128	59.46	128	123	114	34	140.15	37	73	22	3	142.03	106	145	99.19	123	69	106	150	134.69	92	36	112	5	128.98	103	111	1.73	104	119	76	111	117.11	23	16	84	106																																																																																																																																																																																														
8	145.3	103	143	120	125	41.93	82	148	58	117	76.12	107	114	8.17	13	55	18	132	106.1	126	9	107	36	107.62	91	142	110.59	69	13	23	60	14.56	115	135	48	141	11.36	121	71	4.43	127	110	89	110	74.87	78	77	57	112																																																																																																																																																																																														
88	147.87	122	7	148	42	95.74	10	86	64	14	93.07	60	93	108.89	29	117	84	82	143.47	73	85	80	131	148.78	144	147	98.87	48	35	82	62	103.88	83	87	75	53	45.35	67	145	15.06	72	133	47	72	144.67	56	111	39	35																																																																																																																																																																																														
143	5.38	77	140	140	30	147.45	17	43	104	40	106.96	142	20	122.96	127	115	115	1	14.37	39	10	50	19	73.69	98	123	69.29	23	47	101	37	6.15	103	143	39	89	81.86	82	73	128.51	8	130	40	73	131.77	108	139	108	92																																																																																																																																																																																														
128	12.03	122	119	86	39	105.32	86	25	55	60	48.73	146	107	97.32	45	14	21	85	94.97	114	98	73	129	121.65	84	58	107.19	112	9	27	4	97.66	139	94	135	53	65.48	43	35	125.23	125	30	11	78	145.58	138	102	34	123																																																																																																																																																																																														
21	48.13	149	16	21	43	91.51	24	73	94	106	7.83	49	63	19.74	12	29	101	114	147.77	7	38	103	103	49.5	133	67	118.3	3	70	13	117	123.44	67	19	32	1	45.3	69	127	65.09	116	4	2	84	25.92	84	124	54	140																																																																																																																																																																																														
114	135.28	33	36	27	115	147.49	19	118	128	86	79.55	148	150	7.83	113	137	109	66	25.57	92	62	78	73	84.22	137	141	82.87	118	78	127	136	7.89	10	62	129	87	111.38	34	51	64.82	42	138	57	32	20.5	109	86	72	121																																																																																																																																																																																														
98	67.35	90	1	146	6	40.9	4	21	73	126	25.43	80	82	97.68	116	105	82	118	6.7	6	97	29	141	96.22	131	68	107.07	127	10	4	33	73.79	66	112	42	64	36.68	99	53	79.43	15	36	23	147	143.71	8	85	40	97																																																																																																																																																																																														
28	49.01	97	2	127	48	144.69	10	80	62	141	129.69	52	83	26.96	118	145	131	124	49.12	65	110	90	55	61.49	139	40	28.92	91	25	120	144	32.01	148	58	74	126	55.82	67	131	52.23	91	80	131	79	8.35	99	5	19	74																																																																																																																																																																																														
28	51.29	22	16	106	98	121.51	145	131	77	117	59.75	4	88	41.79	3	27	119	128	72.08	132	42	124	85	86.26	32	78	57.22	41	53	15	79	137.3	31	103	104	136	11.97	120	109	131.38	129	110	114	21	103.55	136	115	14	74																																																																																																																																																																																														
11	60.92	58	8	28	98	147.56	98	124	13	26	2.27	63	69	139.39	128	70	141	148	20.1	126	88	21	10	120.38	46	36	61.76	70	1	50	88	19.55	76	73	42	3	22.76	8	127	108.3	12	126	88	52	12.81	123	97	37	15																																																																																																																																																																																														
99	17.78	50	29	96	88	103.14	92	123	86	60	98.37	80	80	42.43	127	130	67	41	70.81	25	35	51	147	142.3	12	147	111.17	11	92	46	48	132.48	130	17	133	29	74.17	69	110	94.74	90	49	13	88	97.78	102	110	41	35																																																																																																																																																																																														
142	18.75	87	12	75	11	90.27	5	23	32	97	131.03	86	53	127.07	43	112	46	40	75.26	143	46	137	67	142.49	86	49	99.42	50	145	83	28	93.07	43	115	103	113	90.19	95	46	76.57	55	150	107	55	86.2	83	131	1	34																																																																																																																																																																																														
8	33.3	115	34	125	117	141.01	10	92	95	52	104.48	37	142	56.71	112	57	125	100	123.9	87	54	42	138	111.17	116	51	133.64	52	43	119	27	37.04	55	61	28	91	48.98	91	5	7.45	31	73	50	86	36.1	88	50	88	69																																																																																																																																																																																														
124	81.24	17	33	62	51	112.25	62	8	65	108	51.08	17	80	107.42	84	138	15	36	129.12	98	137	48	10	146.91	105	122	12.5	70	96	79	100	125.56	74	81	17	141	62.13	125	130	99.29	59	25	41	149	77.11	150	108	101	94																																																																																																																																																																																														
45	21.73	110	128	90	52	43.49	130	58	98	51	17.15	45	26	61.63	133	144	100	137	2.95	116	13	63	22	144.68	136	8	10.06	147	132	85	108	9.42	68	101	51	35	89.13	125	136	108.41	69	82	106	16	17.73	86	102	45	30																																																																																																																																																																																														
121	78.5	115	20	119	144	114.72	100	59	79	142	112.63	70	102	71.45	95	31	87	132	140.51	51	88	42	91	118.75	115	11	133.95	10	82	87	19	46.64	115	31	32	90	121.43	129	117	33.27	82	67	11	99	139.09	150	73	31	32																																																																																																																																																																																														
135	126.46	133	36	8	133	104.14	63	122	22	23	100.27	105	146	19.6	81	52	125	94	35.35	29	66	107	10	44.29	84	118	11.01	46	17	77	111	87.26	31	75	50	31	147.1	120	131	90.94	127	25	93	109	59.06	63	85	92	104																																																																																																																																																																																														
77	126.47	65	30	141	27	60.37	70	97	1	126	2.4	150	9	53.9	30	44	115	35	71.92	22	50	39	42	130.18	74	129	147.23	47	60	74	100	35.72	77	45	71	72	10.58	106	133	60.91	139	110	144	105	144.12	86	94	117	36																																																																																																																																																																																														
23	4.65	90	117	123	108	59.06	33	77	134	122	16.6	70	113	32.56	12	141	30	129	66.77	7	70	64	53	125.61	113	125	60.26	12	99	108	148	129.91	66	53	123	129	115.25	69	40	126.21	30	137	53	18	119.86	57	82	67	63																																																																																																																																																																																														
108	68.44	86	53	92	141	130.37	140	148	118	115	37.37	82	29	121.28	22	81	109	10	32.76	150	12	134	80	66.81	26	30	2.02	142	87	64	137	21.43	15	144	76	119	54.74	106	118	132.21	55	91	68	113	85.61	118	11	150	4																																																																																																																																																																																														
113	107.3	102	16	116	5	76.26	102	57	77	130	129.02	62	75	108.38	53	11	38	94	116.08	116	68	103	50	20.99	133	143	58.8	92	14	94	90	53.95	141	46	64	36	138.26	111	64	106.15	61	140	109	4	137.68	116	110	138	143																																																																																																																																																																																														
84	13.32	47	44	6	123	98.08	61	82	110	144	142.18	121	59	106.3	100	78	137	52	82.72	116	142	146	35	12.07	11	23	15.89	45	3	34	110	21.82	86	30	143	139	82.14	95	81	91.59	81	138	37	35	116.91	148	10	34	123																																																																																																																																																																																														
6	40.98	143	39	17	89	109.04	22	20	128	91	71.03	81	11	68.19	69	71	136	107	128.74	80	34	128	28	76.5	149	8	7.41	38	103	76	150	35.5	15	95	103	101	82.32	76	91	83.64	26	58	101	30	140.48	70	23	13	124																																																																																																																																																																																														
82	90.93	102	46	134	126	11.5	140	7	84	79	88.62	22	18	97.06	76	45	49	20	141.81	147	6	4	133	104.77	34	131	109.06	150	5	14	130	78.24	48	39	79	76	60.88	17	33	89.04	146	59	63	91	110.24	76	41	80	25																																																																																																																																																																																														
126	30.5	62	138	79	42	122.35	104	42	145	63	50.21	76	137	81.02	13	71	42	22	119.78	42	129	126	117	129.79	147	11	71.89	97	25	56	84	68.26	114	116	73	89	125.04	61	50	136.51	61	132	102	52	132.4	43	46	137	72																																																																																																																																																																																														
136	20.71	143	7	91	142	49.51	96	2	108	147	102.76	39	99	122.18	6	28	24	135	136.95	84	24	91	1	28.99	91	15	14.92	107	9	5	1	70.01	40	13	136	65	27.52	108	15	3.03	79	122	105	46	131.46	82	51	35	13																																																																																																																																																																																														
127	32.8	34	124	6	70	124.43	126	62	131	72	129.64	13	48	132.51	47	46	72	92	22.91	117	67	24	146	113.83	108	77	124.91	128	63	41	1	27.54	31	75	9	83	7.43	37	85	53.35	49	79	101	30	137.31	41	125	112	49																																																																																																																																																																																														
59	7.95	29	86	23	131	140.86	24	138	133	124	138.63	63	141	8.82	133	25	112	116	91.52	80	24	106	66	64.35	97	134	24.4	58	140	9	141	45.79	90	58	128	15	103.74	7	34	117.13	150	32	89	35	9.39	101	28	8	78																																																																																																																																																																																														
128	12.46	146	79	46	68	86.76	23	77	33	121	16.97	9	75	27.77	88	18	143	47	108.59	17	17	10	104	129.23	28	54	47.91	131	123	143	100	82.5	58	120	132	46	124.89	20	12	7.11	142	73	7	1	22.38	57	64	36	34																																																																																																																																																																																														
49	133.02	93	10	17	135	121.93	52	12	83	35	58.04	78	58	72.53	112	106	55	1	127.1	32	67	121	53	107.7	104	127	137.64	96	19	23	107	131.2	148	18	90	100	102.89	62	97	128.95	120	4	45	93	74.79	81	24	112	146																																																																																																																																																																																														
16	22.34	63	39	95	119	74.71	37	20	132	136	22.38	13	4	139.43	54	104	116	123	97.61	65	147	102	28	144.47	67	135	83.77	49	30	128	18	136.67	59	47	89	5	33.65	70	51	43.27	82	131	55	105	148.29	121	40	117	41																																																																																																																																																																																														
27	94.44	38	109	83	90	104.16	58	113	139	81	52.87	74	40	39.16	112	53	90	1	134.23	119	107	52	120	86.21	102	110	74.92	34	101	44	1	64.4	62	2	67	106	107.34	117	87	21.1	8	39	93	86	124.05	107	140	121	70																																																																																																																																																																																														
144	59.21	19	26	70	90	17.06	26	33	78	128	18.62	129	25	130.28	77	107	143	12	75.86	71	132	97	131	20.19	23	59	106.78	110	17	68	111	79.9	145	73	102	28	131.45	52	123	149.28	4	142	7	61	120.14	22	22	132	70																																																																																																																																																																																														
126	97.53	22	90	40	1	119.29	78	26	127	114	26.61	138	4	74.48	79	114	138	57	36.75	72	28	40	150	83.51	40	93	50.82	54	9	99	125	30.79	81	141	101	139	124.35	90	96	48.76	71	28	19	130	130.2	80	4	11	49																																																																																																																																																																																														
139	92.57	78	54	98	99	100.81	43	140	108	76	138.77	123	129	105.89	13	28	69	50	146.27	140	35	3	140	136.26	138	46	147.41	111	65	96	83	20.65	45	106	70	129	19.18	23	69	142.61	11	35	135	40	27.4	32	13	13	135																																																																																																																																																																																														
105	118.63	115	16	5	133	33.47	46	116	36	123	116.48	31	128	114.68	49	40	3	129	145.35	88	45	94	90	21.37	136	88	130.89	38	103	107	91	108.77	48	131	107	139	28.86	131	149	18.27	118	40	51	128	56.63	119	139	76	74																																																																																																																																																																																														
31	66.82	30	25	61	116	146.81	31	69	2	13	1.66	120	16	27.3	43	57	120	4	75.66	132	76	144	42	111.84	127	62	81.1	96	97	32	76	98	118	58	150	57	8.86	111	66	111.47	149	99	89	136	27.23	13	17	131	34																																																																																																																																																																																														
70	31.29	114	8	124	3	56.05	54	150	17	110	55.45	76	7	108.88	41	15	129	34	40.45	100	58	143	88	141.97	22	65	61.61	55	36	116	58	26.85	53	124	86	137	72.86	91	11	10.36	71	124	46	150	88.32	119	13	58	121																																																																																																																																																																																														
82	116.3	145	54	52	8	82.89	117	54	90	118	28.1	61	9	67.44	13	65	86	9	57.76	32	37	94	133	139.75	45	50	55.93	60	35	42	50	77.77	98	25	36	98	24.91	132	139	102.81	16	91	109	92	81.23	91	147	77	11																																																																																																																																																																																														
132	61.8	91	113	77	5	127.81	146	81	106	42	102.28	68	49	87.19	42	30	37	58	96.31	43	11	124	122	133.94	74	150	132.48	133	119	125	9	17.16	102	150	126	21	52.27	39	71	17.39	143	146	67	32	147.4	146	140	137	131																																																																																																																																																																																														
4	81.72	7	25	4	57	82.1	147	76	48	139	14.37	74	123	149.15	10	37	46	17	127.82	121	25	123	99	43.47	102	2	31.68	84	13	147	75	22.37	137	4	2	114	100.69	117	39	121.82	31	85	19	44	99.47	149	122	29	133																																																																																																																																																																																														
76	76.89	20	56	105	16	110.48	15	140	37	133	71.64	116	74	30.85	117	114	90	140	80.15	124	67	121	57	116.66	144	11	26.93	35	14	40	131	11.7	4	145	6	19	14.17	37	93	93.71	128	105	149	110	86.14	98	108	20	3																																																																																																																																																																																														
30	38.83	81	38	41	1	109.38	52	77	111	35	75.98	114	139	20.05	67	54	20	115	69.59	128	118	136	10	85.61	31	4	26.07	86	24	117	43	140.19	135	102	31	79	89.61	39	22	28.76	71	28	31	109	2.34	43	41	136	110																																																																																																																																																																																														
6	5.29	145	83	84	5	61.42	131	43	149	49	41.24	41	146	23.35	149	150	111	92	89.61	66	20	22	47	15.01	18	75	80.47	103	125	73	109	95.22	75	21	22	108	66.28	6	23	123.82	105	79	54	58	12.29	18	124	36	86																																																																																																																																																																																														
67	80.41	101	84	21	50	75.46	118	116	37	122	40.29	1	148	117.2	147	17	127	84	66.89	54	70	70	87	100.51	57	15	97.6	133	57	130	113	108.77	32	99	60	91	46.97	54	112	67.87	48	23	142	87	110.63	24	40	64	97																																																																																																																																																																																														
47	84.43	2	56	135	4	39.55	39	10	97	21	39.32	101	116	7.06	83	109	99	30	11.93	20	130	150	46	40.06	92	23	86.6	55	51	76	78	131.12	124	89	112	44	39.87	10	51	147.64	59	56	110	73	122.9	79	52	86	138																																																																																																																																																																																														
93	98.37	68	131	111	135	18.72	43	11	86	64	88.88	62	85	59.69	70	56	91	100	78.06	42	71	136	102	115.34	111	122	80.38	146	127	90	100	72.88	128	5	85	58	11.68	13	1	87.41	55	115	69	38	60.62	84	106	113	100																																																																																																																																																																																														
40	76.22	135	56	15	145	7.29	9	105	72	19	51.66	87	107	41.98	38	142	34	28	66.29	79	148	69	31	54.25	92	1	12.8	61	129	57	6	110.96	128	51	118	38	1.34	8	133	3.71	114	100	134	63	53.67	38	54	42	123																																																																																																																																																																																														
82	46.86	108	85	36	141	37.04	35	16	34	109	26.06	104	101	114.04	3	72	131	120	149.92	58	48	39	36	125.06	101	9	121.97	62	8	80	38	64.46	7	65	11	136	121.36	45	131	17.42	147	123	142	74	13.05	129	71	121	43																																																																																																																																																																																														
90	58.51	16	145	113	119	96.66	89	27	80	39	113.63	48	133	141.63	88	70	35	146	65.84	120	91	145	98	93.14	47	149	9.03	63	5	61	141	121.72	41	74	106	85	70.34	41	43	148.45	148	97	9	36	50.26	27	10	105	64																																																																																																																																																																																														
61	98.8	100	113	70	94	102.78	50	82	150	33	82.75	27	29	33.44	85	18	112	39	26.48	103	107	119	36	101.91	118	143	5.44	122	75	103	58	128.36	81	55	131	52	135.36	119	143	44.94	5	99	31	94	58.8	42	21	15	7																																																																																																																																																																																														
119	61.8	60	50	33	11	27.45	37	147	125	108	128.12	85	127	139.42	100	52	34	51	32.49	71	140	45	121	24.55	67	118	76.02	125	20	94	32	125.44	119	7	91	12	81.76	100	29	65.74	141	24	119	25	44.21	49	71	40	2																																																																																																																																																																																														
110	3.75	138	112	14	25	11.83	52	95	91	90	101.48	107	70	113.27	147	113	62	99	41.41	145	129	14	103	142.93	146	21	41.39	84	35	26	101	63.7	35	67	22	34	84.4	34	28	43.92	87	104	75	74	108.21	138	118	13	103																																																																																																																																																																																														
148	121.68	136	116	55	116	90.94	29	135	31	71	22.95	129	89	25.76	60	42	83	135	117.9	62	102	19	145	41.81	74	61	42.13	78	31	38	18	145.36	47	52	10	37	40.09	46	22	129.99	141	33	38	84	147.49	49	131	26	12																																																																																																																																																																																														
95	132.09	94	131	84	55	28.74	69	123	59	136	110.19	106	95	111.9	150	99	97	42	80.81	21	10	108	31	136.15	28	119	28.16	10	49	136	47	104.09	26	52	85	57	52.69	121	86	2.88	84	6	142	73	99.3	8	73	15	46																																																																																																																																																																																														
84	133.65	110	4	23	15	142.08	145	94	122	64	142.94	101	95	16.32	11	71	48	40	107.53	147	69	15	123	117.36	34	136	59.3	80	90	11	9	115.58	135	76	83	10	28.65	26	14	31.03	89	53	83	59	139.94	46	6	43	143																																																																																																																																																																																														
148	81.56	37	103	31	60	85.42	58	10	51	112	147.59	27	40	96.38	21	49	115	5	4.72	131	3	44	92	124.67	142	85	86.06	141	93	113	2	68.45	146	37	42	143	77.58	6	85	88.42	51	57	126	119	123.66	39	123	143	149																																																																																																																																																																																														
93	23.59	132	138	70	80	134.53	97	11	12	19	128.66	7	116	63.06	98	102	37	20	12.34	64	20	47	11	149.14	102	30	48.56	146	37	132	143	118.83	145	94	21	1	40.98	109	32	87.71	72	67	81	107	61.27	122	76	128	94																																																																																																																																																																																														
148	102.13	78	72	33	62	147.97	125	69	51	7	39.5	134	65	109.83	97	146	22	27	62.38	100	64	20	46	73.83	90	142	147.47	111	20	98	11	79.86	53	144	130	60	100.14	86	114	144.85	93	23	97	69	113.8	35	118	92	52																																																																																																																																																																																														
15	45.03	59	90	26	99	72.73	3	146	115	105	63.83	47	69	63.19	84	115	58	22	69.37	12	17	144	27	98.38	28	147	20.73	25	42	105	5	54.07	126	145	73	58	101.45	71	93	102.95	2	61	114	123	54.13	110	7	117	61																																																																																																																																																																																														
10	110.54	115	98	104	84	35.17	107	8	109	134	133.32	143	133	119.77	59	54	129	137	88.2	138	72	43	75	42.37	106	35	21.2	149	77	103	60	76.12	16	110	43	4	21.34	15	85	19.77	142	91	88	84	71.68	50	47	21	116																																																																																																																																																																																														
113	57.35	78	146	2	4	57.08	128	78	37	127	100.77	32	60	123.95	42	44	45	26	19.68	64	35	51	128	139.08	146	82	30.58	130	46	46	96	118.03	67	78	47	85	133.5	44	26	62.2	85	149	33	138	57.79	78	66	75	101																																																																																																																																																																																														
70	126.58	118	62	12	134	14.65	92	43	97	106	20.18	145	139	96.63	102	79	44	87	15.95	127	82	40	91	17.98	114	89	69.02	61	59	92	41	13.88	5	136	139	116	7.95	20	110	136.69	112	28	85	108	110.08	8	45	74	9																																																																																																																																																																																														
109	142.53	53	145	22	118	138.74	139	29	66	9	31.84	136	125	45.12	9	80	111	95	122.09	45	25	4	95	40.31	109	122	44.66	35	118	88	81	16.67	53	38	10	74	117.71	109	18	92.22	72	103	138	41	95.66	106	58	61	60																																																																																																																																																																																														
62	38.58	8	26	40	115	55.32	63	60	142	76	21.95	100	146	42.2	49	94	115	112	113.63	53	46	1	36	112.06	69	128	85.62	131	122	54	120	1.19	86	101	16	37	122.68	53	89	128.08	117	54	98	123	105.75	2	96	150	10																																																																																																																																																																																														
32	145.97	15	119	88	99	27.95	41	53	121	68	59.32	149	136	62.75	109	113	145	18	109.46	121	140	109	28	132.33	93	97	31.67	62	44	66	42	115.89	95	30	132	26	102.82	5	56	26.87	90	46	51	117	71.72	94	78	120	112																																																																																																																																																																																														
68	35.96	132	22	150	50	20.09	14	14	27	126	145.9	97	85	42.32	39	95	102	119	53.91	144	19	144	36	88.46	147	127	22.87	4	107	59	92	31.77	88	43	126	1	141.36	11	123	118.31	77	74	43	149	88.97	36	35	57	142																																																																																																																																																																																														
82	99.21	41	109	46	39	12.08	78	141	1	95	84.67	30	121	53.35	75	40	140	57	85.38	104	29	99	23	17.63	147	86	128.52	97	52	124	120	23.39	26	139	53	45	87.74	47	66	120.67	132	57	22	148	96.08	91	5	32	3																																																																																																																																																																																														
53	32.84	116	49	6	95	117.95	62	124	26	67	8.42	38	19	68.84	37	50	8	124	107.79	9	10	12	6	103.89	40	90	106.38	138	32	84	58	130.02	60	10	48	50	95.81	55	144	19.23	79	134	35	99	59.13	79	66	30	34																																																																																																																																																																																														
92	115.7	149	116	66	126	24.71	14	147	1	96	97.37	138	6	127.8	34	56	139	52	107.04	49	104	11	114	73.48	142	114	44.76	27	57	122	107	35.89	133	52	47	39	97.91	24	4	53.6	4	91	144	38	92.26	82	53	83	71																																																																																																																																																																																														
13	92.6	136	23	38	46	18.64	56	90	5	42	20.71	140	8	69.62	57	95	29	120	11.6	35	53	88	90	85.14	80	129	110.3	56	29	146	24	97.57	82	125	127	74	56.18	138	96	12.58	108	58	112	136	52.89	3	44	38	73																																																																																																																																																																																														
75	131.46	64	25	3	55	119.43	56	34	41	130	30.42	131	1	34.65	105	115	98	11	115.82	16	137	141	82	38.66	122	63	18.89	54	78	80	13	136.12	64	31	111	13	14.21	14	87	36.01	71	86	60	88	26.11	2	45	99	54																																																																																																																																																																																														
39	97.83	76	1	63	10	47.07	21	13	129	139	32.55	20	85	148.84	29	1	98	105	126.43	41	35	58	143	17.83	23	90	49.33	68	143	5	61	84.4	44	137	120	68	149.15	4	69	107.94	102	34	39	137	95.78	127	82	14	58																																																																																																																																																																																														
129	104.7	102	2	120	13	30.24	82	95	112	133	112.87	53	99	33.04	12	70	106	56	107.57	27	73	10	118	118.22	62	16	99.37	109	23	50	65	38.49	33	94	98	112	99.41	47	15	61.16	54	43	13	66	59.67	25	126	115	42																																																																																																																																																																																														
68	16.21	94	5	66	27	64.59	131	5	127	128	85.32	128	31	30.73	13	94	140	76	104.36	4	125	86	25	43.25	81	96	60.99	83	18	87	71	55.3	128	71	140	116	10.65	44	2	13.86	73	9	23	131	48.75	64	1	10	127																																																																																																																																																																																														
132	42.6	19	82	61	60	55.4	132	69	147	66	61.84	30	14	148.36	130	69	38	49	132.38	79	144	53	63	116.8	103	149	3.75	60	140	109	118	61.05	64	61	67	128	111.13	83	61	88.51	35	124	147	95	103.8	139	18	45	56																																																																																																																																																																																														
73	90.67	109	83	32	103	124.36	67	70	106	122	63.56	141	40	5.39	42	134	10	6	54.47	41	143	150	70	149.44	22	12	144.12	144	134	139	144	31.73	57	119	144	59	36.04	72	60	133.4	20	111	31	56	103.15	20	133	147	115																																																																																																																																																																																														
103	53.17	69	28	90	114	125.98	149	54	117	57	81.5	98	118	131.67	31	78	66	64	117.91	129	85	55	26	54.6	5	99	103.84	81	81	141	148	41.88	20	3	133	75	36.35	75	36	5.36	136	42	75	56	82.87	6	58	8	129																																																																																																																																																																																														
6	123.4	102	147	76	69	138.29	61	60	129	16	47.77	46	51	143.2	56	135	143	121	51.92	93	7	89	41	41.51	23	24	83.67	109	13	10	46	124.97	116	1	57	9	24.42	94	46	149.39	134	16	120	82	135.57	122	63	130	26																																																																																																																																																																																														
99	139.86	16	30	50	103	95.77	27	121	39	91	145.08	138	101	62.63	63	73	55	68	30.87	68	64	36	105	32.76	6	119	47.26	91	31	27	121	29.9	76	72	76	5	98.72	96	21	100.5	145	78	84	89	33.2	60	11	63	35																																																																																																																																																																																														
22	133	148	137	144	91	81.15	114	104	95	8	127.86	66	58	26.14	5	72	52	41	138.97	128	76	13	2	88.64	13	81	62.37	6	141	101	16	119.24	6	6	67	93	116.34	130	31	16.27	58	12	137	125	124.21	36	9	30	121																																																																																																																																																																																														
97	25.73	117	9	81	71	29.64	104	42	23	134	23.93	53	35	74.38	125	99	3	137	117.85	126	35	128	83	128.68	90	121	85.47	142	65	3	16	81.29	46	9	89	11	29.23	65	62	14.69	31	82	150	59	54.85	147	54	114	34																																																																																																																																																																																														
28	115.48	116	58	48	42	65.69	36	145	128	36	135.7	30	24	106.42	101	92	139	68	121.58	9	67	90	60	114.47	93	126	80.1	11	95	40	18	32.31	39	95	85	135	78.5	6	46	54.44	138	38	5	118	15.37	103	54	141	105																																																																																																																																																																																														
11	40.17	60	106	119	18	80.19	11	29	64	44	43.51	35	67	12.84	30	8	65	124	113.6	87	120	34	76	125.95	49	56	34.99	7	140	46	75	137.74	99	33	66	47	30.38	75	10	36.98	71	18	30	66	99.93	33	88	148	147																																																																																																																																																																																														
66	56.77	63	135	74	111	109.13	133	25	128	146	68	126	43	43.2	133	52	1	104	136.43	79	6	138	82	30.27	37	102	33.33	127	131	9	67	97.68	93	113	102	150	107.12	117	111	63.03	49	41	35	53	73.93	59	131	4	13																																																																																																																																																																																														
81	77.63	44	138	141	28	25.04	114	100	124	73	117.34	122	79	99.9	69	7	139	70	17.25	84	54	104	135	123.39	148	98	131.15	128	85	40	69	148.2	35	98	106	12	63.03	51	15	95.73	87	14	121	133	99.66	144	13	63	96																																																																																																																																																																																														
42	95.55	27	116	60	11	28.15	70	42	56	22	85.31	94	10	8.95	105	149	57	120	48.47	72	52	19	20	128.13	33	94	35.22	80	125	140	74	67.65	59	29	49	93	30.9	73	146	47.01	142	49	144	23	140.22	18	47	66	138																																																																																																																																																																																														
26	110.59	79	137	57	112	47.1	124	24	81	71	34.87	49	23	44.99	10	69	57	21	21.23	110	146	115	18	99.35	124	115	18.41	122	96	139	95	21.94	126	121	115	131	37.52	129	42	50.38	40	37	133	143	58.62	28	75	89	61																																																																																																																																																																																														
126	57.95	90	33	115	7	125.46	50	149	141	139	21.98	52	25	94.89	62	7	47	49	35.36	74	80	48	76	149.7	86	96	81.57	132	24	95	8	90.49	69	45	36	32	81.43	148	85	46.56	107	128	61	110	60.17	136	132	84	27																																																																																																																																																																																														
27	143.04	41	147	88	116	8.32	119	49	72	16	39.65	67	134	36.82	142	124	4	16	111.2	96	85	26	94	30.66	55	37	49.09	13	61	131	35	90.39	61	88	48	37	139.3	96	32	143.87	72	41	114	85	75.91	124	56	132	122																																																																																																																																																																																														
23	1.02	118	133	116	116	108.33	61	63	72	39	105.63	86	117	23.73	78	82	71	59	21.34	8	65	84	109	45.33	72	27	1.96	46	69	3	117	109.73	150	83	51	70	12.45	76	67	78.97	12	50	32	66	147.71	51	60	5	77																																																																																																																																																																																														
27	55.57	94	30	85	103	14.82	22	78	6	46	40.47	71	39	13.62	147	71	12	130	91.41	78	120	15	40	127.8	12	31	47.25	115	125	135	4	123.85	100	76	40	133	51.24	73	74	112.9	138	138	146	9	70.29	1	148	7	124																																																																																																																																																																																														
77	41.36	66	92	74	54	69.09	83	9	1	15	53.87	143	63	91.2	135	93	128	59	146.88	12	147	87	105	89.03	84	68	9.74	137	124	14	88	26.81	46	16	108	135	63.09	115	64	85.43	12	5	91	54	145.92	79	120	7	21																																																																																																																																																																																														
80	135.06	39	136	28	70	92.2	4	115	2	42	137.82	59	113	69.61	144	141	117	15	12.88	98	29	39	54	133.65	127	80	41.97	122	48	114	124	69.32	106	132	42	29	111.76	131	6	121.63	115	4	13	131	103.63	78	56	88	54																																																																																																																																																																																														
138	36.97	150	149	141	71	131.98	9	87	36	38	34.07	32	137	49.46	43	66	46	94	52.32	94	85	68	72	107.2	89	83	51.45	68	47	53	130	53.54	17	148	96	69	81.04	76	7	134.35	95	87	2	119	122.84	80	3	108	22																																																																																																																																																																																														
1	2.4	139	110	88	120	92.58	96	112	128	65	109.73	139	66	122.92	23	29	124	17	92.11	107	87	146	98	37.69	39	75	99.39	36	91	1	133	96.51	8	48	130	103	61.74	23	91	40.49	105	39	128	93	53.44	28	91	115	29																																																																																																																																																																																														
123	30.09	64	69	31	81	5.5	38	74	117	22	80.45	146	80	131.09	43	19	72	29	138.42	27	141	113	96	51.14	112	76	76.29	139	58	65	15	41.25	41	69	28	72	125.91	23	59	130.1	73	68	136	78	8.84	144	132	52	90																																																																																																																																																																																														
77	80.71	141	40	104	27	15.34	43	54	27	118	40.35	30	112	3.8	26	18	29	109	15.15	94	110	36	141	18.84	49	148	70.72	24	100	75	31	94.87	88	98	8	24	84.81	131	39	45.92	45	117	68	124	48.73	25	7	125	137																																																																																																																																																																																														
112	90.9	20	28	125	122	140.15	115	14	107	114	55.49	51	131	64.26	17	87	38	93	111.37	136	34	101	96	25.83	53	10	136.08	36	108	134	26	25.61	9	32	78	128	80.6	137	44	46.44	42	55	145	93	124.11	53	30	37	9																																																																																																																																																																																														
18	80.99	97	57	23	103	75.81	126	30	14	79	128.41	87	71	60.75	147	35	59	21	2.14	104	126	88	131	89.16	42	135	6.51	19	27	59	77	94.54	112	121	9	126	143.04	111	87	146.43	96	37	74	59	138.96	39	27	42	19																																																																																																																																																																																														
33	16.54	25	29	37	102	123.78	128	28	68	27	136.62	100	106	140.15	101	115	109	100	31.86	127	86	93	15	18.73	39	90	96.45	132	106	13	132	62.82	13	72	44	34	35.23	68	21	52.87	38	74	10	28	45.22	53	122	80	45																																																																																																																																																																																														
74	12.93	93	124	113	59	2.75	15	97	89	68	37.64	67	83	122.51	130	50	121	94	111.65	125	112	13	1	23.95	106	48	119.85	114	145	109	59	143.38	146	7	109	105	2.87	33	45	91.86	11	105	122	87	50.29	146	1	89	109																																																																																																																																																																																														
42	30.15	33	3	37	80	57.38	48	91	22	16	125.29	2	136	121.56	92	104	23	78	7.91	88	139	37	95	141	128	127	84.26	92	72	36	1	39.28	135	12	50	108	42.56	47	93	127.71	27	98	46	125	121.15	95	66	10	36																																																																																																																																																																																														
77	24.41	44	149	103	40	6.88	40	118	30	106	47.68	86	13	44.64	30	137	117	62	16.56	104	29	30	112	88.03	67	90	148.28	145	89	72	69	118.67	55	79	74	28	57.41	80	115	140.26	149	18	123	89	21.83	130	127	118	119																																																																																																																																																																																														
34	12.71	97	104	18	27	89.17	33	134	48	13	91.38	131	69	126.47	24	150	15	44	49.16	108	1	83	14	12.55	37	70	74.08	3	136	66	90	14.85	117	118	7	17	98.94	123	54	1.5	30	137	48	58	14.13	58	91	60	89																																																																																																																																																																																														
42	19.41	38	48	92	122	92.78	37	107	139	37	107.81	64	122	14.2	110	18	142	24	120.22	10	29	18	122	136.19	102	6	56.12	7	27	83	111	84.96	129	47	20	44	8.16	36	134	51.53	41	86	98	130	100.15	73	62	61	103																																																																																																																																																																																														
109	137.82	31	112	55	148	30.59	89	113	18	15	16.49	30	98	114.55	132	127	105	36	140.89	54	46	148	10	71.66	136	139	25.64	133	10	45	91	28.75	96	26	31	104	111.29	60	114	143.63	118	89	25	14	71.43	16	126	98	22																																																																																																																																																																																														
75	86.19	63	132	3	109	36.21	37	103	44	99	60.31	44	113	148.96	45	115	51	81	63.39	106	85	24	95	63.53	20	134	75.38	2	138	127	101	133.84	29	82	45	137	18.74	120	27	84.31	91	58	77	80	135.8	37	142	90	149																																																																																																																																																																																														
121	74.84	72	145	109	99	87.83	35	21	140	47	88.76	48	31	37.41	99	133	74	46	7.49	114	85	71	148	110.11	58	8	7.07	62	46	98	117	23.31	91	72	82	57	9.06	20	132	133.88	45	99	62	16	148.76	84	107	135	92																																																																																																																																																																																														
6	55.06	13	77	117	72	39.37	37	125	123	92	136.54	144	112	52.81	9	74	39	79	16.78	104	1	97	31	32.4	49	143	144.32	19	103	126	108	98.58	22	125	92	31	100.69	86	3	24.12	122	64	62	80	31.5	54	102	22	104																																																																																																																																																																																														
73	129.43	111	37	97	4	47.79	36	84	101	43	135.35	64	72	71.85	25	73	34	42	4.75	78	109	64	50	67.48	92	106	59.97	137	58	69	78	122.42	14	109	102	84	136.15	78	150	104.91	87	61	112	136	36.42	45	86	136	7																																																																																																																																																																																														
141	45.08	49	14	93	99	115.25	96	72	10	149	131.47	123	44	25.74	131	133	116	16	132.55	85	70	60	81	87.91	7	58	50.65	27	84	39	95	57.85	128	15	4	67	74.81	54	72	94.69	65	79	96	114	54.25	109	62	109	4																																																																																																																																																																																														
49	75.56	92	17	49	88	34	128	18	52	81	132	120	64	91.55	106	135	136	74	47.38	137	6	111	145	126.01	44	117	86.82	118	46	38	32	144.76	62	103	87	2	136.39	28	71	78.3	69	21	33	106	79.54	121	130	12	40																																																																																																																																																																																														
18	79.94	145	43	136	9	9.15	23	73	48	140	32.11	86	123	73.58	110	91	15	118	133.55	12	120	36	108	144.69	95	47	58.41	30	72	145	35	84.59	112	139	136	15	148.34	22	32	51.22	112	49	124	129	138.53	104	20	127	79																																																																																																																																																																																														
89	88.87	142	19	44	103	136.71	61	126	63	102	23.72	112	6	147.83	98	88	114	149	118.47	6	68	29	54	55.24	17	120	46.13	95	49	86	75	63.5	80	4	148	44	76.59	115	150	59.09	93	105	141	75	93.44	2	39	48	129																																																																																																																																																																																														
18	34.37	63	66	133	58	86.19	115	36	43	15	108.55	48	141	4.1	72	82	81	143	44.97	89	120	111	45	103.1	32	58	109.51	65	93	80	18	94.87	8	51	149	28	143.59	125	84	2.46	3	55	88	9	91.86	45	16	13	22																																																																																																																																																																																														
126	97.66	112	67	79	72	112.87	50	8	14	7	128.78	4	51	132.06	9	72	20	75	7.39	88	146	58	37	70.08	30	43	134.87	32	41	101	56	2.34	125	72	83	15	56.97	38	3	68.83	132	110	60	134	125.07	22	84	20	64																																																																																																																																																																																														
89	75.31	105	23	128	129	109.58	51	34	85	148	34.21	62	145	140.64	73	49	57	103	91.44	67	27	119	144	134.08	84	36	12.57	90	22	113	27	79.99	47	59	52	38	4.64	13	17	125.26	67	144	46	61	130.25	30	102	58	47																																																																																																																																																																																														
51	78.26	59	99	94	44	123.77	147	138	76	120	14.86	11	150	126.66	148	34	95	24	147.59	13	103	24	121	2.4	60	41	21.41	144	150	6	128	132.42	27	65	125	51	22.74	40	127	124.18	101	106	107	66	146.23	63	88	129	18																																																																																																																																																																																														
112	117.41	5	81	15	76	52.69	140	54	10	72	43.47	121	29	38.39	10	60	115	118	115.71	95	14	15	66	139.4	72	32	61.57	47	140	54	35	56.31	97	40	103	91	121.48	143	150	3.52	34	112	92	125	35.61	104	53	138	128																																																																																																																																																																																														
101	34.51	36	128	80	30	62.2	132	85	91	45	148.91	123	63	25.24	122	132	7	118	94.47	54	112	8	32	107.15	47	3	4.87	136	132	126	67	144.65	79	126	73	91	40.94	50	64	75.38	144	139	118	14	117.58	11	1	39	68																																																																																																																																																																																														
82	143.98	72	34	17	21	2.26	39	131	130	69	16.1	117	135	36.47	55	116	20	20	76.61	109	104	142	38	101.18	74	81	107.52	17	96	55	29	117.46	25	6	11	16	59.13	25	146	117.82	150	17	93	38	17.32	53	120	94	137																																																																																																																																																																																														
117	29.89	131	27	107	111	49.05	93	30	40	143	105.15	98	83	63.84	38	72	55	55	22.75	39	100	56	57	26.56	53	24	9.31	32	60	16	2	59.74	75	122	21	2	92.23	22	52	126.09	145	122	28	81	101.35	63	60	101	96																																																																																																																																																																																														
19	101.33	16	73	32	32	142.38	74	10	30	141	78.44	92	24	146.36	139	93	144	28	82.99	43	47	25	58	22.67	23	129	25.08	7	72	62	53	42.03	49	135	31	111	128.84	17	150	13.59	113	60	31	124	112.9	99	14	19	5																																																																																																																																																																																														
97	74.58	122	150	62	92	24.45	61	83	72	112	123.85	83	73	97.74	130	26	98	26	141.04	81	16	141	140	51.48	50	31	39.23	60	66	50	8	31.23	82	130	148	129	134.46	74	58	30.46	142	143	58	122	93.92	123	120	142	59																																																																																																																																																																																														
18	149.44	19	13	116	72	23.55	46	1	50	14	23.98	44	102	22.42	27	33	30	45	146.32	142	87	23	90	136.06	15	100	66.79	18	60	150	90	113.69	13	60	65	58	112.73	66	104	127.68	135	134	104	85	99.01	106	87	3	120																																																																																																																																																																																														
90	114.86	20	91	107	130	57.37	19	142	60	40	42.95	146	83	61.22	61	72	43	38	137.72	24	23	102	14	97.84	74	84	18.9	99	140	109	33	42.47	90	39	63	98	71.59	134	54	1.07	40	120	34	62	42.46	116	19	48	74																																																																																																																																																																																														
89	42.67	116	75	91	106	37.27	131	26	21	101	59.7	21	109	20.08	61	50	7	82	117.6	3	30	54	146	32.91	67	60	92.53	57	88	96	130	72.55	70	46	93	22	103.49	49	40	93.13	54	102	87	35	45.01	17	1	11	127																																																																																																																																																																																														
24	100.78	42	116	52	78	82.39	148	150	68	10	52.09	33	12	34.6	127	56	79	111	64.97	90	119	135	49	39.83	65	114	57.18	43	6	17	70	85.97	5	99	10	106	68.22	91	9	22.65	44	96	125	32	59.86	142	98	96	107																																																																																																																																																																																														
3	143.82	29	108	116	68	84.72	108	26	138	146	44.7	121	141	24.66	17	137	136	78	68.55	76	10	17	138	53.83	146	80	53.43	90	63	34	108	22.87	70	67	101	31	147.37	9	113	29.6	120	24	26	26	126.1	111	9	108	143																																																																																																																																																																																														
86	79.24	147	21	112	61	53.64	126	147	95	40	137.63	121	57	96.72	145	44	58	140	37.71	2	15	138	79	37.69	53	89	24.45	55	115	144	101	18.16	64	59	115	115	58.84	131	34	94.53	138	95	88	26	121.89	140	20	34	43																																																																																																																																																																																														
42	38.2	21	117	69	109	73.11	81	142	101	26	91.24	74	105	105.02	139	149	26	141	61.04	144	24	88	55	34.79	17	81	7.42	127	46	135	57	60.78	58	85	136	127	40.83	119	88	9.43	2	143	128	33	92.88	41	104	115	106																																																																																																																																																																																														
112	7.51	83	138	82	121	149.08	35	75	34	54	58.3	32	48	33.53	2	83	127	89	43.68	142	136	133	72	115.41	138	25	119.84	10	49	35	107	22.15	104	51	136	6	22.51	52	132	120.69	85	77	6	5	50.98	47	43	74	70																																																																																																																																																																																														
85	145.64	87	78	27	79	11.35	45	102	101	121	52.15	93	78	26.49	4	26	127	128	120.42	128	8	46	139	10.98	86	84	31.17	89	43	25	94	81.03	131	110	144	53	90.71	41	69	60.24	69	64	112	61	39.84	73	125	80	35																																																																																																																																																																																														
79	48.59	73	133	100	90	89.06	93	19	89	13	131.13	32	43	120.28	96	122	21	12	107.41	9	115	122	15	37.6	92	57	21.56	120	80	21	66	112.08	52	41	140	130	87.1	101	117	62.35	66	29	79	76	50.86	133	57	72	44																																																																																																																																																																																														
145	103.48	130	77	100	131	22.96	103	71	77	113	8.28	32	34	122.37	86	111	26	8	55.58	114	119	17	24	56.95	112	77	142.11	7	39	15	132	69.26	101	89	133	98	52.62	104	130	72.39	51	144	31	106	64.28	110	64	125	54																																																																																																																																																																																														
93	66.9	39	66	65	43	46.88	64	147	144	106	129.81	28	146	83.23	65	96	78	144	52.04	54	43	127	74	117.74	47	146	106.62	70	52	36	127	109	27	107	24	146	81.84	143	73	80.14	105	38	22	88	101.26	141	40	130	24																																																																																																																																																																																														
90	124.82	11	90	62	60	24.11	19	120	79	119	126.18	70	145	72.89	94	100	61	31	76.89	112	142	148	9	61.08	68	102	8.42	43	58	114	100	95.09	118	136	22	56	83.37	37	147	131.95	146	131	116	72	143.1	17	28	140	89																																																																																																																																																																																														
110	109.23	50	5	126	60	145.66	107	21	8	149	44.35	42	132	31.82	61	78	15	55	130.28	14	6	124	33	6.58	84	1	109.01	144	100	43	66	41.79	10	110	60	102	60.5	38	21	17.23	47	135	57	93	83.94	89	129	89	22																																																																																																																																																																																														
142	36.68	113	29	129	24	27.37	43	113	150	4	37.78	87	46	33.66	117	129	48	95	110.51	133	146	30	136	4.51	130	109	133.15	18	140	24	86	16.28	123	36	15	50	141.3	73	108	24.53	134	109	11	141	1.57	5	98	129	96																																																																																																																																																																																														
60	65.18	40	65	106	28	43.16	82	83	150	68	24.13	135	8	123.04	89	73	141	18	119.07	137	85	120	69	77.27	59	62	115.57	55	96	19	102	12.8	45	69	102	92	32.31	103	45	130.8	80	117	85	93	126.08	149	31	58	17																																																																																																																																																																																														
32	87.02	65	53	135	129	29.41	127	20	48	18	11.17	18	51	31.31	150	122	120	81	13.11	52	116	70	109	130.89	56	96	28.74	124	94	9	44	4.76	23	61	26	59	117.34	114	8	97.54	117	57	25	42	112.59	109	24	128	42																																																																																																																																																																																														
71	33.69	136	12	71	108	138.79	138	106	116	128	17.35	12	42	26.37	118	148	116	17	111.31	30	83	63	87	23.96	146	19	43.18	29	103	126	29	95.07	128	21	22	137	9.21	95	31	146.5	138	25	66	108	51.32	89	135	106	125																																																																																																																																																																																														
138	96.36	17	88	50	111	53.88	2	106	105	86	12.63	48	79	65.68	87	56	145	84	126.54	28	121	59	149	136.52	17	20	15.03	133	41	3	114	147.38	81	127	133	75	17.71	5	148	116.26	97	45	5	126	148.13	67	118	129	60																																																																																																																																																																																														
24	122.67	110	106	103	54	148.43	124	69	73	98	116.79	18	37	145.65	103	150	1	121	19.92	122	42	44	123	51.51	89	128	129.82	98	108	19	123	97.35	35	38	31	38	63.03	144	126	92.71	35	39	145	108	63.13	21	69	65	120																																																																																																																																																																																														
3	32.65	130	104	41	120	114.61	23	138	144	60	115.4	12	86	45.96	147	137	27	56	23.07	115	122	95	28	138.64	59	61	83.9	53	78	76	86	59.77	98	73	74	150	134.15	115	102	59.26	17	131	139	2	40.4	141	69	55	89																																																																																																																																																																																														
53	62.3	5	40	81	39	38.29	145	22	32	89	118.77	62	14	32.24	107	128	28	5	47.75	43	15	80	74	107.24	133	78	139.4	73	48	65	67	17.25	122	119	135	15	79.03	5	108	134.63	28	69	122	55	47.6	148	144	99	52																																																																																																																																																																																														
19	9.78	97	46	98	35	46.93	14	133	117	73	20.31	5	37	105.75	3	59	118	40	60.69	22	104	50	46	109.08	1	144	98.82	86	31	81	21	18.88	138	48	23	118	116.59	137	118	59.9	30	61	108	108	141.3	17	132	135	33																																																																																																																																																																																														
55	111.96	110	40	68	106	80.93	111	95	66	145	25.85	116	150	11.54	37	117	83	117	43.59	64	17	59	24	23.98	134	118	103.27	20	61	30	43	4.24	22	139	88	90	79.4	71	96	141.22	64	132	17	52	110.78	88	91	85	89																																																																																																																																																																																														
89	97.9	1	109	69	125	96.14	98	79	37	68	100.7	52	4	78.44	82	110	143	77	128.52	6	44	40	9	132.65	101	133	129.49	112	101	125	121	116.33	117	59	16	38	127.87	102	3	49.6	132	78	104	64	68.2	133	113	92	55																																																																																																																																																																																														
100	130.17	132	8	55	28	3.19	132	32	96	102	64.37	110	49	53.8	68	135	69	94	14.9	124	74	70	104	144.96	58	124	58.59	131	63	77	115	148.22	89	8	67	86	76.42	34	6	70.55	108	53	52	43	110.26	111	91	110	107																																																																																																																																																																																														
82	24.01	44	54	76	85	27.61	59	121	52	113	11.96	102	2	68.09	70	141	80	56	46.76	30	144	4	101	64.41	61	92	88.6	123	138	143	73	88.71	1	30	100	123	108.83	28	147	30.13	106	99	75	11	88.99	72	31	112	35																																																																																																																																																																																														
69	19.49	86	86	15	96	76.2	115	112	54	50	18.68	103	73	53.43	16	120	57	96	47.54	150	106	15	120	104.02	48	98	99.49	34	109	31	95	51.84	72	129	38	100	4.77	49	142	77.42	74	32	19	15	119.22	31	131	96	39																																																																																																																																																																																														
9	149.42	64	32	26	6	47.85	79	138	1	90	66.07	8	28	14.67	17	57	83	36	124.18	18	85	106	45	29.39	55	52	80.74	113	79	59	109	27.8	20	97	29	92	42.66	112	87	46.48	83	31	126	25	116.86	110	75	19	146																																																																																																																																																																																														
30	148.75	93	7	81	149	111.61	90	89	137	124	111.33	110	144	43.36	66	20	112	111	77.22	87	67	70	3	73.65	104	78	68.04	1	54	103	138	66.45	108	148	132	32	71.16	108	70	41.88	22	33	138	49	85.21	80	74	28	146	70	62	19	140.61	85	79	123	80	22.61	146	149	19	25	131.76	115	51	121	55	105.39	90	57	100	110	89.46	70	56	34	52	104.06	51	24	112	124	136.59	78	7	77	93	68.52	66	8	84	2	34.8	91	72	69	61	47.06	129	73	49	39	114.14	57	22	30	89	76.43	137	59	101	101	116.72	119	149	2	30	107.23	139	57	30	39	78.75	149	15	16	143	80.57	45	63	119	146	129.55	63	66	106	51	60.98	47	67	19	80	41.42	63	100	114	78	66.96	34	97	103	36	4.13	51	72	140	81	58.14	8	72	29	105	137.63	69	35	121	91	52.92	130	75	49	6	82.18	83	120	49	65	68.57	33	133	61	96	130.82	31	49	75	73	8.27	48	75	31	53	13.63	86	12	93	137	16.49	84	131	138	92	135.04	73	59	110	126	45.21	11	10	83	29	107.33	71	133	106	92	2.66	115	69	86	32	75.13	88	130	122	135	131.95	32	115	22	135	75.81	54	117	140	83	105.49	41
