50 240
40	82.79	14	83	145	104	39.39	90	121	31	81	139.64	50	108	4.42	123	132	141	18	68.3	71	3	128	23	4.74	126	146	89.96	85	11	28	149	122.15	99	138	1	101	56.45	130	147	63.9	38	60	137	113	66.55	54	115	115	78																																																																																																																																																																																														
71	55.52	43	90	31	113	121.5	119	59	80	92	100.32	4	36	46.81	92	8	55	29	42.82	50	56	39	99	126.58	54	103	117.99	24	53	50	38	133	102	32	99	89	142.02	140	57	104.76	83	22	89	82	79.29	30	20	32	11																																																																																																																																																																																														
130	79.99	105	137	75	44	12.31	106	92	46	109	3.13	14	131	48.61	28	142	12	60	34.69	121	20	29	84	34.45	63	74	107.81	108	22	92	148	95.16	16	5	64	74	146.87	11	25	136.5	7	91	103	99	114.19	88	97	128	137																																																																																																																																																																																														
15	129.89	90	25	120	10	116.8	32	46	108	85	126.12	136	112	125.18	69	105	24	48	146.65	130	43	139	36	63.05	87	59	72.52	103	113	55	25	16.21	84	44	9	70	54.02	142	79	70.52	105	118	30	101	134.37	15	122	27	82																																																																																																																																																																																														
102	52.4	16	69	104	63	51.42	7	22	21	141	113.26	16	102	28.4	137	143	150	77	30.45	26	86	93	94	51.73	3	26	143.04	146	28	24	57	17.69	50	149	63	46	141.88	147	51	146.05	82	64	101	84	110.94	97	43	77	144																																																																																																																																																																																														
63	95.37	111	131	82	92	20.67	68	106	102	101	121.26	7	120	148.37	109	17	135	68	79.41	124	126	45	73	128.09	5	31	123.24	44	106	121	65	149.53	148	52	142	78	20	86	43	120.4	13	75	12	47	105.24	108	76	11	60																																																																																																																																																																																														
36	120.36	51	77	65	17	38.32	43	141	111	137	149	115	118	86.7	87	38	2	95	34.95	71	103	103	4	146.82	120	122	34.61	75	112	56	52	78.25	63	102	35	16	73.35	67	129	117.68	36	62	144	143	11.07	56	17	73	123																																																																																																																																																																																														
108	54.7	24	139	48	148	41.56	27	127	61	93	83.98	99	41	27.52	129	66	117	27	115.4	78	62	24	23	49.43	90	34	57.48	70	78	59	120	111.93	82	120	108	142	61.74	36	120	59.79	121	89	147	25	20.59	132	28	64	72																																																																																																																																																																																														
90	100.9	108	110	126	5	90.34	127	43	87	129	48.41	68	8	125.31	47	135	11	106	63.91	95	138	18	21	59.57	63	119	56.11	136	116	71	141	23.93	56	125	19	36	93.22	26	65	44.67	108	51	100	128	77.68	20	100	89	19																																																																																																																																																																																														
18	34.48	100	133	106	70	121.17	81	25	67	60	75.04	150	137	36.61	119	69	35	25	15	100	109	44	106	34.22	96	59	47.58	55	41	48	45	30.07	75	32	96	81	140.16	143	63	108.95	22	17	66	108	75.88	15	77	130	34																																																																																																																																																																																														
96	69.27	22	37	114	3	87.87	147	49	38	104	34.16	67	101	113.18	104	4	48	24	16.54	86	67	49	90	135.08	94	19	141.35	112	147	81	73	124.13	102	147	88	1	104.98	1	62	20.97	101	8	15	41	106.93	1	11	79	141																																																																																																																																																																																														
81	87.2	67	121	138	54	36.92	136	60	33	75	35.42	1	92	18.58	1	17	89	65	63.55	143	129	63	55	6.35	34	99	71.98	29	149	12	111	114.14	2	90	55	95	103.43	79	17	102.13	68	148	19	19	129.53	8	147	50	38																																																																																																																																																																																														
49	5.34	53	49	87	145	124.74	75	116	29	99	42.88	66	43	113.35	63	114	70	62	9.73	26	23	145	32	72.15	122	112	55.27	143	97	132	9	122.5	130	106	64	34	108.82	49	149	35.43	119	18	124	80	63.82	133	28	121	15																																																																																																																																																																																														
125	18.74	113	24	40	106	129.8	79	128	139	4	59.84	90	52	88.49	131	80	106	35	25.4	5	44	129	135	97.97	121	146	66.36	33	15	66	72	12.07	66	14	122	85	101.14	56	109	117.71	100	144	109	30	21.07	13	58	105	112																																																																																																																																																																																														
137	117.4	74	14	95	65	108.86	7	59	21	30	16.99	76	86	139.2	55	98	145	58	11.82	93	40	137	133	39.78	134	25	90.99	99	109	58	127	107.93	12	115	68	64	14.61	4	71	54.87	108	112	117	38	62.12	30	116	20	76																																																																																																																																																																																														
14	86.79	98	108	128	19	131.29	64	24	26	150	2.71	22	114	122.17	80	140	102	48	81.93	100	20	138	13	30.7	102	56	43.03	103	91	111	111	76.63	70	13	121	92	28.95	100	135	26.03	66	15	118	4	92.34	102	82	67	22																																																																																																																																																																																														
97	60.09	53	115	101	30	1.13	36	74	132	59	8.99	68	110	42.06	86	37	84	24	64.42	107	62	90	109	101.41	142	85	148.33	34	126	94	52	47.96	96	62	59	17	36.01	105	74	119.59	17	65	133	77	97.42	52	134	125	70																																																																																																																																																																																														
47	51.22	53	35	61	25	103.66	138	109	103	150	16.75	117	69	100.15	6	31	10	19	41.23	69	54	53	30	3.22	115	16	27.39	63	66	148	30	33.58	64	137	52	72	78.84	18	80	24.3	129	24	125	19	128.41	36	9	46	96																																																																																																																																																																																														
138	106.34	78	66	42	67	10.91	67	150	17	30	107.28	82	90	2.77	112	16	79	22	134.78	38	138	142	73	104.29	44	66	12.69	118	134	139	66	69.64	102	87	8	120	45.97	145	137	60.95	23	110	78	27	26.91	63	44	143	19																																																																																																																																																																																														
82	22.91	73	60	115	122	15.48	12	67	101	20	79.83	78	55	31.28	144	87	137	105	125.51	67	129	103	116	15.07	37	144	9.28	43	60	77	50	135.72	73	139	77	118	85.1	70	78	26.83	68	40	91	54	70.89	110	101	50	90																																																																																																																																																																																														
58	125.36	103	71	63	35	41.96	23	104	79	88	76.91	130	70	63.4	5	61	88	123	115.98	140	130	90	16	37.78	60	148	139.97	67	15	134	51	13.23	113	14	91	117	31.17	142	28	134.2	38	27	81	132	140.2	138	113	9	36																																																																																																																																																																																														
12	106.33	96	107	145	130	88.66	21	6	16	2	25.78	37	1	115.94	112	53	62	90	110.73	51	17	142	6	39.17	101	140	139.18	1	25	133	15	45.87	17	144	30	7	82.92	110	59	77.99	96	132	42	122	124.28	43	147	64	49																																																																																																																																																																																														
114	92.44	89	79	45	81	114.15	144	125	103	150	137.92	102	133	58.96	24	47	149	131	128.83	48	31	1	143	11.93	114	76	141.96	146	68	97	114	90.78	132	142	61	68	105.06	69	34	128.52	59	86	27	4	104.76	13	148	83	21																																																																																																																																																																																														
60	134.72	131	66	83	111	147.89	59	105	121	80	140.45	4	114	47.31	113	74	3	117	6.09	30	129	116	88	80.07	38	79	104.76	25	113	58	136	129.62	97	132	10	75	38.68	15	90	43.67	108	82	37	80	106.17	67	19	5	74																																																																																																																																																																																														
23	121.09	150	91	146	3	100.66	28	129	105	97	91.13	47	76	111.28	43	12	21	39	75.52	56	55	26	129	22.25	79	41	135.5	13	18	35	102	15.41	146	92	84	115	45.51	42	102	115.31	12	118	33	29	82.91	8	140	6	45																																																																																																																																																																																														
116	82.91	127	95	128	100	48.08	6	133	24	43	141.31	28	20	69.25	89	39	16	12	95.77	1	115	19	50	83.86	52	19	129.79	81	65	122	109	121.99	148	114	135	136	55.96	107	41	35.96	126	64	62	58	50.99	71	47	67	25																																																																																																																																																																																														
55	16.8	66	34	65	139	56.39	121	46	121	37	62.44	85	136	3.69	13	11	8	13	24.25	17	8	113	37	82.03	36	47	16.49	141	127	44	109	105.62	3	87	65	48	139.21	77	143	68.21	20	119	47	94	136.28	59	18	125	119																																																																																																																																																																																														
18	52.9	27	69	74	122	52.14	138	71	64	23	102.61	41	71	1.59	127	34	44	113	149.59	123	91	4	134	6.12	131	69	106.85	48	88	8	56	14.82	88	133	141	59	24.56	6	28	25.58	42	96	9	52	70.36	119	59	14	115																																																																																																																																																																																														
120	123.37	26	147	16	20	129.1	136	137	136	62	91.43	82	54	36.53	112	125	20	76	65.52	20	28	53	20	12.39	146	19	147.31	42	86	27	10	48.18	10	54	75	102	2.54	129	8	135.61	40	21	51	65	83.6	106	102	113	19																																																																																																																																																																																														
124	129.42	127	23	144	95	77.2	124	128	81	43	133.46	60	16	62.05	57	142	6	101	48.31	125	123	27	12	8.53	97	49	82.21	36	41	95	8	35.73	86	10	110	72	136.84	106	48	69.7	87	125	23	22	68.56	117	30	132	91																																																																																																																																																																																														
111	77.63	18	98	34	131	38.57	67	55	20	57	25.29	55	19	34.07	96	69	133	105	66.92	31	41	109	117	55.92	21	114	73.33	148	138	116	136	94.05	21	33	24	55	111.72	138	20	99.1	112	129	33	103	89.24	9	50	81	115																																																																																																																																																																																														
36	47.55	17	92	25	107	44.04	43	4	57	116	88.72	36	149	41.43	144	5	107	20	41.45	101	31	61	136	30.1	63	130	135.67	142	132	33	116	143.69	38	28	70	79	96.81	150	24	120.83	4	131	141	90	56.38	45	35	37	66																																																																																																																																																																																														
3	17.01	131	36	123	43	106.37	99	101	126	32	107.58	4	140	31.78	37	18	51	102	122.26	148	93	115	1	46.8	70	100	74.11	85	11	3	109	26.36	54	37	53	126	52.64	148	4	61.37	40	27	55	149	27.32	50	92	127	93																																																																																																																																																																																														
131	58.83	50	78	128	87	124.31	111	11	44	26	99.57	124	149	34.59	138	80	86	1	85	13	149	54	11	54.17	136	16	127.63	114	24	143	31	67.27	114	101	85	51	80.46	120	24	112.63	55	13	148	1	10.14	114	93	100	14																																																																																																																																																																																														
98	106.33	34	82	45	68	12.9	22	129	112	147	43.9	18	124	98.51	65	24	110	136	80.02	134	136	68	68	94.4	27	101	66.99	2	114	33	127	88.92	45	73	128	37	59.03	39	89	104.95	99	10	73	94	60.27	19	134	143	4																																																																																																																																																																																														
32	33.64	122	97	9	5	38	58	137	50	65	122.09	134	29	128.36	18	59	79	59	87.08	58	66	143	148	5.48	58	8	95.79	29	30	117	40	81.29	136	8	87	55	137.99	111	93	109.39	104	42	6	99	136.54	18	49	20	43																																																																																																																																																																																														
108	43.19	47	115	136	80	59.02	92	103	138	29	42.05	122	82	106.23	15	54	114	140	126.68	122	75	142	133	7.87	149	148	64.01	58	29	11	74	72.46	48	94	128	61	6.12	44	63	132.33	118	73	51	106	35.83	9	113	133	47																																																																																																																																																																																														
112	107.41	87	2	100	118	35.85	93	149	71	75	133.46	143	120	50.9	63	44	79	103	60.23	89	102	7	30	7.53	35	121	79.32	60	15	114	58	55.52	64	80	100	44	94.81	1	25	50.77	89	89	92	55	97.76	49	55	45	20																																																																																																																																																																																														
87	51.51	24	28	106	55	98.26	119	143	36	58	41.55	124	79	41.06	100	26	105	8	127.97	111	16	51	44	106.87	115	16	8.51	137	55	67	122	54.3	141	46	80	126	83.07	138	54	6.35	107	25	4	74	108.76	93	74	93	93																																																																																																																																																																																														
66	81.58	79	118	34	21	59.56	118	82	8	44	30.95	56	148	1.96	61	58	100	60	107.69	121	113	69	139	52.56	33	86	60.16	147	10	92	91	120.1	85	133	132	78	82.22	73	77	97.71	37	144	2	5	75.82	58	119	15	90																																																																																																																																																																																														
142	77.09	6	122	3	40	116.49	55	54	149	27	130.5	33	122	31.56	75	10	103	127	120.84	132	150	75	126	6.75	57	143	120.5	49	101	16	20	31.06	2	114	85	144	145.73	103	102	43.23	77	142	3	78	82.58	63	1	59	59																																																																																																																																																																																														
81	42.6	119	64	34	105	59.68	137	77	93	74	22.61	110	113	107.32	63	13	115	5	109.88	63	79	54	44	19.18	30	2	59.84	39	83	82	43	60.59	38	75	104	48	6.2	96	63	138.05	148	111	150	135	102.29	48	39	44	35																																																																																																																																																																																														
12	136.01	97	104	3	19	7.4	122	75	97	3	67.08	145	145	11.1	10	139	72	136	127.47	101	37	53	63	52.43	1	38	80.19	42	139	54	121	134.29	37	125	143	126	123.31	132	142	130.29	31	8	63	144	102.29	146	29	22	83																																																																																																																																																																																														
110	54.4	129	44	122	134	33.18	56	79	24	19	57.89	129	102	84.63	58	77	134	6	6.91	29	94	21	53	91.45	140	88	145.26	91	56	29	130	146.11	54	54	123	85	120.98	73	116	82.26	144	94	78	137	66.63	73	43	5	4																																																																																																																																																																																														
104	139.34	149	98	92	46	93.34	73	79	81	36	27.48	97	115	39.55	77	10	139	99	29.54	102	23	89	138	9.78	41	45	127.65	126	142	117	119	69.56	87	4	39	105	28.73	2	97	17.79	62	123	96	1	61.95	144	40	54	61																																																																																																																																																																																														
5	114.17	25	149	42	107	101.74	86	89	130	77	119.8	30	146	48.26	26	39	109	142	107.98	56	9	43	86	123.42	129	116	38.94	23	52	117	106	134.38	85	108	20	58	124.62	60	40	88.98	57	134	116	149	46.34	26	59	142	105																																																																																																																																																																																														
101	119.27	112	60	127	99	31.18	18	73	2	28	13.75	72	13	133.48	117	83	93	90	127.46	31	75	117	35	9.79	122	44	107.43	53	4	92	102	111.44	121	139	62	104	102.32	48	86	113.93	56	58	102	10	132.67	109	149	77	39																																																																																																																																																																																														
91	87.66	137	47	104	116	83.47	124	54	122	6	95.86	98	144	45.63	140	23	63	22	14.58	125	4	110	33	137.44	40	62	34.66	75	72	65	58	82.35	141	81	149	86	146.42	92	93	14.39	128	32	79	115	18.22	35	114	39	14																																																																																																																																																																																														
103	80.8	6	38	103	30	1.74	144	118	100	47	29.84	26	88	129.19	110	8	53	53	19.78	62	59	112	85	23.06	112	119	37.29	118	57	86	145	38.26	75	141	61	41	79.96	46	69	140.3	23	122	133	11	90.02	135	137	68	69																																																																																																																																																																																														
99	61.17	77	21	148	48	4.08	135	24	103	115	98.88	67	46	36.63	50	64	102	22	98.4	79	34	49	33	47.4	111	99	38.48	16	114	137	139	109.9	21	129	25	139	54.74	1	14	93.21	114	24	44	53	20.37	75	128	149	59																																																																																																																																																																																														
77	5.52	126	14	104	137	89.08	143	128	54	144	104.27	28	36	21.7	12	106	149	28	136.18	17	38	81	43	72.06	117	52	134.68	79	143	50	19	119.51	39	39	93	61	101.7	115	133	134.7	72	39	69	35	142.71	142	45	17	104																																																																																																																																																																																														
77	78.3	11	140	20	95	123.25	119	129	65	83	106.58	47	8	11.38	77	92	92	67	61.72	43	42	69	69	61.38	119	129	115.54	106	27	21	140	139.22	110	22	72	132	121.14	63	62	131.38	14	67	49	65	118.94	115	111	64	18																																																																																																																																																																																														
34	148.29	55	16	36	67	97.21	40	3	33	63	143.76	143	21	76.36	30	116	135	101	32.82	132	19	35	8	98.25	57	34	51.42	29	21	42	122	21.25	87	127	86	23	131.12	132	150	66.69	56	145	31	31	63.21	61	72	149	44																																																																																																																																																																																														
135	139.71	108	85	70	89	141.5	75	133	124	109	95.55	40	97	131.7	127	89	131	15	65.84	120	48	129	47	129.63	65	25	96.07	36	93	117	10	70.78	13	9	90	127	53.35	41	52	15.49	111	148	28	131	45.75	91	15	98	9																																																																																																																																																																																														
35	43.78	45	103	63	129	8.17	50	69	139	42	15.93	44	80	110.98	131	88	130	58	97.66	118	99	45	135	98.92	82	105	49.84	139	123	97	42	142.19	90	54	64	146	100.59	19	78	66.32	69	104	46	8	124.71	110	119	67	22																																																																																																																																																																																														
37	29.41	132	2	86	131	89.99	14	143	71	142	144.47	135	147	99.51	53	28	150	65	105.56	147	89	123	70	17.93	24	126	113.77	123	133	90	148	127.48	11	38	136	70	15.72	135	87	88.75	145	86	18	137	133.48	142	142	52	24																																																																																																																																																																																														
124	123.98	72	106	87	74	78.82	14	101	82	7	15.55	15	47	92.51	51	136	59	31	136.23	47	81	39	145	108.41	73	142	46.42	43	6	103	58	139.21	41	3	66	101	58.16	86	8	128.66	118	115	104	82	105.78	130	60	6	127																																																																																																																																																																																														
86	60.67	93	121	43	128	10.19	111	3	9	132	107.05	104	68	25.83	96	74	66	46	66.52	25	58	141	111	96.12	41	14	37.57	37	14	16	87	136.39	97	135	129	87	47.69	105	150	87.26	108	140	49	23	109.38	43	36	128	99																																																																																																																																																																																														
93	144.14	95	59	46	65	21.95	50	109	13	54	112.95	105	28	94.47	70	113	98	57	6.64	132	129	79	74	79.41	149	30	10.17	39	47	83	64	126.62	70	23	65	63	133.44	140	13	93.19	104	58	107	135	46.83	123	128	98	51																																																																																																																																																																																														
59	95.52	91	58	52	77	56	26	93	124	88	28.1	31	110	60.56	148	103	73	138	1.79	96	92	108	80	109.41	44	106	101.83	123	6	54	127	143.08	92	8	66	132	84.64	107	1	47.08	83	29	122	46	102.89	24	66	1	94																																																																																																																																																																																														
41	147.34	6	108	98	95	81.32	53	104	56	117	143.04	1	54	27.72	101	95	5	62	29.83	56	2	88	117	128.18	76	87	70.92	27	142	61	95	99.32	45	150	32	67	142.47	117	82	56.52	72	1	78	71	136.18	59	143	122	130																																																																																																																																																																																														
76	46.61	8	24	30	45	107.89	24	98	123	132	20.81	32	17	111.68	115	54	36	5	122.56	66	63	131	121	115.68	43	143	124	109	147	115	125	104.07	144	28	139	91	36.36	88	59	31.4	30	37	67	36	113.87	119	25	126	121																																																																																																																																																																																														
131	83.55	149	47	36	79	90.03	105	132	59	74	113.98	52	112	41.61	58	119	92	61	36.06	28	16	133	61	94.17	19	53	60.97	117	106	127	106	118.11	44	76	78	104	94.55	71	133	141.35	132	145	112	28	10.03	47	29	146	37																																																																																																																																																																																														
119	127.36	42	104	120	32	64.02	37	77	8	13	82.52	71	133	101.32	3	72	80	131	46.28	21	40	25	9	140.45	11	10	40.19	30	19	20	79	40.91	15	93	47	123	24.13	150	142	124.44	123	132	57	17	60.35	45	54	77	14																																																																																																																																																																																														
126	105.11	140	5	127	29	40.19	39	70	109	145	33.14	104	51	56.41	65	21	124	116	60.25	146	147	140	77	9.41	9	90	85.09	18	5	71	77	32.28	58	28	12	2	9.95	117	78	58.11	16	2	22	40	76.47	1	48	1	112																																																																																																																																																																																														
128	91.05	139	144	89	28	85.56	8	135	26	146	56.09	57	32	25.73	102	6	49	29	76.23	83	56	141	67	72.55	89	145	53.32	123	85	61	30	71.98	22	141	89	70	28.44	39	47	97.72	19	141	4	40	52.55	111	142	101	87																																																																																																																																																																																														
109	111.74	120	118	109	5	30.77	35	43	57	126	64.48	113	101	23.18	133	130	144	150	65.07	29	146	131	39	44.62	145	129	30.71	110	34	116	140	96.33	74	11	68	14	75.61	111	68	131.61	113	80	17	84	17.35	43	141	129	16																																																																																																																																																																																														
66	36.72	6	44	123	69	97.07	96	65	116	61	19.68	46	78	95.12	5	75	83	116	112.27	116	21	65	71	86.15	47	59	135.98	119	49	144	122	70.23	5	102	26	94	78.18	101	92	17.88	123	104	89	61	146.61	108	21	90	149																																																																																																																																																																																														
124	124.53	23	48	105	146	60.13	95	103	144	125	120.21	13	127	86.61	69	72	34	139	142.42	143	74	24	68	76.65	70	65	91.63	29	12	142	3	72.28	11	10	33	41	40.88	103	16	75.02	103	76	59	124	93.13	11	61	36	4																																																																																																																																																																																														
80	147.16	140	74	136	80	89.46	116	50	57	37	6.39	4	45	105.13	115	120	107	77	75.06	28	105	28	80	22.62	23	52	33.33	136	146	34	43	54.7	140	74	21	106	65.94	36	142	117.67	21	97	124	85	148.38	124	18	78	122																																																																																																																																																																																														
73	142.36	95	8	42	61	57.04	3	108	14	97	88.75	10	87	10.31	21	18	71	97	113.68	11	73	50	65	49.76	49	93	32.11	21	118	4	112	26.58	29	17	145	5	45.67	123	146	132.58	85	136	138	78	24.13	137	94	45	23																																																																																																																																																																																														
84	102.65	13	97	25	63	3.31	55	64	93	106	71.3	41	148	107.6	14	116	60	129	78.41	64	25	45	94	54.28	10	11	115.69	30	125	25	37	42.9	18	91	142	78	67.45	95	20	101.77	20	64	80	76	35.78	107	119	37	4																																																																																																																																																																																														
135	14.44	95	131	119	134	71.45	72	7	103	64	52	63	86	145.55	142	113	37	131	53.29	113	147	62	14	114.73	31	36	25.18	136	11	146	107	99.82	132	120	97	24	44.05	70	82	110.67	57	79	53	121	93.77	42	54	70	124																																																																																																																																																																																														
146	60.51	42	111	10	56	135	81	93	90	18	76.63	121	63	98.17	41	44	15	62	60.94	13	131	4	93	2.74	112	130	126.68	17	120	98	74	132.94	145	126	129	6	41.17	65	116	23.94	50	84	145	101	5.61	128	137	97	40																																																																																																																																																																																														
94	57.38	132	145	32	46	77.94	18	140	66	88	22.97	131	35	41.87	135	94	63	82	83.38	51	130	119	54	16.83	49	43	7.26	137	121	4	18	53.31	77	58	90	36	57.12	120	74	99.2	106	113	14	111	108.99	68	141	44	119																																																																																																																																																																																														
137	82.46	33	121	125	80	71.8	90	51	25	15	126.47	138	13	130.94	111	110	137	106	3.41	37	34	40	59	104.59	4	48	56.25	117	31	88	97	113.44	102	106	114	125	133.8	91	122	66.55	65	120	133	100	103.19	81	119	7	148																																																																																																																																																																																														
1	45.45	35	49	62	74	140.52	109	74	94	137	81.52	35	86	111.34	29	149	80	11	53.16	45	119	48	75	37.63	43	21	126.22	127	117	89	29	15.78	57	134	27	35	82	87	54	101.05	32	127	104	107	28.96	38	64	39	63																																																																																																																																																																																														
87	59.02	83	116	16	150	79.09	48	96	72	46	115.33	133	55	93.07	115	118	62	97	102.15	149	56	31	148	6	63	108	61.07	52	28	68	138	63.05	102	39	5	17	125	53	39	22.76	132	93	134	112	76.41	82	91	89	135																																																																																																																																																																																														
74	114.34	40	79	34	81	124.91	135	82	46	83	132.3	104	108	99.19	78	118	69	3	18.33	132	64	28	29	13.68	10	46	21.78	97	38	56	61	14.38	46	111	28	36	132.4	32	88	128.42	22	13	132	59	21.56	87	37	92	65																																																																																																																																																																																														
9	80.05	6	23	142	135	86.5	105	121	79	106	38.06	78	7	128.12	29	76	105	45	82.17	150	100	48	49	20.08	56	91	102.95	82	75	108	74	45.82	80	103	76	6	130.51	114	117	124.23	11	136	62	48	39.15	34	150	4	113																																																																																																																																																																																														
136	11.56	117	8	80	90	11.89	53	115	7	150	22.38	12	84	89.64	77	16	90	12	120.05	49	121	88	77	96.4	144	86	121.22	95	22	38	53	134.21	118	32	104	23	50.77	30	99	5.4	75	114	26	131	9.45	142	74	85	27																																																																																																																																																																																														
43	67.02	136	32	83	60	103.82	132	35	83	107	18.99	109	101	50.24	45	33	99	36	21.98	110	120	27	72	36.11	96	19	68.55	108	143	144	75	125.65	142	62	109	57	102.04	115	96	70.62	101	39	7	99	139.83	38	102	144	30																																																																																																																																																																																														
21	62.5	95	147	139	95	42.37	120	41	92	5	79.61	55	57	1.96	38	133	16	78	60.92	54	142	143	111	104.5	85	23	15.09	48	74	73	75	16.03	77	132	30	134	77.36	150	99	80.55	138	86	104	145	59.14	109	83	67	106																																																																																																																																																																																														
35	81.08	132	6	3	77	119.81	54	92	86	142	96.89	2	63	53.99	31	101	5	146	29.93	65	91	140	70	71.03	59	64	56.23	4	140	128	11	63.16	139	87	6	148	143.1	88	116	9.68	146	136	94	72	38.15	139	74	4	68																																																																																																																																																																																														
64	95.52	82	57	114	23	7.98	145	9	76	76	10.15	107	118	81.5	108	124	132	44	135.66	25	75	107	128	112.64	125	60	133.59	93	63	89	10	108.66	112	18	111	109	134.19	101	29	102	20	126	37	36	128.68	20	85	29	28																																																																																																																																																																																														
124	58.03	1	91	66	80	12.1	91	58	82	7	113.51	36	17	121.81	65	56	134	139	116.4	14	12	19	106	17.12	24	62	14.42	65	147	82	81	68.37	144	24	111	53	93.57	49	65	73.71	61	87	74	12	16.97	98	96	101	23																																																																																																																																																																																														
53	121.55	11	111	1	120	76.36	50	64	41	102	68.9	111	78	140.76	57	114	146	88	83.32	32	54	41	45	23.56	112	86	1.69	26	102	38	107	147.16	69	147	62	137	99.61	69	105	98.45	46	77	61	55	117.41	126	100	40	150																																																																																																																																																																																														
37	10.91	113	20	69	140	147.19	33	16	16	94	31.39	82	131	56.75	21	135	106	72	121.59	72	147	140	72	121.46	13	41	80.99	92	82	51	122	20.02	82	80	83	9	48.57	82	90	118.24	100	15	133	143	113.95	30	52	85	43																																																																																																																																																																																														
19	30.12	74	103	1	113	91.93	38	9	150	107	77.83	60	148	75.64	59	23	37	75	17.54	35	26	16	77	122.08	88	31	16.3	78	44	69	61	73.02	19	99	132	24	104.98	62	29	86.11	70	148	34	149	60.87	74	42	122	137																																																																																																																																																																																														
123	92.52	59	79	87	25	137.08	57	20	134	2	107.57	58	114	59.76	24	14	14	114	62.32	123	33	92	105	42.64	125	114	116.18	26	40	74	36	42.29	4	145	101	92	19.36	121	95	92.29	75	93	99	85	119.27	24	101	2	127																																																																																																																																																																																														
54	118.69	63	40	59	147	38.84	93	88	34	52	116.81	110	98	108.47	105	84	138	138	73.12	18	94	88	113	115.27	47	27	62.62	112	59	98	19	8.99	127	116	60	42	98.78	150	8	33.69	89	70	131	16	111.33	91	88	139	90																																																																																																																																																																																														
34	25.47	12	1	107	150	105.6	130	103	53	77	95.86	50	118	126.92	134	100	128	113	92.58	52	90	26	51	147.46	50	105	115.95	150	143	9	60	120.05	23	112	2	44	90.86	24	59	101.69	102	104	33	118	99.63	125	27	5	140																																																																																																																																																																																														
42	57.69	51	36	26	120	93.95	23	73	43	89	49.58	71	68	7.34	141	55	88	8	7.78	50	121	63	105	18.52	91	108	133.12	60	124	106	55	66.73	145	133	81	137	6.51	128	89	5.91	6	95	114	126	17.33	77	27	116	2																																																																																																																																																																																														
54	53.28	63	33	117	148	90.55	84	7	40	76	38.29	149	16	100.06	37	122	29	54	26.12	114	94	145	22	130.81	44	76	17.53	130	113	20	76	5.84	109	37	140	148	112.01	148	40	36.32	117	53	59	63	51.18	42	76	112	108																																																																																																																																																																																														
128	133.63	37	127	11	51	15.61	70	96	24	137	74.44	5	95	135.41	128	147	108	72	12.09	36	57	77	115	88.94	18	42	71.59	125	80	54	16	93.81	68	59	93	23	49.56	56	132	66.78	20	49	139	14	11.18	98	1	72	48																																																																																																																																																																																														
30	88.61	5	102	113	2	37.4	51	57	133	30	70.22	28	30	116.5	23	73	26	67	73.11	114	105	103	123	9.37	72	146	107.64	54	51	145	77	107.68	71	110	38	52	5.43	2	54	138.17	125	102	66	81	91.53	109	17	25	142																																																																																																																																																																																														
124	65.59	2	95	132	110	22.71	23	112	7	6	42.17	17	28	82.98	83	127	104	147	53.64	143	126	147	122	77.3	13	83	65.92	9	36	61	55	58.78	13	113	99	127	92.57	57	122	41.16	114	21	15	51	73.95	77	142	58	118																																																																																																																																																																																														
119	77.98	112	53	3	104	114.38	107	42	103	2	17	95	14	46.05	130	32	114	120	57.62	98	88	31	104	69.31	28	148	74.75	10	72	126	23	61.16	55	70	111	8	116.17	136	47	77	144	81	80	36	75.67	125	82	121	77																																																																																																																																																																																														
98	65.7	95	98	4	17	58.92	67	35	7	1	125.53	6	14	69.74	63	103	26	123	26.76	83	22	25	16	77.07	6	85	85.49	41	127	59	48	48.47	43	116	53	86	1.68	146	125	59.73	57	57	2	106	20.04	139	39	15	23																																																																																																																																																																																														
95	3.5	76	100	61	84	88.96	7	134	105	128	39.74	141	99	68.56	119	23	13	15	123.78	8	20	124	38	41.92	104	9	5.85	120	143	143	120	81.92	56	42	72	66	7.39	104	13	23.2	42	119	38	137	57.56	48	8	81	73																																																																																																																																																																																														
8	58.46	87	121	120	36	77.72	134	67	28	43	115.48	23	66	32.36	13	18	144	89	106.93	122	144	104	23	26.23	68	64	132.4	59	85	4	107	145.02	105	37	34	127	54.4	40	87	129.14	55	6	112	61	121.04	127	128	130	67																																																																																																																																																																																														
65	89.44	32	109	128	73	40.56	26	65	29	12	131.12	107	62	60.82	71	19	1	43	72.27	30	90	103	27	6.8	72	107	79.25	39	41	114	72	135.56	103	115	4	33	139.91	64	12	10.81	54	138	68	68	45.04	56	28	46	129																																																																																																																																																																																														
147	128.4	17	93	15	67	130.68	145	31	138	123	109.71	146	25	86.09	110	145	40	107	38.83	40	4	75	30	11.64	75	58	10.9	52	141	82	15	83.91	139	37	130	72	3.6	54	97	119.19	35	145	83	88	77.97	112	110	7	137																																																																																																																																																																																														
144	134.02	12	100	68	149	125.57	116	68	12	108	98.71	11	68	107.51	104	9	87	25	15.13	104	126	17	143	23.16	49	1	20.5	120	135	71	47	140.18	29	27	139	95	127.9	77	67	92.1	38	26	45	109	53.75	9	4	138	88																																																																																																																																																																																														
81	2.08	145	25	23	4	52.44	150	137	122	144	41.13	25	66	70.05	125	104	61	20	23.71	106	8	89	16	40.12	7	89	42.76	124	129	87	122	117.97	56	147	45	138	61.53	86	84	9.32	1	67	145	76	42.36	18	134	149	25																																																																																																																																																																																														
30	25.73	74	145	112	102	41.1	150	124	69	9	101.32	22	108	70.11	143	109	58	148	134.32	77	33	69	119	11.66	68	146	143.12	94	53	84	35	86.91	9	37	35	91	32.21	150	5	145.05	89	23	3	123	52.48	106	4	128	58																																																																																																																																																																																														
112	84.24	7	104	32	63	75.08	145	131	137	49	129.43	63	76	48.4	30	20	27	46	65.55	136	90	39	116	69.64	95	116	37.34	94	124	69	52	133.08	94	80	145	81	122.5	85	128	44.58	137	120	150	127	108.71	2	138	135	31																																																																																																																																																																																														
129	101.46	9	74	19	75	36.94	70	51	91	55	16.69	69	97	89.11	31	121	96	23	53.15	21	29	108	22	33.02	29	96	49.69	58	117	109	102	103.23	23	4	3	98	32.32	53	114	109.53	147	120	18	141	77.8	8	119	142	52																																																																																																																																																																																														
36	98.96	18	75	76	118	6.5	22	39	58	113	36.86	57	128	117.22	150	1	17	76	35.16	27	9	46	79	46.94	80	7	94.21	21	83	49	16	126.64	29	124	105	104	50.33	10	47	47.82	93	75	54	29	136.18	38	148	61	119																																																																																																																																																																																														
21	34.42	111	114	126	102	76.76	121	19	36	93	69.12	67	78	70.02	126	101	10	29	18.84	59	3	104	82	123.59	102	44	118.62	16	70	36	140	141.24	20	97	21	15	124.83	19	125	128.8	69	57	135	18	59.73	124	46	114	33																																																																																																																																																																																														
74	76.19	39	67	39	31	140.43	31	118	23	61	149.75	120	68	9.02	92	100	64	140	108.32	13	18	70	109	114.02	105	50	148.78	134	90	53	82	72.82	124	97	72	125	136.16	17	117	101	25	120	56	70	105.72	136	46	47	11																																																																																																																																																																																														
143	59.12	112	5	116	14	149.78	69	99	33	46	100.27	139	134	18.86	89	35	53	136	81.03	106	144	128	58	76.78	51	78	124.43	88	128	136	71	60.24	139	100	85	73	15.19	141	71	16.84	39	95	148	134	112.29	92	35	96	57																																																																																																																																																																																														
91	73.83	118	134	147	49	65.84	20	136	22	96	45.36	126	150	96.43	140	34	145	20	84.76	30	30	87	13	60.63	38	108	10.67	54	17	131	150	140.72	55	124	11	125	29.88	99	57	34.67	67	46	100	48	131.01	24	43	26	131																																																																																																																																																																																														
54	28.88	107	71	133	28	10.19	121	23	119	38	28.33	55	148	79.63	86	12	134	80	14.71	129	74	108	105	136.84	133	73	95.71	88	57	19	46	93.47	38	44	36	95	87.83	89	46	113.04	45	71	113	127	98.38	77	30	88	112																																																																																																																																																																																														
105	127.03	110	107	145	34	40.37	40	145	100	98	60.27	124	36	46.2	13	11	147	51	21.43	107	64	143	81	140.21	43	10	96.28	11	65	104	59	121.14	109	37	42	2	42.85	133	23	142.22	142	135	74	24	74.3	59	128	24	128																																																																																																																																																																																														
37	40.5	89	150	38	91	12.16	24	91	42	15	54.98	101	111	90.58	97	45	58	30	9.04	140	55	39	107	77.51	100	7	106.44	86	135	34	133	49.96	93	46	120	117	57.23	56	58	49.37	59	29	84	95	89.96	28	9	131	1																																																																																																																																																																																														
95	62.91	113	47	141	131	42.95	149	9	31	66	6.41	11	79	118.06	119	149	107	123	140.31	135	87	55	141	42.47	44	105	37.07	117	66	147	1	6.03	11	73	60	61	80.21	7	149	147.91	86	23	64	129	99.31	15	83	82	109																																																																																																																																																																																														
21	135.8	58	139	61	95	66.6	92	83	86	71	91.84	1	15	136.47	27	63	66	50	16.85	55	45	70	89	40.26	127	57	104.51	29	29	27	55	48.68	20	123	34	46	6.63	7	79	91.59	89	25	40	130	139.42	107	131	50	19																																																																																																																																																																																														
126	100.41	26	87	149	105	42.36	45	55	98	137	116.96	58	129	84.93	137	4	25	103	148.66	45	137	79	20	82.67	108	84	60.32	150	38	49	30	84.4	32	83	138	124	40.63	82	36	61.31	75	81	65	43	103.49	28	130	65	20																																																																																																																																																																																														
14	51.97	141	146	4	142	32.4	83	68	3	22	55.97	2	142	133.6	101	98	30	34	51.72	147	80	105	120	62.33	24	45	41.45	6	41	60	103	15.12	24	44	37	29	89.74	48	61	14.2	135	76	124	7	111.42	28	8	122	137																																																																																																																																																																																														
21	20.05	30	106	112	22	146.88	95	22	17	55	73.86	105	133	26.18	86	106	44	123	53.45	93	100	67	81	25.62	18	42	116.38	29	118	126	114	99.79	57	4	101	143	33.31	20	36	85.83	75	39	101	57	141.99	63	143	125	76																																																																																																																																																																																														
107	45.8	71	85	7	134	98.54	99	66	124	21	102.33	63	130	144.44	62	129	27	134	43.6	99	104	1	109	26.39	75	77	120.64	105	46	127	58	132.34	17	97	17	83	128.09	110	119	75.07	126	79	108	139	85.71	80	90	111	82																																																																																																																																																																																														
82	124.7	123	144	103	99	60.5	62	64	119	132	112.39	122	99	15.25	27	126	127	20	98.86	103	53	124	21	76	139	132	44.24	40	119	54	29	142.57	39	128	43	4	66.98	50	70	125.37	79	43	60	145	12.04	20	52	70	1																																																																																																																																																																																														
78	125.8	17	81	137	134	60.83	129	49	30	146	66.52	2	34	26.04	96	74	18	116	33.66	73	106	77	28	56.8	52	144	121	149	59	5	64	74	135	81	60	24	22	127	62	30.77	93	129	18	143	16.4	28	32	103	59																																																																																																																																																																																														
56	61.78	69	69	62	42	143.92	131	144	101	110	7.09	57	87	11.7	89	16	75	58	23.38	139	119	127	26	128.39	105	67	128.09	129	124	61	40	102.24	26	142	76	24	73.21	18	52	34.77	134	87	80	146	111.64	133	43	149	112																																																																																																																																																																																														
96	63.56	53	3	26	83	115.86	43	146	126	78	83.66	57	74	78	117	15	144	6	81.45	127	1	12	63	55.63	64	100	124	83	47	125	64	57.75	138	64	48	81	4.06	124	134	1.65	102	99	111	82	2.7	66	122	20	150																																																																																																																																																																																														
32	73.47	82	76	48	150	21.82	41	42	149	10	1.16	78	18	67.81	90	77	69	22	21.89	93	131	51	101	3.22	20	118	40.15	45	56	7	146	125.67	89	30	99	64	89.29	144	2	78.46	137	124	85	55	148.11	52	85	127	49																																																																																																																																																																																														
55	148.11	56	1	50	127	90.2	5	118	69	14	86.62	134	148	85.38	89	15	140	106	95.49	132	114	82	90	44.61	32	49	104.76	76	7	135	85	138.11	106	139	140	74	35	19	148	140.13	51	46	61	48	51.74	53	96	58	107																																																																																																																																																																																														
69	145.93	11	42	18	60	47.24	128	148	68	59	122.25	141	118	94.3	60	61	120	63	75.93	140	81	24	75	133.45	121	129	111.71	91	22	99	9	103.42	131	83	114	87	17.68	33	17	133.49	120	50	82	39	83.93	20	29	99	94																																																																																																																																																																																														
2	95.08	6	81	48	86	35.64	28	19	5	42	34.37	58	62	32.1	7	62	43	4	4.17	144	1	34	64	115.23	119	106	83.19	101	126	149	101	65.7	17	132	116	46	129.88	133	21	55.89	59	112	92	18	32.67	47	2	72	1																																																																																																																																																																																														
81	70.02	128	116	12	140	49.77	126	1	10	43	139.95	126	145	28.79	145	59	68	147	6.86	150	136	111	95	36.42	63	84	139.75	88	6	110	122	132.9	105	10	74	82	25.19	19	76	136.53	16	44	146	127	96.96	63	3	52	23																																																																																																																																																																																														
14	56.07	31	115	5	41	126.64	41	148	93	2	4.45	29	45	94.68	122	88	120	52	7.83	115	81	11	120	16.78	59	73	44.79	71	115	16	85	74.68	148	101	95	61	27.59	50	48	33.09	51	133	72	147	45.27	111	95	79	37																																																																																																																																																																																														
53	83.18	21	23	41	136	85.27	78	6	90	85	63.58	39	103	42.11	9	33	107	30	9.17	98	56	65	123	99.55	147	115	141.39	79	59	59	21	124.95	125	20	55	45	121.79	4	26	27.02	118	78	85	16	127.25	24	88	84	122																																																																																																																																																																																														
57	67.05	19	79	127	36	67.7	88	119	109	56	15.91	10	2	142.09	12	55	117	129	56.6	31	59	113	92	143.82	63	47	92.55	95	49	68	121	72.29	10	130	9	66	103.93	147	5	51.14	113	132	25	132	44.92	68	105	77	63																																																																																																																																																																																														
19	99.54	131	24	25	60	37.12	25	133	125	70	114.58	79	67	2.17	16	39	44	70	129.48	20	87	3	134	75.61	89	38	66.84	84	122	84	15	14.19	113	144	37	108	47.24	103	93	27.17	51	79	108	37	10.07	40	81	130	62																																																																																																																																																																																														
142	25.7	85	107	22	63	118.2	130	123	90	135	89.61	147	102	139.45	114	110	129	79	70.05	92	80	110	50	72.32	119	89	146.93	25	142	36	83	51.96	15	29	39	9	144.54	129	70	4.81	112	29	146	63	85.87	37	138	47	140																																																																																																																																																																																														
27	84.71	42	39	99	103	111.24	101	39	136	56	131.87	116	83	125.09	40	125	35	50	141.92	6	101	7	135	26.01	94	118	68.06	121	141	99	62	47.76	4	9	95	147	126.77	41	27	113.84	55	101	82	128	79.62	87	111	121	49																																																																																																																																																																																														
130	67.64	9	133	109	6	103.56	84	140	126	110	48.21	130	42	111.02	41	117	146	47	95.66	123	57	68	14	87.75	136	79	77.23	5	94	27	126	85.84	129	45	9	128	129.92	48	128	131.05	134	35	142	130	143.46	116	10	47	52																																																																																																																																																																																														
1	90.39	15	39	98	116	135.58	91	25	130	86	122.88	122	54	28.42	87	71	126	78	102.63	76	100	30	7	137.38	91	131	144.67	145	6	26	8	14.83	16	90	74	39	7.85	86	103	66.97	92	137	61	66	116	85	66	55	47																																																																																																																																																																																														
55	93.39	37	57	117	25	108.89	75	18	47	131	57.82	105	49	6.99	18	73	80	2	66.9	22	19	48	147	139.41	50	128	94.87	65	94	107	64	98.63	77	110	43	84	144.61	22	20	49.42	24	130	19	143	82.54	3	91	72	3																																																																																																																																																																																														
55	8.59	96	60	123	23	96.59	8	145	46	85	41.97	134	47	53.71	145	25	85	23	95.73	134	12	24	78	52.52	60	134	96.05	119	117	90	71	98	82	101	115	146	87.61	119	124	147.81	98	101	13	115	127.09	65	144	44	76																																																																																																																																																																																														
13	17.93	65	137	36	35	128.88	150	97	133	30	56.75	54	144	144.93	37	145	146	93	110.55	48	131	67	97	121.66	115	139	134.92	139	122	124	25	112.42	50	45	141	60	129.42	27	49	105.27	81	139	107	5	115.45	150	20	137	66																																																																																																																																																																																														
46	119.54	58	110	109	58	79.32	90	26	140	131	46.07	29	150	122	91	31	39	135	107.58	23	49	116	133	39.18	104	98	128.24	126	121	150	62	95.8	34	30	103	27	67.64	80	105	122.56	61	69	124	118	35.12	85	49	4	103																																																																																																																																																																																														
91	127.63	30	4	42	5	101.66	82	141	111	106	12.6	62	142	77.08	143	130	49	90	119.83	135	71	149	125	148.56	53	134	96.35	139	96	15	36	70	133	122	117	11	135.78	62	100	75.21	119	97	39	22	106.11	68	38	82	90																																																																																																																																																																																														
3	48.29	17	90	69	118	80.02	96	32	133	69	2.55	83	142	133.92	25	13	149	93	112.62	105	75	66	27	12.42	5	60	52.29	38	144	117	108	54.46	82	17	48	64	94.91	85	33	68.95	67	126	71	57	9	74	148	66	8																																																																																																																																																																																														
57	38.94	65	92	70	59	142.51	102	26	15	140	105.83	40	129	6.98	63	37	53	50	72.43	71	51	118	140	45.68	26	72	130.66	54	79	22	85	75.62	116	113	132	30	143.97	128	36	95.91	77	11	52	101	52.29	98	32	15	84																																																																																																																																																																																														
56	84.26	111	65	50	104	64.08	97	144	128	16	93.05	123	72	41.06	19	139	63	94	103.06	5	87	11	118	56.02	111	93	137.99	90	31	119	10	55.9	46	116	74	11	118.49	3	19	57.02	147	24	123	138	26.39	135	26	110	129																																																																																																																																																																																														
106	119.15	68	137	114	5	145.15	52	111	54	55	84.9	37	115	37.84	89	100	41	89	94.19	130	59	88	41	85.82	17	118	62.2	84	22	34	58	85.77	1	24	148	139	32.18	53	37	128.33	143	88	131	79	142.86	27	77	71	94																																																																																																																																																																																														
122	39.08	147	74	29	108	104.66	84	32	21	109	40.96	67	61	105.45	135	131	138	127	19.06	44	70	40	43	40.79	82	35	8.12	134	64	42	89	89.47	6	51	33	25	49.33	86	107	47.17	2	116	124	73	8.12	58	19	77	40																																																																																																																																																																																														
9	17.28	147	39	113	54	83.36	62	2	147	67	125.79	41	3	76.53	75	105	128	150	48.8	95	106	32	45	75.22	103	85	65.82	118	82	116	58	43.28	109	95	36	129	25.19	95	131	32.61	129	91	8	136	69.71	79	30	99	134																																																																																																																																																																																														
57	67.69	143	138	148	45	46.57	8	33	45	70	36.85	125	74	113.19	40	137	59	44	95.31	85	115	136	39	107.36	122	143	20.19	23	71	140	115	60.15	119	86	103	126	53.55	102	134	148.3	9	122	113	113	104.27	138	120	49	29																																																																																																																																																																																														
139	137.01	135	70	39	57	74.28	16	131	45	130	26.85	7	23	22.83	147	146	92	111	23.34	60	110	25	88	111.4	92	13	83.98	149	22	146	137	59.49	131	1	81	82	51.56	65	143	75.69	8	147	70	102	62.32	124	124	71	118																																																																																																																																																																																														
146	22.63	43	150	73	77	94.96	52	59	95	3	130.49	132	125	4.9	100	56	147	15	81.33	101	39	91	59	64.89	56	122	147.55	146	30	102	69	31.54	135	89	142	13	88.15	127	142	109.32	55	126	98	71	101.43	113	44	20	100																																																																																																																																																																																														
53	111.71	97	121	103	75	131.69	85	115	89	77	144.2	54	116	17.38	109	51	130	74	14.69	45	24	78	4	4.74	106	89	139.01	109	142	111	47	133.48	34	130	113	102	5.49	149	142	91.77	100	104	8	125	133.08	45	128	127	80																																																																																																																																																																																														
103	23.78	47	62	102	49	24.34	61	27	123	90	148.05	39	92	79.13	123	118	88	138	89.84	85	18	23	5	3.53	95	101	73.58	144	14	2	11	29.56	12	49	94	87	86.66	117	116	80.64	67	53	110	30	23.36	104	36	124	135																																																																																																																																																																																														
112	76.85	137	57	71	12	148	68	67	79	4	121.44	120	9	31.79	13	144	38	70	25.6	81	103	42	56	63.74	78	139	60.35	141	130	31	15	82.35	101	59	61	104	125.3	1	150	92.69	108	150	126	24	109.13	8	34	84	39																																																																																																																																																																																														
10	100.28	39	84	115	89	58.69	101	77	54	125	145.14	57	90	115.84	127	135	107	48	20.24	140	6	18	60	6.09	37	9	146.99	96	66	110	73	6.38	75	23	107	141	16.74	34	47	60.15	45	128	141	133	4.86	91	150	88	143																																																																																																																																																																																														
71	69.75	46	51	145	26	115.29	37	121	69	50	84.71	138	99	14.61	55	4	99	114	85.43	36	147	69	117	56.6	105	98	4.76	125	66	34	39	101.68	42	104	85	62	95.24	18	62	68.33	124	90	102	103	18.96	17	140	116	13																																																																																																																																																																																														
6	91.5	36	114	22	18	72.22	10	70	120	137	53.82	76	64	105.11	48	108	147	96	83.34	16	28	88	49	82.78	43	122	108.96	91	3	12	111	86.95	20	63	64	64	125.89	103	123	140.25	65	131	18	28	65.64	97	119	19	13																																																																																																																																																																																														
136	67.08	75	1	138	106	110.71	142	100	82	147	91.95	118	84	133.37	140	14	24	89	12.52	127	8	51	139	80.19	128	39	27.21	112	139	63	90	122.59	1	73	143	26	109.17	102	111	103.6	9	11	79	142	52.11	20	28	21	126																																																																																																																																																																																														
96	67.67	132	130	139	115	60.73	77	124	52	84	77.98	103	102	103.69	53	35	35	34	24.42	105	85	128	48	119.24	92	72	103.86	11	61	54	108	69.62	8	150	132	20	36.6	33	121	5.13	62	132	4	28	110.38	101	145	87	100																																																																																																																																																																																														
140	126.34	104	117	9	35	71.63	31	9	38	47	75.01	20	135	137.14	62	2	126	145	56.87	103	137	27	131	78.1	90	41	105.38	132	109	86	147	132.1	110	75	45	24	36.95	114	141	125.03	95	95	88	75	89.01	142	94	98	83																																																																																																																																																																																														
119	2.8	100	34	89	58	29.49	15	46	76	105	118.49	62	122	134.08	27	79	3	35	36.88	107	13	118	102	122.69	41	96	64.1	102	7	5	77	33.51	107	108	67	51	66.47	53	21	83.21	89	82	116	24	132.24	139	20	121	89																																																																																																																																																																																														
140	104.44	139	100	6	116	58.13	8	92	128	44	129.04	7	52	115.53	18	129	110	116	18.25	121	111	28	17	107.02	50	56	86.41	46	121	27	92	145.34	135	150	49	56	102.23	52	29	24.78	94	85	99	89	115.06	116	107	29	76																																																																																																																																																																																														
42	140.64	34	137	94	99	147.46	5	47	62	65	10.4	103	82	8.53	139	9	37	39	138.26	93	147	97	69	41.73	132	97	24.14	141	119	73	52	130.54	120	86	111	84	126.76	96	17	132.72	100	34	6	52	16.23	141	108	71	30																																																																																																																																																																																														
90	148.67	7	57	47	115	63.77	12	89	107	91	95.4	102	41	31.35	30	83	120	61	23.05	7	54	66	35	94.89	111	145	141.72	46	21	140	93	80.81	70	53	32	102	78.48	109	31	144.22	89	118	129	103	80.16	74	41	6	85																																																																																																																																																																																														
59	124.1	128	30	133	21	46.28	131	124	77	111	61.46	33	69	61.05	39	109	125	5	82.5	71	86	43	26	119.06	74	37	91.97	115	108	19	26	121.65	51	137	97	65	121.86	54	72	51.6	36	137	62	101	35.88	92	113	120	71																																																																																																																																																																																														
129	104.99	84	35	16	29	94.43	25	117	12	61	122.1	79	70	71.01	5	131	131	138	138.46	144	144	48	36	15.15	121	44	121.99	59	101	49	142	4.62	83	24	101	103	103.87	64	57	9.47	21	96	35	20	76.41	137	118	10	6																																																																																																																																																																																														
84	26.52	41	40	2	146	28.54	69	24	15	113	84.99	66	133	47.05	12	33	41	9	1.43	73	65	78	97	78.01	130	138	54.2	143	121	66	100	92.94	71	26	33	89	146.66	36	144	71	32	114	72	29	35.5	109	59	92	143																																																																																																																																																																																														
38	104.74	69	57	64	54	125	147	45	109	59	59.09	83	142	12.44	71	143	100	64	48.66	85	68	74	4	62.84	10	89	114.47	25	90	6	122	26.06	105	111	66	120	145.54	63	49	41.28	103	68	71	122	111.09	65	125	120	129																																																																																																																																																																																														
107	99.46	141	60	91	112	63.22	85	28	148	103	10.72	80	25	134.05	31	118	56	128	81.49	103	111	65	24	135.21	78	53	119.96	6	8	26	72	136.53	132	64	85	143	77.02	115	147	78.44	141	62	45	67	131.75	44	135	22	32																																																																																																																																																																																														
114	15.73	55	67	21	41	102.77	116	35	8	33	17.52	113	13	98.84	57	130	32	93	58.43	49	31	34	9	46.51	55	65	36.75	44	72	50	84	95.13	96	110	109	134	10.47	54	131	55.2	81	38	82	18	54.94	38	50	16	82																																																																																																																																																																																														
70	53.66	46	137	129	139	100.57	142	55	6	110	15.67	31	48	147.82	65	117	120	39	42.92	126	88	66	48	91.9	56	46	116.47	18	80	9	108	3.93	62	40	78	75	82.76	52	133	43.35	100	23	12	41	102.09	45	106	20	118																																																																																																																																																																																														
13	20.18	146	13	84	121	40.18	109	122	112	84	108.77	81	115	104.86	34	43	85	142	50.32	94	47	105	118	1.47	128	112	54.87	123	42	12	116	143.76	59	111	28	148	52.65	48	51	129.21	15	148	128	2	29.06	9	76	33	75																																																																																																																																																																																														
106	141.71	91	76	56	64	90.16	57	56	33	72	62.16	87	2	140.06	10	78	8	119	49.83	31	84	40	80	79.39	23	13	135.46	62	95	62	43	123.58	78	142	1	75	3.26	71	83	94.09	130	77	86	61	61.12	40	17	96	118																																																																																																																																																																																														
136	86.98	102	81	22	145	120.3	16	62	17	109	123.3	110	59	96.28	50	142	133	10	50.55	53	58	107	120	53.24	127	77	122.9	76	99	6	4	100.44	114	99	72	135	29.62	81	13	29.58	71	125	119	131	2.53	90	130	75	45																																																																																																																																																																																														
5	66.82	130	85	122	89	113.51	44	65	12	119	74.92	33	26	48.01	119	37	53	65	114.95	128	15	123	145	30.6	99	55	1.31	3	145	125	50	51.72	54	74	135	142	80.54	135	86	94.45	92	54	64	13	50.04	150	89	88	20																																																																																																																																																																																														
39	92.09	127	126	65	30	13.17	9	53	119	49	132.56	119	116	71.24	113	12	82	31	90.34	116	39	88	44	80.06	136	150	55.54	5	11	117	20	57.59	66	120	123	134	84.64	45	36	112.04	112	76	142	30	106.93	47	55	125	39																																																																																																																																																																																														
80	136.32	42	150	17	82	61.32	123	79	5	1	96.82	115	20	145.55	38	79	37	134	128.17	139	52	135	37	24.43	13	137	91.81	3	137	55	113	104.79	115	54	48	53	131.97	118	75	11.73	50	2	78	43	66.61	100	130	105	126																																																																																																																																																																																														
80	133.27	131	1	75	104	73.6	20	101	15	107	136.32	65	149	7.01	25	46	59	99	81.71	4	7	102	141	11.2	91	70	138.8	49	63	146	43	112.34	120	109	64	52	99.36	87	108	96.14	20	75	5	49	43.7	96	14	74	115																																																																																																																																																																																														
56	143.63	97	67	111	32	61.02	45	61	105	19	17.85	149	100	20.8	54	148	106	100	99.21	137	111	42	61	69.8	129	136	38.98	86	56	141	27	21.93	58	102	43	104	36.18	118	59	83.13	149	79	70	2	80.69	16	82	113	146																																																																																																																																																																																														
60	40.22	121	150	61	55	2.97	1	124	125	7	93.09	77	145	129.9	8	141	142	104	127.49	122	83	85	25	115.02	142	8	58.42	30	24	10	47	73.18	37	128	66	87	139.72	138	43	2.14	88	60	108	16	100.88	33	23	70	51																																																																																																																																																																																														
89	135.75	50	45	147	88	69.06	121	129	63	96	55	14	29	98.25	131	140	22	126	2.72	14	86	42	14	74.96	51	48	11.96	83	112	25	108	137.75	83	42	94	72	56.8	13	59	55.02	112	142	15	122	138.86	115	122	88	66																																																																																																																																																																																														
44	91.51	91	65	19	31	143.93	95	6	108	38	74.42	109	58	115.31	42	85	142	52	142.23	61	13	17	144	131.76	70	84	90.53	48	36	90	27	47.3	125	79	4	100	134.83	60	9	148.11	62	16	16	1	133.38	104	9	142	29																																																																																																																																																																																														
123	134.84	21	69	101	75	101.71	138	41	57	1	132.96	3	54	51.78	110	115	94	77	67.18	52	113	4	19	37.52	89	57	131.91	17	120	84	146	92.48	141	97	3	113	9.26	99	143	135.3	3	111	135	45	86.75	32	73	41	33																																																																																																																																																																																														
84	49.26	75	42	65	76	44.58	5	73	18	17	8.03	61	117	13.61	3	58	149	18	72.91	77	59	143	48	80.91	117	82	87.88	14	70	42	29	113.08	44	84	5	73	144.57	40	59	14.87	61	131	78	133	30.22	19	31	127	100																																																																																																																																																																																														
57	76.94	49	5	21	147	60.07	145	30	12	105	108.87	98	89	82.34	82	74	52	16	126.73	4	109	145	135	77.93	30	142	90	39	5	43	119	85.32	43	107	66	132	81.89	72	27	59.96	56	27	4	149	78.86	150	109	28	120																																																																																																																																																																																														
30	34.91	80	50	31	102	144.91	126	6	13	149	79.24	140	41	54.51	18	146	11	149	125.77	97	77	5	76	131.72	116	63	145.67	115	36	4	82	38.28	14	101	116	90	64.87	123	75	16.18	18	15	137	52	21.07	113	69	64	15																																																																																																																																																																																														
5	31.66	110	118	73	133	118.36	148	148	50	40	96.44	78	129	108.17	136	127	86	54	73.32	66	1	123	80	33	42	38	108	134	107	89	50	13.43	129	135	65	98	118.63	78	4	55.19	88	65	136	143	125.11	25	8	121	67																																																																																																																																																																																														
36	11.17	70	149	14	135	123.19	26	16	144	145	26.42	32	147	42.36	94	44	110	22	33.2	122	57	80	12	23.69	138	114	127.03	54	115	117	73	100.08	87	7	27	49	105.95	143	26	36.33	61	146	81	99	140.99	52	121	56	96																																																																																																																																																																																														
78	91.52	23	71	39	6	113.36	4	44	42	82	61.59	1	4	135.47	113	59	144	86	131.22	60	97	22	60	30.64	109	75	2.39	114	83	104	54	76.86	124	74	2	113	46.61	76	150	111.48	71	10	147	113	80.91	40	114	118	87																																																																																																																																																																																														
45	11.16	78	91	132	66	30.08	76	148	134	108	79.18	130	150	75.58	130	16	109	6	61.01	5	138	147	119	142.09	46	134	136.69	97	143	66	109	149.57	59	67	82	111	46.18	27	136	29.12	114	112	114	117	131.58	82	120	71	85																																																																																																																																																																																														
36	18.81	150	115	127	120	143.35	62	95	111	44	61.16	58	19	45.42	71	106	9	145	118.21	26	28	72	133	142.38	95	150	68.11	146	131	7	97	116.39	127	138	13	144	108.44	135	69	114.91	60	88	18	26	75.8	99	118	97	146																																																																																																																																																																																														
9	92.01	90	70	141	74	137.06	14	123	69	96	126.26	5	146	63.54	88	55	94	20	104.85	137	90	134	8	22.68	7	18	65.67	148	68	91	74	44.5	124	120	16	39	120.49	121	120	56.55	113	2	60	79	56.13	18	64	6	98																																																																																																																																																																																														
149	146.24	51	56	124	113	90.78	46	121	17	10	63.77	103	41	89.52	10	73	22	131	43.87	106	93	7	101	105.87	86	86	65.74	92	92	19	2	148.02	92	102	147	91	86.25	111	54	23.02	23	86	68	10	60	126	59	128	31																																																																																																																																																																																														
137	74.62	129	2	142	105	45.64	13	148	52	84	121.97	85	134	43.77	139	105	139	29	144.97	77	11	11	105	18.97	35	118	29.19	44	83	48	18	113.21	135	18	34	9	28.81	88	8	27.8	88	69	52	50	148.26	106	107	131	142																																																																																																																																																																																														
72	75.49	63	40	43	79	89.61	43	141	5	67	52.67	15	43	44.99	25	129	115	129	24.33	43	120	118	54	73.37	48	80	10.51	75	78	143	74	32.76	3	124	74	75	77.04	122	119	74.4	130	148	42	106	99.32	77	79	146	65																																																																																																																																																																																														
46	77.91	48	50	99	84	3.21	148	107	22	48	51.45	132	55	101.26	54	127	67	57	1.51	31	140	150	146	24.05	60	55	56.27	116	33	128	65	92.2	49	91	114	117	90.96	41	121	140.61	139	80	117	135	148.82	76	82	57	104																																																																																																																																																																																														
112	144.42	147	89	67	140	10.24	107	26	71	115	10.81	40	82	51.89	41	19	102	18	18.15	86	113	126	69	71.3	8	123	70.38	133	48	40	98	87.69	128	20	102	102	72.09	67	6	97.95	145	42	65	99	20.67	9	66	53	90																																																																																																																																																																																														
31	145.95	12	117	66	82	79.66	36	26	95	61	81.63	144	91	6.11	134	63	17	47	59.04	60	25	146	115	128.27	117	119	25.22	37	68	142	59	75.54	128	106	43	67	16.76	137	1	136.52	108	24	18	100	90.47	94	101	91	42																																																																																																																																																																																														
46	37.32	38	63	63	20	77.14	22	15	150	89	91.53	94	85	54.12	3	146	102	9	60.84	106	147	66	80	75.22	92	123	123.61	53	137	54	53	72.14	146	66	99	132	84.64	6	63	50.3	4	61	51	6	56.27	19	59	12	17																																																																																																																																																																																														
59	54.92	150	68	37	104	29.84	100	6	102	112	16.68	66	76	4.83	55	74	30	97	147.63	47	50	40	70	130.51	99	47	149.23	43	50	112	133	110.9	11	20	29	128	25.69	118	118	138.02	90	17	29	120	95.56	52	125	15	99																																																																																																																																																																																														
57	35.04	69	39	132	118	82.86	89	108	58	22	120.96	74	29	76.05	51	5	14	85	143.38	17	15	96	132	144.21	65	74	42.44	81	96	107	95	7.46	23	11	113	12	60.27	126	74	74.85	101	109	86	60	82.72	10	40	2	124																																																																																																																																																																																														
145	52.09	33	12	150	1	4.71	22	117	56	44	103.56	79	101	59.84	18	47	128	33	62.42	40	62	22	120	62.64	135	109	73.74	41	94	26	1	136.57	46	129	144	140	133.03	121	44	87.74	148	80	132	148	17.45	62	132	57	59																																																																																																																																																																																														
65	2.25	35	32	48	134	23.99	47	16	95	79	4.38	93	110	104.34	85	97	109	131	115.95	143	94	94	61	23.44	141	29	62.91	126	45	48	120	112.33	82	141	49	43	6.38	114	64	57.71	126	79	105	132	72.68	61	30	122	55																																																																																																																																																																																														
86	70.51	54	132	97	130	30.28	31	10	49	77	51.44	94	147	55.71	1	108	9	111	42.97	60	37	146	36	115.13	102	133	30.01	122	28	56	26	100.75	130	22	98	49	27.42	53	6	96.42	28	104	81	42	57.32	83	69	12	18																																																																																																																																																																																														
3	27.11	14	129	128	149	117.88	28	76	70	91	111	89	73	136.58	83	59	16	24	126.17	147	34	63	86	34.71	67	64	87.93	6	26	41	56	4.38	139	13	40	115	29.58	30	115	143.13	32	85	16	50	117.5	50	150	147	92																																																																																																																																																																																														
86	35.8	5	42	33	10	17.59	115	23	50	121	139.63	146	71	16.75	75	67	51	134	118.59	34	9	24	150	56.2	124	62	49.62	145	90	32	76	61.35	53	107	82	91	17.75	89	132	48.37	41	22	111	101	63.86	111	104	27	131																																																																																																																																																																																														
39	75.71	28	73	64	92	85.05	101	84	130	138	121.18	36	54	19.55	83	17	112	143	115.96	143	14	41	69	141.18	112	93	11.81	93	2	57	95	145.44	148	117	54	105	75.64	107	126	5.34	146	5	101	111	47.68	146	24	41	132																																																																																																																																																																																														
32	19.77	28	14	8	31	72.55	143	67	32	42	53.32	146	25	46.58	6	116	48	50	136.79	141	143	115	32	115.74	108	85	10.56	77	93	115	5	49.53	3	73	89	31	34.19	41	126	146.3	148	149	22	128	95.49	147	112	23	147																																																																																																																																																																																														
7	63.12	56	148	26	131	126.18	6	15	73	108	127.6	59	123	91.89	141	85	66	124	85.63	44	10	95	41	116.33	117	32	80.12	127	51	61	132	83.63	39	73	30	90	53.05	57	24	116.61	113	87	135	69	96.92	113	147	9	142																																																																																																																																																																																														
52	61.3	99	46	102	58	88.01	138	72	45	3	82.65	57	12	124.21	60	95	111	135	144.47	150	67	145	60	14.92	15	30	111.28	129	33	12	27	3.57	83	83	126	26	25.87	91	45	117.01	58	72	51	120	127.67	144	89	141	134																																																																																																																																																																																														
138	29.98	8	51	105	99	149.89	69	128	90	76	142.51	122	53	115.87	1	1	61	94	124.8	6	137	7	95	55.71	129	52	39.26	28	127	135	83	96	120	78	100	134	129.32	107	74	91.17	126	94	49	76	63.77	107	40	61	144																																																																																																																																																																																														
139	62.73	4	53	92	117	103.63	131	42	11	58	13.58	22	137	20.19	30	19	93	62	138.73	23	23	135	96	15.94	43	113	45.34	89	3	107	53	51.74	132	86	65	82	20.41	73	111	25.21	115	142	15	97	22.14	17	65	97	138																																																																																																																																																																																														
29	146.2	134	95	30	77	8.14	143	94	12	63	83.12	43	88	146.7	58	18	123	57	43.36	79	22	68	63	140.85	131	21	145.29	17	6	75	52	68.82	5	140	24	142	147.33	83	16	85.85	50	107	101	67	61.92	138	44	25	59																																																																																																																																																																																														
20	83.55	54	89	4	125	140.84	64	150	5	142	120.91	132	39	63.44	97	103	93	128	122.56	48	34	89	39	122.95	149	67	53.62	124	129	140	20	58.95	137	93	53	95	135.01	137	46	103.99	52	14	53	53	21.68	38	7	87	58																																																																																																																																																																																														
142	100.19	100	106	50	117	118.34	99	47	99	45	21.69	7	8	136.82	66	126	27	44	35	58	59	117	112	52.04	125	52	138	97	97	16	97	39.01	128	14	77	7	98.99	88	135	61.54	22	99	128	48	109.28	31	51	116	38																																																																																																																																																																																														
146	78.47	83	96	109	29	98.36	134	145	121	124	73.96	84	110	147.1	127	18	31	78	55.66	27	105	20	34	10.77	49	88	116.28	33	7	129	2	30.27	42	73	68	57	50.39	85	108	109.49	16	25	143	103	75.25	89	56	120	144																																																																																																																																																																																														
24	130.49	50	127	131	2	11.48	131	143	41	114	5.06	74	14	138.17	76	3	135	50	99.09	110	47	63	109	53.46	13	60	70.07	76	79	66	110	132.43	9	128	18	114	40.41	123	49	62.14	81	141	69	23	8.88	50	138	107	124																																																																																																																																																																																														
16	139.9	142	118	27	8	79.3	84	29	118	100	22.46	85	85	23.61	51	98	22	7	68.32	78	90	6	127	65.14	104	100	23.11	76	32	108	120	135.4	60	44	18	145	68.14	122	100	8.65	127	23	68	22	81.64	114	116	110	113																																																																																																																																																																																														
71	21.55	149	50	82	54	81.05	127	132	77	39	93.25	116	128	115.62	39	147	34	123	103.83	104	50	113	63	32.94	144	55	139.68	150	25	131	20	131.04	142	70	70	58	7.17	50	94	7.82	72	71	92	143	85.06	78	78	89	23																																																																																																																																																																																														
92	64.66	141	83	25	26	54.19	94	102	104	29	66.39	96	122	84.36	56	80	51	41	8.69	142	117	63	107	74.48	126	7	104.92	134	5	81	16	62	79	10	115	127	67.38	21	33	46.48	99	144	90	59	46.75	38	12	96	144																																																																																																																																																																																														
149	138.61	7	14	95	64	115.06	125	101	60	34	139.64	129	2	16.78	121	110	43	88	45.73	61	108	59	79	69.21	16	80	30.98	144	109	89	104	40.49	56	44	94	58	42.55	78	117	137.73	40	114	143	18	81.34	82	83	110	54																																																																																																																																																																																														
2	75.5	6	39	6	52	91.08	103	118	77	139	25.17	117	27	14	140	139	61	42	106.81	117	126	2	137	59.03	63	118	120.59	121	58	91	136	42.29	1	84	141	114	56.02	37	98	60.83	32	128	60	85	14.76	63	52	79	133																																																																																																																																																																																														
64	10.87	101	108	107	7	46.5	60	10	93	125	41.22	4	74	56.87	70	18	80	70	146.24	33	91	17	31	4.76	19	79	23.84	5	70	90	51	144.06	129	125	3	134	52.4	120	127	133	114	1	7	129	111.74	139	107	71	81																																																																																																																																																																																														
132	35.11	44	94	55	98	38.34	16	11	23	63	83.47	111	102	66.63	119	90	107	60	21.15	108	33	34	150	86.13	120	56	87.97	33	87	102	139	87.13	123	110	27	80	126.62	144	58	56.87	27	19	51	89	136.94	38	13	67	24																																																																																																																																																																																														
58	82.96	4	133	29	30	144.57	101	120	58	13	69.28	29	145	33.6	57	28	108	112	69.6	85	148	26	11	18.04	50	128	103.74	103	82	79	18	57.26	120	61	99	115	62.47	72	7	148.07	59	15	14	1	4.25	2	43	145	111																																																																																																																																																																																														
113	88.46	99	140	100	2	25.31	2	41	59	133	78.67	105	16	20.03	15	56	127	8	101.46	101	68	113	97	85.42	42	89	124.61	136	25	91	23	110.81	13	82	66	81	115.92	95	143	81.92	92	58	80	46	19.32	14	106	121	98																																																																																																																																																																																														
97	44.88	118	129	12	110	100.37	124	133	84	32	102.3	24	19	122.07	29	10	136	92	128.23	82	133	95	93	58.26	119	42	7.43	99	134	5	63	51.67	136	26	69	9	136.76	54	67	70.23	119	58	105	134	38.48	8	94	134	65																																																																																																																																																																																														
9	146.05	86	53	21	48	146.27	146	135	128	110	47.84	42	84	45.39	66	37	67	23	121.29	140	92	148	44	101.19	129	89	53.3	52	147	31	8	124.8	10	24	99	102	85.56	22	75	32.55	5	125	90	126	60.32	54	65	32	51																																																																																																																																																																																														
60	149.45	80	5	124	92	86.75	80	41	109	15	71.52	142	66	61.39	96	26	65	47	96.53	49	135	47	105	139.63	52	58	41.89	143	12	136	60	145.32	5	135	126	137	99.34	52	145	132.88	91	100	31	131	116.25	69	139	73	39																																																																																																																																																																																														
67	105.06	122	78	95	84	146.39	40	100	143	7	104.28	98	132	48.78	102	4	9	98	29.48	51	146	24	20	52.06	50	99	123.2	31	44	122	91	147.12	57	98	93	92	47.11	148	44	12.3	126	31	133	1	114.59	55	43	9	1																																																																																																																																																																																														
141	40.76	80	116	70	91	115.48	29	115	54	63	146.23	69	137	122.1	5	83	58	95	1.88	32	91	40	57	100.48	1	76	138.63	142	148	136	112	53.45	32	137	130	118	70.63	89	72	121.39	69	86	55	22	139.51	150	99	113	91																																																																																																																																																																																														
82	97.68	119	43	18	136	136.63	130	75	22	4	125.29	65	138	141.15	75	34	97	108	146.12	2	115	6	114	31.82	97	41	57.09	2	20	26	81	92.34	102	96	58	103	70.34	40	105	108.57	112	127	36	81	35.14	80	24	113	60																																																																																																																																																																																														
88	17.54	15	58	37	89	46.19	49	62	147	9	18.34	10	107	3.66	14	89	21	122	15.75	82	111	8	21	85.9	78	42	15.07	6	129	57	135	12.44	78	101	6	99	97.87	144	102	80.27	40	112	139	31	18.83	37	136	64	119																																																																																																																																																																																														
118	135.93	13	136	67	63	142.42	141	137	38	2	56.09	109	70	17.26	13	128	133	20	92.63	99	54	20	3	86.69	144	128	10.91	34	50	79	45	123.24	71	20	98	92	22.37	20	107	53.44	147	84	31	103	13.05	37	17	108	105																																																																																																																																																																																														
133	120.59	138	84	100	25	36.97	99	137	129	115	102.91	42	86	91.27	147	46	57	55	142.66	31	66	91	87	69.54	102	121	49.42	126	117	54	109	4.77	51	49	150	120	137.46	141	40	9.28	133	75	114	113	109.22	121	127	73	93																																																																																																																																																																																														
110	13.02	90	55	99	10	11.08	14	27	71	136	30.8	6	30	68.48	14	55	100	132	24.98	41	121	108	58	49.34	6	5	32.79	99	98	68	61	33.06	3	146	133	133	136.09	89	128	115.8	76	88	7	131	73.8	9	6	145	118																																																																																																																																																																																														
8	30.29	78	132	124	16	127.5	133	113	141	66	75.25	128	123	130.94	79	22	80	111	68.41	143	80	62	5	85.09	31	63	27.32	140	89	111	87	27.42	86	25	23	122	52.79	138	94	128.56	122	128	76	113	86.73	2	135	66	67																																																																																																																																																																																														
126	143.14	103	17	149	126	136.31	119	27	116	94	89.93	11	33	83.85	114	4	120	100	18.92	106	60	42	47	65.51	43	144	27.07	72	81	70	48	57.92	94	100	97	52	124.52	150	43	144.06	63	93	107	15	43.93	68	26	126	80																																																																																																																																																																																														
5	66.88	115	57	54	5	34.03	26	38	103	8	83.96	86	24	8.36	65	42	27	43	3.97	73	18	53	36	32.64	6	20	137.53	43	31	114	49	2.74	98	37	74	61	73.99	115	98	133.51	124	56	115	62	37.99	116	145	140	41	130	143	30	50.26	16	129	44	141	28.23	131	137	3	80	34.88	139	111	27	64	122.44	76	45	98	52	96.01	26	114	40	67	67.03	129	19	86	51	122.38	113	125	66	13	20.54	114	47	133	116	4.45	58	62	137	38	56.4	25	55	127	126	3.54	23	119	45	80	9.83	8	65	38	106	44.69	95	11	31	30	37.36	107	29	40	21	90.44	87	123	64	135	82.38	33	133	4	54	126.09	116	89	66	81	70.25	32	6	137	69	121.83	47	47	132	46	147.92	30	113	141	51	145.67	23	77	143	110	110.15	125	20	23	23	118.52	108	131	47	117	65.43	129	38	63	86	123.84	18	14	115	133	83.03	2	82	117	92	96.45	27	21	16	18	146.58	107	91	61	97	83.37	15	69	61	136	113.59	117	128	24	50	71.76	48	15	89	51	17.38	117	66	25	5	69.18	86	96	48	135	58.53	71	16	73	82	9.27	143	125	65	22	134.25	105	19	15	84	41.58	13	7	96	21	101.37	33