50 240
21	26.9	17	68	80	125	144.37	77	100	6	7	117.22	8	29	6.93	27	37	148	73	107.79	105	21	125	50	74.56	143	117	83.02	123	43	110	53	119.04	106	145	54	134	101.06	39	142	88.53	76	77	43	8	59.02	40	58	109	97																																																																																																																																																																																														
23	90.55	141	39	91	134	97.72	74	126	70	95	103.03	136	107	86.86	11	27	120	66	120.23	108	145	131	113	84.53	61	81	64.25	21	70	64	81	119.33	59	47	80	134	93.73	23	66	84.68	140	58	17	34	45.01	109	119	80	123																																																																																																																																																																																														
150	115.21	130	144	71	112	12.59	16	72	13	49	137.64	113	124	12.44	32	29	131	74	37.76	116	3	41	52	89.2	144	126	37.25	82	67	149	38	29.19	141	149	113	2	136.12	99	136	6.54	34	142	50	1	146.06	45	86	129	62																																																																																																																																																																																														
122	8.3	130	59	41	27	140.46	6	23	96	17	78.05	115	128	58.17	101	86	21	60	82.16	85	142	59	76	59.92	72	99	57.85	133	129	102	66	43.27	59	50	8	120	140.2	125	56	136.56	51	76	117	53	42.2	9	90	42	36																																																																																																																																																																																														
61	32.96	109	26	73	81	20.4	130	132	47	82	66.79	55	44	108.84	74	89	65	140	1.66	145	24	19	96	16.72	107	38	49.6	16	124	14	78	97.63	62	122	105	77	95.36	134	123	53.22	103	110	145	124	106.05	11	22	88	105																																																																																																																																																																																														
50	61.05	26	107	43	61	100.4	117	14	102	99	39.49	43	92	12.55	5	118	23	100	64.31	119	145	21	89	31.92	129	27	53.18	51	52	88	51	52.92	35	127	71	111	90.89	65	47	63.91	91	53	42	59	34.28	147	105	146	55																																																																																																																																																																																														
136	105.03	60	120	6	99	89.87	110	91	130	150	84.32	110	133	41.64	26	89	79	140	33.64	16	95	56	67	61.56	4	122	92.15	50	128	2	133	119.56	23	7	51	15	10.9	47	106	66.48	103	24	98	96	110.1	147	95	48	56																																																																																																																																																																																														
135	73.36	29	56	88	31	110.93	124	44	53	148	16.89	77	127	2.05	81	82	47	22	87.09	24	89	118	90	83.82	66	132	83.68	145	129	79	130	135.11	39	38	64	86	53.83	113	133	68.67	19	18	17	59	106.1	95	19	135	118																																																																																																																																																																																														
101	46.37	117	141	100	147	16.6	79	38	44	137	69.15	108	123	32.14	131	61	54	80	135.51	24	132	44	58	94.43	148	109	132.79	59	137	22	69	25.26	81	8	24	117	53.02	137	95	75.97	128	86	88	66	139.11	8	6	105	113																																																																																																																																																																																														
100	19.76	36	3	59	118	129.87	99	32	131	9	8.1	138	121	18.99	122	46	45	116	50.54	69	3	82	77	51.37	78	102	47.11	103	75	103	17	147.26	2	135	89	132	32.16	119	25	15.11	22	52	27	73	21.51	3	58	60	141																																																																																																																																																																																														
21	78.28	93	132	132	126	97.76	136	102	89	32	136.54	138	21	124.31	60	90	3	22	93.69	86	5	11	6	80.49	129	102	119.99	113	132	34	97	8.38	73	84	56	105	12.51	25	8	55.73	49	12	105	62	92.5	27	14	94	104																																																																																																																																																																																														
75	31.99	94	96	147	144	111.22	81	58	29	22	78.54	118	123	140.13	128	112	133	13	83.97	79	125	26	107	37.26	57	102	141.14	31	1	138	56	24.33	59	129	27	128	78.11	143	99	88.3	87	48	47	46	43.21	26	64	20	129																																																																																																																																																																																														
142	5.04	146	92	113	54	15.33	69	4	65	90	149.24	97	84	136.82	18	28	91	52	15.52	77	116	143	121	19.68	146	52	87.65	28	36	61	147	128.98	112	38	107	133	122.8	59	72	82.79	13	105	12	132	7.17	128	14	134	30																																																																																																																																																																																														
62	63.41	114	93	112	69	22.82	116	97	3	111	56.52	79	111	109.53	145	36	7	66	32.49	136	11	108	2	107.87	29	149	117.87	70	42	122	78	19.5	79	60	18	134	88.19	89	73	9.47	27	105	13	60	116.35	53	96	81	19																																																																																																																																																																																														
100	43.39	41	136	79	49	89.6	115	28	77	50	16.54	54	88	20.71	130	42	141	131	69	74	64	128	120	95.04	91	22	125.31	118	132	67	49	102.14	37	94	91	10	66.33	55	41	136.42	52	79	77	114	24.86	43	75	60	44																																																																																																																																																																																														
56	61.17	109	13	109	46	35.62	147	93	17	66	146.55	95	4	40.95	144	30	138	83	49.53	48	114	141	117	112.08	138	128	47.65	72	108	106	57	27.75	33	110	87	125	15.19	33	30	73.38	5	85	126	27	106.74	86	6	119	108																																																																																																																																																																																														
69	120.88	120	80	149	141	137.88	131	1	79	74	91.21	77	95	104.72	69	46	21	97	113.02	117	4	65	36	21.53	58	5	123.85	140	47	63	93	100.24	110	73	59	144	33.94	146	13	25.88	45	54	104	62	144.24	2	31	117	90																																																																																																																																																																																														
81	147.87	10	145	147	97	147.92	95	99	147	47	127.74	12	118	2.96	116	119	29	102	69.16	130	19	104	100	44.56	75	63	22.58	65	26	43	92	69.88	96	98	96	71	108.83	41	108	85.53	118	110	87	107	119.4	134	21	40	16																																																																																																																																																																																														
48	7.07	79	98	13	56	124.98	24	106	144	143	135.36	112	47	45.29	5	33	128	12	7.33	66	80	10	146	27.87	123	70	55.33	12	21	139	61	94.77	126	65	80	62	92.19	129	130	79.36	141	120	88	123	143.96	142	75	2	116																																																																																																																																																																																														
106	43.74	99	142	33	66	122.67	76	25	38	4	45.95	133	20	96.31	41	96	6	52	80.23	13	133	21	45	45.23	109	91	54.64	25	14	48	136	61.1	3	42	27	75	40.53	81	88	123.71	36	56	72	27	66.66	120	120	17	52																																																																																																																																																																																														
27	130.08	76	44	3	35	99.81	25	28	77	47	82.13	11	53	18.1	9	102	110	52	76.76	74	42	58	116	7.38	115	118	34.84	19	69	56	88	136.46	149	84	94	34	45.6	67	20	32.41	37	149	86	119	41.15	60	111	116	88																																																																																																																																																																																														
33	104.62	146	77	147	106	131.28	46	51	149	131	126.74	108	68	44.62	100	86	25	68	145.21	146	119	67	131	86.76	73	13	131.01	112	77	143	112	63.28	127	104	62	26	30.92	38	2	22.21	149	80	55	3	80.58	20	32	98	79																																																																																																																																																																																														
59	79.59	131	66	147	33	9.12	60	121	107	9	23.69	124	48	8.74	17	128	103	22	47.66	18	40	41	119	149.32	118	12	94.61	105	36	96	121	11.95	97	9	115	146	141.65	150	111	77.26	86	91	85	137	26.22	10	79	16	7																																																																																																																																																																																														
77	138.18	20	68	77	116	12.25	7	109	130	144	82.52	140	63	25.72	132	15	10	2	64.87	8	142	30	72	140.48	99	18	26.38	36	90	100	19	67.16	106	90	39	125	99.71	55	80	65.76	79	40	67	14	64.51	2	37	137	116																																																																																																																																																																																														
141	51.28	149	39	3	101	122.61	26	144	98	45	147.23	6	64	47.47	43	119	113	149	54.87	110	93	28	77	39.7	145	114	57.8	147	64	76	58	49.21	22	97	62	120	84.78	18	141	24.39	55	149	113	114	6.33	29	122	68	143																																																																																																																																																																																														
73	124.54	28	90	146	142	57.39	102	37	77	130	131.75	1	48	29.54	21	47	82	137	125.9	146	14	84	68	111.63	55	12	4.01	9	3	109	110	123.54	48	24	85	14	26.61	88	126	142.55	96	95	75	55	80.92	72	53	49	124																																																																																																																																																																																														
56	5.41	59	69	136	7	80.48	126	129	97	117	140.74	72	22	26	98	12	140	109	77.06	143	141	49	20	39.25	146	45	145.77	46	142	106	50	81.44	102	108	21	10	63.4	3	65	124.43	11	19	17	86	32.56	42	37	42	71																																																																																																																																																																																														
135	35.13	127	141	22	64	116.17	102	77	84	90	147.15	25	9	84.23	137	44	67	61	31.75	71	43	79	26	83.97	14	74	39.54	37	114	14	96	26.89	48	77	44	115	118.7	81	20	87.64	19	141	48	30	31.74	39	49	108	85																																																																																																																																																																																														
31	106.46	19	19	66	20	125.42	130	102	76	19	116.79	142	11	127.46	107	55	31	143	149.69	101	8	97	90	64.34	2	59	104.96	66	130	127	29	107.31	143	34	33	39	110.09	67	97	59.84	59	75	138	142	52.05	40	85	129	136																																																																																																																																																																																														
116	107.25	150	23	110	109	80.27	123	134	51	71	114.26	103	46	104.32	12	135	137	33	90.11	130	100	74	18	26.94	96	1	103.34	124	102	2	80	101.44	104	39	130	58	52.73	79	139	84.24	132	83	2	38	2.45	112	148	50	128																																																																																																																																																																																														
104	90.45	106	97	30	13	56.38	37	93	57	145	107.96	47	72	43.52	74	30	53	1	125.01	79	23	9	13	51.7	125	147	1.43	1	131	121	59	63.61	113	111	3	113	59.79	58	56	105.01	127	19	96	33	101.72	119	64	71	130																																																																																																																																																																																														
120	130.94	1	33	87	45	32.69	126	122	90	119	134.2	86	74	81.07	55	100	14	122	13.49	78	45	106	44	47.98	45	52	27.53	148	134	109	111	105.91	9	102	6	40	55.8	9	137	137.77	140	125	54	83	53.65	94	126	55	48																																																																																																																																																																																														
50	102.56	51	54	68	122	37.76	68	41	52	96	128.92	106	61	75.48	26	146	72	147	2.87	100	66	8	61	81.57	92	14	86.25	17	50	29	138	62.36	2	90	134	65	5.88	77	52	148.55	84	55	53	142	104.17	141	29	120	139																																																																																																																																																																																														
86	138.54	62	101	57	103	60.55	83	62	113	149	55.62	89	47	98.88	16	61	79	6	24.19	33	145	35	81	99.33	74	47	16.06	54	102	81	133	85.96	116	40	52	112	65.63	64	47	103.93	29	114	10	26	141.47	10	37	84	61																																																																																																																																																																																														
98	56.61	73	46	117	130	119.13	108	75	140	128	64.93	40	81	146.12	64	71	14	133	69.31	78	85	93	87	19.32	76	145	108.74	70	95	97	32	14.08	30	85	11	31	21.38	105	85	36.66	137	132	94	137	98.94	110	94	4	24																																																																																																																																																																																														
10	77.74	101	70	111	15	60.62	21	66	71	3	7.8	114	17	96.32	18	57	100	32	99.26	59	129	149	8	110.48	65	58	37.16	23	101	23	113	138.73	57	147	56	144	125.32	92	21	32.4	31	60	96	16	101.2	109	102	120	96																																																																																																																																																																																														
46	92.3	88	44	48	101	61.89	87	24	68	21	5.61	124	16	3.26	119	48	6	26	90.06	119	71	130	10	40.2	100	35	53.4	129	100	126	3	59.01	121	77	109	31	97.15	38	17	38.6	85	72	103	135	127.69	1	16	63	85																																																																																																																																																																																														
147	79.61	104	63	74	54	130.2	115	136	23	36	16.89	127	21	140.94	77	105	77	130	106.56	59	41	81	13	57.23	68	30	83.37	9	41	132	96	68.05	17	10	123	19	59	71	72	134.45	97	14	10	61	79.61	48	4	117	72																																																																																																																																																																																														
80	127.76	57	145	92	14	125.83	99	22	13	141	77.33	102	18	91.04	20	9	18	118	8.21	41	23	81	102	112.85	65	37	139.42	107	25	30	134	121.48	24	61	140	82	27.6	93	51	113.17	21	41	44	143	116.77	84	112	5	12																																																																																																																																																																																														
9	119.43	94	69	48	101	79.48	32	100	131	81	81.52	56	125	122.3	112	44	128	147	79.86	119	21	130	93	2.66	43	37	70.23	30	118	146	22	53.21	55	10	102	16	41.31	38	24	2.71	100	44	93	37	99.43	9	86	12	137																																																																																																																																																																																														
138	141.53	69	76	80	126	120.12	67	62	25	104	132.18	112	146	121.63	124	9	143	62	66.75	52	92	12	53	56.14	139	19	102.54	30	60	1	29	17.49	27	102	65	2	138.3	111	9	74.35	133	98	30	22	106.53	24	43	75	23																																																																																																																																																																																														
139	36.22	38	27	26	139	121.64	97	87	145	25	136.93	18	127	29.33	133	43	147	87	91.5	43	114	64	26	33.64	139	118	72.63	139	47	119	149	149.86	134	19	24	79	27.43	15	15	88.63	69	57	74	114	63.08	49	136	73	126																																																																																																																																																																																														
133	73.92	84	112	2	147	71.71	122	68	123	137	139.52	83	27	147.07	114	38	115	18	61.46	149	115	148	32	139.96	7	31	26.12	66	31	68	132	107.32	109	54	27	115	48.76	22	25	123.8	11	125	100	15	18.05	50	45	128	75																																																																																																																																																																																														
112	8.08	137	109	99	113	147.77	69	83	46	4	77.62	9	27	141.18	51	52	98	129	54.16	101	116	118	90	109.35	71	48	99.93	99	16	87	79	11.3	132	65	141	109	130.08	1	99	133.51	9	50	16	37	70.76	135	86	134	86																																																																																																																																																																																														
144	71.55	18	58	9	14	146.29	34	76	76	134	101.7	13	102	32.75	62	75	60	5	29.56	97	127	42	143	5.09	83	70	22.86	54	122	50	135	75.8	18	108	19	27	143.91	105	142	78.7	83	7	42	64	114.48	14	51	76	124																																																																																																																																																																																														
10	124.78	131	78	128	84	49.92	28	105	26	56	109.41	102	70	99.53	63	76	137	48	71.53	114	99	13	69	75.88	137	60	4.09	40	13	22	21	144.84	28	125	22	79	73.17	70	54	20.4	13	64	65	124	70.18	45	148	144	142																																																																																																																																																																																														
12	50.28	14	109	114	148	109.53	105	29	58	62	1.78	12	65	67.29	133	140	134	134	29.95	41	137	17	98	15.11	142	40	93.53	58	7	95	117	56.99	72	44	76	58	57.09	63	132	145.04	59	97	147	67	4.66	34	68	116	16																																																																																																																																																																																														
15	35.4	127	111	17	93	58.08	109	95	86	70	11.33	141	87	23.4	135	101	139	146	37.15	4	72	47	131	60.95	65	47	136.41	8	47	97	99	87.36	146	35	117	90	149.18	13	74	65.8	84	113	60	148	138.83	67	35	52	100																																																																																																																																																																																														
13	122.39	118	34	15	34	79.02	4	28	105	99	50.97	26	120	104.84	108	115	76	110	109.81	72	81	39	55	6.91	149	59	50.43	41	8	17	131	58.17	116	94	48	44	142.1	123	43	65.51	4	57	118	31	41.4	149	18	112	146																																																																																																																																																																																														
51	89.78	124	26	57	25	92.14	107	66	37	33	58.29	115	86	56.65	103	80	105	108	80.91	150	103	62	150	10.57	96	33	147.1	28	61	117	127	29.43	56	72	42	125	113.35	39	74	123.28	132	109	64	69	13.66	58	35	53	100																																																																																																																																																																																														
149	50.15	9	138	51	92	75.4	149	105	86	110	125.41	7	53	143.71	78	85	104	87	57.73	64	2	118	70	75.72	11	60	149.5	148	67	142	74	145.93	38	15	92	103	78.47	143	137	70.91	93	47	98	52	22.36	27	73	43	119																																																																																																																																																																																														
9	64.38	119	123	3	29	141.6	80	19	142	40	86.74	104	58	147.87	133	75	49	75	126.41	64	27	75	73	68.9	104	109	126.73	85	52	16	136	47.24	100	91	58	11	3.15	13	39	137.96	14	108	117	24	56.02	135	12	1	44																																																																																																																																																																																														
35	148.76	79	90	30	52	30.93	34	66	94	10	60.65	70	141	71.56	40	147	149	57	15.28	130	68	124	101	105.95	69	108	54.15	5	112	7	25	12.31	25	77	114	50	113.98	21	25	131.37	117	67	35	41	148.71	27	23	30	82																																																																																																																																																																																														
53	61.47	38	123	143	28	131.01	40	137	39	93	123.58	94	88	73.86	64	84	112	42	66.91	143	130	24	53	123	11	39	14.08	96	115	44	37	74.12	116	82	54	114	88.15	95	6	147.61	94	42	119	118	73.64	127	88	121	89																																																																																																																																																																																														
86	132.22	141	134	7	63	108.61	9	41	6	85	111.43	66	67	21.26	67	122	126	46	39.35	121	116	55	10	144.66	128	93	12.05	144	83	98	5	75.07	40	72	70	114	50.06	102	124	52.64	111	100	39	138	6.39	144	102	102	123																																																																																																																																																																																														
147	51.91	99	71	7	124	38.92	14	123	119	83	34.13	78	2	29.11	82	49	41	70	88.54	18	94	144	149	94.15	1	26	105.54	7	82	37	38	31.71	103	54	13	127	93.5	81	100	82.66	98	149	32	39	5.78	72	9	30	57																																																																																																																																																																																														
51	73.88	107	68	143	63	121.62	108	121	142	134	124.59	69	58	2.75	57	129	114	101	110.31	13	46	23	37	131.22	135	60	128.29	119	138	91	2	148.9	112	44	15	130	35.55	25	139	119.6	87	6	101	81	17.37	29	87	85	97																																																																																																																																																																																														
106	114.9	2	73	29	6	82.13	29	60	64	26	89.07	103	75	62.57	48	72	33	97	23.43	21	27	35	37	145.43	34	5	48.78	27	96	36	71	87.14	93	116	96	5	103.79	124	88	25.48	23	58	102	81	19.09	35	147	59	56																																																																																																																																																																																														
137	93.78	92	5	97	81	24.9	118	106	63	53	36.17	119	120	46.02	84	87	7	84	147.66	56	71	68	83	76.58	66	61	3.67	124	27	50	85	102.38	8	74	10	67	59.77	114	110	34.24	149	108	52	124	78.25	125	70	134	123																																																																																																																																																																																														
89	20.66	119	142	26	29	125.36	142	58	149	143	83.3	13	92	115.49	110	60	10	104	81.94	57	100	66	3	57.61	44	148	141.18	150	119	119	75	121.58	29	120	87	38	143.6	145	4	129.49	132	22	42	23	21.35	11	106	112	51																																																																																																																																																																																														
145	130.44	119	21	109	74	28.9	132	133	94	135	97.08	93	107	72.45	109	63	68	101	86.95	112	75	42	68	17.46	89	61	119.1	49	83	87	52	121.46	100	118	22	142	135.06	116	113	131.41	2	29	75	38	20.52	148	147	135	41																																																																																																																																																																																														
38	123.65	127	47	72	109	70.09	59	11	135	132	64.33	142	48	107.55	58	129	48	45	47.96	37	43	51	46	106.73	122	26	36.17	43	127	125	80	53.73	84	125	140	69	113.65	109	1	76.36	73	57	65	108	66.26	81	31	13	48																																																																																																																																																																																														
41	38.72	22	130	96	29	88.78	57	8	137	91	62.47	5	100	21.44	3	54	141	106	97.56	108	148	36	5	37.4	11	143	25.8	8	39	145	4	14.54	64	59	84	131	55.1	148	115	86.74	103	29	33	128	9.64	94	43	133	95																																																																																																																																																																																														
74	38.05	61	41	78	96	100.76	39	38	12	109	98.81	6	31	5.36	35	79	15	28	54.05	70	77	35	137	76.05	98	126	108.83	55	81	2	45	98.06	33	7	36	129	24.67	50	129	115.06	12	150	2	145	78.94	88	115	78	65																																																																																																																																																																																														
35	111.25	143	4	24	60	27.37	7	126	51	131	33.65	83	103	137.02	118	141	58	107	33.78	137	141	28	106	38.57	90	7	8.99	121	103	66	117	137.85	80	104	80	78	128.64	127	86	124.09	131	60	80	42	129.83	7	39	131	112																																																																																																																																																																																														
56	5.39	84	85	17	87	97.89	118	55	57	85	71.06	140	29	22.79	149	146	119	149	97.66	45	111	19	62	61.27	114	33	75.18	105	30	42	15	76.15	86	104	94	137	79.96	1	56	98.11	61	59	43	111	77.51	137	100	73	89																																																																																																																																																																																														
127	96.06	79	33	109	106	116.25	33	14	144	77	17.29	114	78	38.96	113	101	41	142	72.99	109	25	7	22	33.32	122	21	60.34	42	148	67	45	46.02	70	12	142	98	72.7	14	111	17.36	53	14	7	95	45.54	20	105	25	149																																																																																																																																																																																														
117	103.18	72	30	131	129	16.8	10	10	113	100	91.43	110	4	102.72	114	28	61	37	133.6	72	142	108	118	71.71	62	94	70.93	122	24	81	41	92.6	66	23	14	88	41.77	16	121	104.48	67	124	135	66	31.27	75	129	114	40																																																																																																																																																																																														
11	59.83	97	112	148	85	85.75	106	113	43	67	47.45	123	72	5.8	117	63	99	140	44.39	34	55	130	53	32.85	121	79	26.07	90	71	100	86	2.19	131	140	91	128	140.83	56	89	10.67	78	47	121	42	126.57	9	21	42	131																																																																																																																																																																																														
141	66.21	27	148	119	116	129.1	2	130	29	122	103.52	77	50	80.61	116	97	42	78	72.31	102	39	102	34	126.33	120	69	85.83	9	97	49	42	123.99	77	144	126	110	145.14	134	99	38.4	43	130	132	52	9.16	67	76	19	50																																																																																																																																																																																														
62	70.41	69	149	45	16	92.28	94	14	96	101	97.46	78	64	37.39	108	72	94	44	19.29	70	98	70	99	120.41	73	76	24.48	146	68	45	143	87.48	77	16	143	24	29.67	143	110	21.17	13	150	50	62	98.61	124	88	91	93																																																																																																																																																																																														
47	39.16	118	83	119	150	79.58	49	6	46	53	52.55	141	37	70.15	116	28	34	134	18.58	36	143	126	58	68.18	34	72	134.33	85	143	25	46	94.89	66	33	108	20	100.09	77	22	84	53	129	12	37	104.33	26	136	116	89																																																																																																																																																																																														
83	51	43	53	123	110	97.5	75	87	82	26	70.27	22	133	45.05	87	16	127	142	116.95	38	89	112	90	58.54	117	15	39.32	20	72	96	150	141.84	65	139	54	43	129.7	11	45	88.47	23	32	30	20	62.94	38	110	93	56																																																																																																																																																																																														
72	83.26	25	36	83	118	139.03	81	1	41	87	35.3	121	6	137.64	44	17	63	89	108.56	108	19	7	97	78.87	6	65	53.08	107	64	55	51	93.52	6	28	98	64	82.74	113	74	29.16	49	9	83	39	29.65	2	26	33	134																																																																																																																																																																																														
131	125.3	148	122	138	57	61.96	70	78	37	106	57.3	120	4	14.16	64	143	113	121	16.24	72	33	114	146	97.89	70	19	95.07	14	10	54	66	96.24	69	43	38	131	79.45	86	21	76.2	89	88	8	63	70.84	140	40	144	63																																																																																																																																																																																														
82	66.81	96	47	91	70	144.7	59	108	141	147	108.15	70	123	64.13	72	19	38	85	96.61	42	4	113	52	145.3	17	15	135.77	54	143	37	17	10.49	52	101	112	32	79.75	71	137	86.22	125	39	44	3	73.46	43	61	8	44																																																																																																																																																																																														
109	13.03	39	61	75	13	79.66	24	143	79	68	57.55	8	96	112.11	131	91	135	125	102.15	31	149	109	19	135.82	139	86	88.79	35	17	35	123	43.07	144	61	84	60	1	47	128	100.53	90	70	46	135	108.7	1	93	90	90																																																																																																																																																																																														
52	42.08	97	22	15	5	29.11	99	28	84	34	73.25	136	68	139.24	90	16	71	19	42.82	31	66	139	121	39.81	16	128	9.76	57	22	40	91	25.16	148	80	149	62	104.8	19	88	34.31	2	76	122	94	99.56	5	62	142	136																																																																																																																																																																																														
14	99.41	61	52	111	89	61.24	46	45	7	32	8.2	67	22	117.74	26	130	82	145	5.48	142	79	41	56	97.61	125	108	55.04	33	30	78	146	20.48	83	107	39	78	143.3	138	48	30.92	121	84	20	114	45.65	80	111	75	122																																																																																																																																																																																														
55	14.95	140	128	52	147	59	110	50	148	3	104.83	132	150	105.83	103	141	132	17	1.44	22	143	134	51	56.4	33	104	49.5	10	94	57	12	32.35	66	120	35	84	54.82	122	100	145.4	24	136	79	120	104.52	118	104	107	61																																																																																																																																																																																														
69	49.11	141	141	86	47	5.15	120	63	63	120	136.53	30	115	1.62	114	63	59	88	46.01	8	85	49	83	86.68	16	87	146.79	72	82	102	20	110.92	48	149	56	14	24.56	24	120	12.83	88	54	114	96	86.37	46	46	143	37																																																																																																																																																																																														
91	17.29	136	118	62	71	109.64	71	38	35	150	120.53	45	21	35.74	78	17	135	125	138.6	78	110	149	39	26.52	129	10	117.2	30	90	122	98	94.54	38	35	85	135	86.78	124	54	25.8	131	106	123	87	52.19	58	121	30	85																																																																																																																																																																																														
83	98.07	46	85	37	107	88.9	54	68	50	92	104.41	5	2	97.36	43	107	26	46	107.32	108	44	64	50	44.2	124	52	123.63	123	35	55	121	92.6	105	127	72	103	58.25	25	29	99.87	132	24	1	128	73.93	70	115	8	63																																																																																																																																																																																														
15	28.06	101	79	39	123	28.49	35	50	50	33	110.55	4	85	93.25	62	47	60	31	91.68	38	1	126	32	70.64	100	133	119.78	66	102	109	130	126.38	110	112	52	36	108.2	96	104	38.97	69	73	44	25	139.02	111	16	143	127																																																																																																																																																																																														
92	10.71	145	94	69	74	78.47	117	89	130	128	84.4	62	78	64.12	74	119	130	60	147.43	149	46	145	4	107.63	87	46	57.55	148	46	4	134	40.21	29	6	88	4	37.57	66	138	30.14	67	71	64	94	58.65	145	114	41	113																																																																																																																																																																																														
110	147.31	64	48	133	136	12.16	117	26	101	63	20.81	59	106	147.94	48	124	105	26	53.79	94	105	9	93	6.19	21	66	54.84	17	36	112	24	111.21	125	7	50	65	113.42	14	51	41.87	55	23	95	8	113.08	90	148	9	32																																																																																																																																																																																														
132	28.58	119	41	98	108	102.43	19	117	71	97	90.63	23	68	16.07	111	60	21	80	36.98	16	76	99	96	27.63	84	72	137.15	145	127	37	75	79.44	31	133	11	69	46.81	121	28	85.3	46	99	25	89	72.75	37	66	19	49																																																																																																																																																																																														
117	86.3	39	21	29	61	68.47	118	78	75	100	86.09	60	113	112.02	26	97	64	41	21.8	133	122	71	59	133.98	93	145	14.33	68	79	93	130	127.29	143	110	131	133	107.33	100	40	125.04	60	55	29	23	45.26	38	3	89	106																																																																																																																																																																																														
118	33.67	114	88	22	97	137.08	72	146	149	122	118.46	81	117	113.76	58	128	6	34	134.54	33	4	100	87	19.49	11	97	5.3	50	140	146	125	63.03	45	113	135	43	114.68	27	139	76.94	150	86	44	106	7.59	145	8	111	63																																																																																																																																																																																														
59	21.89	110	140	60	73	2.99	132	129	65	18	65.22	54	149	85.44	95	104	133	95	33.97	111	93	104	45	89.4	1	5	9.35	17	103	54	88	20.87	28	6	42	126	5.05	101	73	72.86	129	126	122	99	58.04	128	75	109	72																																																																																																																																																																																														
65	120.35	8	27	82	143	8.22	126	21	97	31	48.53	122	61	52.16	29	5	114	94	44.18	22	145	48	122	143.09	135	38	138.12	145	32	105	22	40.51	70	74	5	76	102.77	136	92	149.19	7	73	28	32	42.33	55	21	44	76																																																																																																																																																																																														
80	61.78	118	128	30	109	144.21	77	88	65	46	57.33	66	57	18.17	93	32	118	40	72.81	132	55	118	16	122.97	35	119	137.7	91	91	16	20	16.39	86	5	61	95	15.57	147	123	91.54	8	90	27	94	86.57	60	46	75	58																																																																																																																																																																																														
73	15.59	51	30	51	33	69.46	27	98	19	72	134.75	48	143	8.06	24	139	110	105	132.79	109	133	142	22	50.22	68	149	2.5	28	13	55	127	86.1	15	96	8	73	134.58	122	20	52.91	113	30	148	119	25.99	116	50	21	65																																																																																																																																																																																														
54	84.78	9	87	85	147	56.32	116	24	27	101	21.05	7	129	83.31	150	113	147	64	59.39	18	120	89	4	130.66	145	127	106.12	52	61	57	42	12.63	27	22	94	114	132.36	30	78	142.45	116	143	40	107	93.79	41	84	3	56																																																																																																																																																																																														
97	41.37	33	92	137	27	40.5	150	130	86	94	125.87	14	94	33.1	39	127	114	134	131.01	46	89	61	10	148.91	96	70	102.71	129	23	1	63	137.24	90	60	20	142	136.19	130	122	48.93	129	74	47	60	117.22	89	19	130	119																																																																																																																																																																																														
106	6.93	32	26	139	72	17.27	133	66	127	37	91.55	8	112	25.66	112	72	115	105	116.3	59	4	40	27	126.7	29	28	105.29	54	39	144	44	107.63	79	36	45	104	115.85	61	97	42.18	100	56	99	33	46.24	91	140	83	135																																																																																																																																																																																														
86	66.61	133	2	7	35	80.1	108	59	49	4	10.76	62	118	137.49	7	135	122	55	90.01	93	34	56	124	44.86	95	53	145.93	145	133	120	26	115.67	66	59	10	70	137.62	53	47	74.78	96	72	144	130	124.49	147	1	2	91																																																																																																																																																																																														
100	22.28	114	63	135	94	57.98	131	149	104	77	46.06	132	23	44.01	58	95	120	137	106.76	46	127	124	113	54.21	121	141	114.33	134	1	92	50	93.74	70	23	57	138	148.16	11	11	92.49	36	20	133	24	38.45	12	113	134	41																																																																																																																																																																																														
25	64.94	64	113	63	32	16.01	5	150	50	79	148.78	69	105	28.16	95	17	44	73	85.9	130	86	52	92	131.79	21	90	2.84	15	145	25	103	4.18	38	11	29	77	4.61	20	103	119.32	96	148	97	98	145.29	81	78	101	19																																																																																																																																																																																														
39	133.85	147	115	68	88	70.85	94	57	1	105	93.48	120	11	6.57	55	125	82	59	90.31	112	142	5	148	1.45	56	91	124.11	91	113	109	130	25.39	147	147	86	72	32.7	27	104	4.03	78	45	96	110	86.33	49	80	120	71																																																																																																																																																																																														
93	115.19	56	125	115	132	130.43	81	148	86	78	125.58	59	148	122.66	138	134	85	127	134.24	96	146	56	66	29.32	107	108	73.93	109	5	62	60	111.96	8	36	111	122	32.55	63	35	12.28	91	63	47	54	64.68	1	128	108	68																																																																																																																																																																																														
54	74.06	39	22	1	5	149.23	111	107	92	106	134.19	4	54	32.38	77	39	77	86	85.64	7	40	98	146	76.25	7	78	58.71	40	23	45	120	21.57	148	108	49	92	140.6	143	78	105.22	126	66	59	123	63.44	114	102	4	93																																																																																																																																																																																														
19	12.51	48	91	40	136	117.02	145	148	143	27	80.96	13	83	64.47	109	88	120	101	118.14	54	125	19	77	3.17	65	39	1.72	127	44	24	16	63.58	49	144	96	105	40	48	88	14.35	54	63	119	59	112.98	80	12	112	12																																																																																																																																																																																														
51	19.79	71	109	53	13	118.94	24	99	78	93	111.01	52	24	44.5	100	116	91	112	72.46	45	78	145	106	101.18	52	83	71.19	2	71	144	90	81.85	120	64	78	88	72.11	105	148	86.54	105	33	73	57	130.96	88	26	98	46																																																																																																																																																																																														
131	39.2	130	16	35	11	51.21	84	29	52	136	85.82	105	116	109.34	113	43	31	101	93.09	65	135	58	112	10.39	146	116	123.1	143	51	34	45	29.93	114	89	37	144	61.71	147	148	25.39	40	93	39	24	70.36	20	67	134	112																																																																																																																																																																																														
120	138.87	28	14	4	35	76.52	109	95	128	139	41.69	86	2	64.28	116	148	103	5	65.81	125	115	112	28	90.67	117	23	28.11	73	9	34	39	109.63	146	52	27	136	8.34	52	60	121.27	24	132	94	70	105.56	120	36	132	18																																																																																																																																																																																														
143	41.54	40	120	78	95	60.86	102	94	7	109	142.21	106	59	54.75	70	42	91	84	64.32	120	133	47	63	106.19	55	80	94.35	31	37	125	103	34.51	132	131	33	25	53.21	146	19	37.26	7	85	146	141	127.03	16	102	62	80																																																																																																																																																																																														
150	134.69	29	52	130	118	64.83	72	73	48	59	145.87	9	69	20.43	55	115	41	64	136.08	36	30	5	60	116.47	127	120	4.72	88	11	10	17	86.5	116	60	27	74	71.96	5	24	63.79	47	134	33	83	22.73	32	101	65	31																																																																																																																																																																																														
16	56.84	7	63	142	48	106	145	62	80	131	117.36	67	21	61.85	13	90	135	136	115.28	19	53	102	9	41.2	97	94	99.32	79	34	86	108	60.7	146	7	130	48	50.53	78	96	6.43	15	49	109	52	149.61	50	100	24	139																																																																																																																																																																																														
45	107.76	80	138	44	33	87.92	51	49	38	13	16.37	123	88	146.01	108	104	150	20	77.11	113	48	53	102	50.84	19	24	93.51	30	34	131	26	56.37	142	35	57	130	65.2	133	46	140.68	62	12	134	146	90.54	69	73	112	40																																																																																																																																																																																														
131	43.02	109	149	19	21	97.01	88	41	17	103	16.38	27	112	59.39	78	144	128	54	104.57	116	90	142	18	76.33	61	147	139.18	37	35	135	73	82.69	69	83	137	107	1.93	4	39	15.06	108	49	78	10	90.2	96	120	67	63																																																																																																																																																																																														
100	133.94	104	20	90	77	70.42	55	109	124	4	24.89	10	31	131.07	138	126	35	61	99.87	117	21	85	55	15.7	141	58	17.97	35	79	14	58	144.9	114	57	42	91	71.15	114	109	116.32	143	137	2	123	55.69	129	56	75	17																																																																																																																																																																																														
19	2.37	148	6	16	77	111.54	90	69	71	14	138.22	29	24	114.46	143	18	108	145	104.26	72	41	124	127	117.88	76	129	2.49	88	99	62	30	14.89	5	59	66	1	73.7	16	133	61.4	58	47	47	36	95.37	32	52	130	18																																																																																																																																																																																														
67	106.69	140	87	23	16	53.28	19	56	122	143	137.37	66	107	124.98	149	106	107	7	25.47	4	63	126	71	38.56	140	35	110.29	85	140	122	26	13.46	24	102	17	138	50.48	61	9	43.94	130	93	42	100	103.5	28	49	94	75																																																																																																																																																																																														
34	145.19	26	62	46	24	45.11	50	44	59	25	42.73	29	49	94.79	145	49	23	42	123.26	12	126	13	28	110.48	8	96	59.88	89	139	129	12	3.96	120	98	116	135	130.3	22	71	20.78	102	24	13	41	86.49	106	14	1	87																																																																																																																																																																																														
17	43.7	27	32	141	110	33.84	74	122	5	51	133.93	53	121	127.16	12	77	134	113	147.66	141	96	111	85	112.66	13	43	101.27	24	139	94	28	119.77	34	33	86	29	141.13	78	23	76.23	128	124	101	55	29.33	62	89	64	133																																																																																																																																																																																														
60	3.8	59	68	59	68	35.4	7	70	47	55	73.67	14	86	38.48	1	117	102	106	117.26	45	127	75	66	39.98	10	57	44.78	101	149	127	138	14.66	42	145	141	51	136.8	18	132	67.34	81	53	6	109	64.36	36	95	78	14																																																																																																																																																																																														
35	104.4	15	61	73	117	105.16	84	95	118	118	10.78	80	135	130.28	94	75	76	53	118.2	126	75	8	98	97.81	115	135	23.41	128	72	123	68	22.94	116	78	141	90	129.08	64	139	22.7	1	72	71	36	61.48	114	111	31	70																																																																																																																																																																																														
20	65.16	25	26	111	88	59.36	137	76	122	99	6.91	71	54	32.71	106	130	14	123	133.34	45	137	48	49	123.15	6	139	146.8	56	109	101	41	129.58	99	24	8	49	103.29	83	25	91.6	56	15	129	109	86.4	4	23	15	141																																																																																																																																																																																														
39	12.15	10	20	101	85	20.4	32	72	64	52	143.83	101	62	148.16	108	98	56	48	111.95	59	122	74	14	113.57	69	123	61.81	57	61	110	30	30.07	8	36	44	53	30.03	86	149	120.61	30	91	24	96	140.26	32	48	1	143																																																																																																																																																																																														
55	36.68	98	95	125	104	133.2	147	2	46	64	144.42	35	10	50.23	21	132	123	79	19.76	114	22	96	6	104.63	15	76	62.02	85	19	47	150	131.14	15	122	118	61	106.31	13	41	124.92	11	27	146	135	137.75	128	14	116	53																																																																																																																																																																																														
11	129.57	15	135	26	11	39.35	12	76	65	32	96.87	141	108	87.58	28	113	12	111	61.24	134	111	66	41	50.52	67	137	15.9	147	115	16	123	59.51	130	24	1	124	25.67	57	24	105.24	38	59	137	54	143.78	132	51	96	91																																																																																																																																																																																														
20	137.75	114	58	28	28	59.6	133	51	46	131	66.73	88	140	15.56	33	7	58	7	22.62	40	82	54	137	61.17	48	97	125.32	77	56	121	30	39.91	31	108	111	57	37.15	24	113	60.7	75	107	3	142	32.57	148	128	40	99																																																																																																																																																																																														
144	147.5	20	36	94	53	54.97	25	36	102	91	114.25	99	87	89.17	36	98	14	118	128.28	106	73	94	67	46.04	110	9	119.57	98	4	16	62	131.45	11	148	68	99	110.59	77	14	76.1	50	38	112	28	59.27	58	27	71	147																																																																																																																																																																																														
53	7.66	110	148	113	15	44.43	89	4	133	112	149.18	92	56	89.44	123	35	57	122	28.54	48	27	108	125	147.24	56	16	45.8	52	99	10	140	45.65	84	134	14	36	67.26	118	45	82.11	20	147	19	36	55.98	145	27	125	110																																																																																																																																																																																														
18	35.08	54	14	28	110	12.79	121	62	70	80	25.34	112	22	40.15	90	42	14	117	125.19	13	113	87	91	3.72	11	59	55.32	42	138	36	146	100.19	83	40	106	138	9.05	67	11	100.31	43	25	120	92	83.27	40	139	85	43																																																																																																																																																																																														
64	49.86	62	135	94	142	67.02	22	72	135	54	149.84	101	11	108.18	12	139	107	142	142.13	40	70	72	90	97.17	72	31	62.32	19	138	21	46	104.63	35	113	4	16	41.27	54	112	124.52	95	82	133	146	87.34	6	139	40	103																																																																																																																																																																																														
72	130.89	43	29	120	8	30.2	120	129	58	8	54.79	48	78	118.92	117	137	72	61	105.29	59	37	41	79	136.03	62	57	14.5	108	17	81	22	28.1	2	60	25	13	6.13	82	90	118.18	90	42	136	89	121.58	30	130	120	126																																																																																																																																																																																														
108	19.99	67	68	64	39	13.8	142	146	12	114	126.44	130	14	36.53	10	41	144	105	135.49	24	133	96	145	58.05	122	115	30.73	80	109	49	37	3.32	78	102	136	84	82.68	75	110	114.6	72	120	8	7	58.32	94	19	6	127																																																																																																																																																																																														
53	133.16	70	70	70	92	24.08	17	55	19	65	1.46	57	12	14.93	61	142	35	2	67.03	141	78	109	71	137.51	28	108	111.14	74	140	135	37	1.03	76	119	55	57	52.01	135	73	38.32	126	125	1	108	31.72	27	64	127	124																																																																																																																																																																																														
146	2.61	120	2	52	140	19.09	73	38	150	136	13.68	10	134	106.9	90	55	125	11	149.58	26	114	140	101	69.48	109	54	72.07	115	11	76	88	121.83	29	122	108	92	23.03	25	68	122.52	23	97	63	21	1.46	59	62	109	71																																																																																																																																																																																														
87	116.87	7	81	1	97	118.42	96	102	40	6	72.86	67	128	5.59	138	17	71	79	81.04	25	51	91	76	131.1	1	107	45.56	80	85	39	34	53.08	42	22	55	21	30.75	67	125	89.85	143	125	142	9	29.16	97	9	26	20																																																																																																																																																																																														
148	112.42	134	59	11	64	25.24	89	73	129	1	114.91	82	115	103.05	46	116	60	72	38.37	49	78	77	16	25.27	144	8	32.2	134	131	120	94	25.01	101	54	68	147	107.89	71	148	65.99	94	90	114	121	80.25	83	36	128	40																																																																																																																																																																																														
33	86.11	139	82	49	97	86.3	138	8	150	118	143.98	38	74	73.44	55	139	123	148	119.13	102	43	83	112	94.6	132	119	144.63	85	112	79	69	90.07	88	120	23	72	132	134	86	73.09	127	89	61	147	96.3	61	111	86	60																																																																																																																																																																																														
146	70.83	38	4	46	23	125.58	111	103	37	48	43.49	79	150	51.73	112	111	150	121	12.23	147	28	57	27	57.44	126	82	142.42	142	102	19	112	77.46	1	14	112	34	13.44	95	83	78.33	35	109	6	7	3.52	16	12	15	105																																																																																																																																																																																														
68	29.88	5	31	102	85	34.9	14	56	6	60	66.53	123	7	37.23	45	48	52	119	93.55	79	106	56	5	22.3	34	68	66.99	15	87	68	138	131.82	34	14	129	2	2.91	142	135	111.29	139	101	78	109	69.73	105	135	115	103																																																																																																																																																																																														
111	116.95	60	131	105	127	58.08	74	14	110	8	92.21	22	51	6.83	129	126	51	111	115.01	56	49	23	98	132.96	44	4	98.85	17	37	123	42	87.8	19	58	21	43	30.12	21	8	86.48	19	90	142	133	58.02	85	121	122	55																																																																																																																																																																																														
147	130.66	149	98	132	150	110.07	22	40	136	75	21.33	119	13	75.86	119	126	107	17	134.15	80	59	29	88	58.12	131	22	98.97	146	128	79	33	63.65	21	65	20	100	69.55	93	79	87.52	143	67	116	130	129.6	142	117	58	31																																																																																																																																																																																														
66	125.93	30	120	40	52	82.53	24	21	134	38	39.64	132	131	120.82	120	45	64	12	42.36	89	71	143	80	82.18	86	118	104.74	95	60	44	97	56.49	133	80	42	37	141.14	75	83	101.2	118	21	135	143	47.83	146	135	17	59																																																																																																																																																																																														
67	31.99	98	12	149	85	70.09	119	133	95	72	26.98	7	3	75.67	15	118	38	63	135.03	10	133	31	9	22.55	101	37	114.84	111	143	26	2	112.97	138	142	45	115	1.49	94	30	88.04	43	69	68	105	29.36	14	118	68	81																																																																																																																																																																																														
29	133.08	48	80	39	144	109.76	141	64	66	99	30.07	83	100	5.72	80	17	39	35	120.22	120	89	23	87	47.56	49	64	140.82	43	110	34	48	140.19	64	71	16	132	120.17	132	112	3.88	130	112	63	135	128.88	51	49	100	25																																																																																																																																																																																														
90	74.35	117	57	16	111	31.91	140	127	4	95	141.36	66	53	146.36	62	134	110	38	40.94	2	132	101	135	54.99	11	56	86.3	66	136	125	84	28.66	130	125	65	15	106.55	37	132	89.81	130	39	82	105	119.95	145	74	113	107																																																																																																																																																																																														
20	110.15	15	79	33	65	4.62	112	137	12	94	126.13	118	1	75.32	76	130	73	134	9.01	76	144	38	7	63.29	112	14	7.8	67	18	81	111	75.07	140	19	119	26	73.79	79	84	146.81	122	142	109	116	57.28	89	53	41	100																																																																																																																																																																																														
41	127.89	134	22	83	139	34.74	59	12	128	146	4.02	10	6	69.21	118	120	52	120	110.31	71	142	141	50	80.87	139	15	82.43	19	40	25	77	105.27	37	87	30	68	1.86	80	124	64.32	56	85	141	83	145.61	113	32	111	25																																																																																																																																																																																														
78	27.76	22	42	65	136	66.78	14	13	106	3	89.46	67	72	36.72	24	3	28	40	117.58	25	120	53	48	139.92	34	138	111.32	145	116	111	15	98.05	32	44	94	93	67.43	78	87	99.13	50	56	52	108	55.53	3	96	16	104																																																																																																																																																																																														
91	70.33	10	137	15	143	59.41	50	121	50	92	122.69	97	11	65.01	20	120	33	133	70.44	79	123	140	44	139.65	21	4	30.46	54	131	5	11	66.15	50	45	81	111	78.27	89	93	17.87	137	75	70	78	58.65	82	9	30	114																																																																																																																																																																																														
67	68.54	109	146	127	95	100.85	51	75	52	66	91.58	20	128	134.71	81	66	138	38	89.16	114	26	148	21	16.67	85	104	47.43	125	85	116	20	9.91	6	97	49	91	141.05	95	63	5.25	47	86	140	102	109.44	109	37	78	115																																																																																																																																																																																														
38	139.87	11	114	32	113	136.86	122	108	107	80	120.66	48	23	96.45	107	38	60	61	78.9	60	75	53	105	119.88	45	31	56.05	106	56	119	124	68.51	126	15	49	93	145.89	132	91	128.05	80	54	60	85	84.57	73	29	62	60																																																																																																																																																																																														
132	140.49	138	129	77	38	29.63	141	19	113	95	72.94	119	124	16.62	93	73	141	65	82.13	62	1	116	1	43.88	88	115	85.2	105	103	12	94	69.13	126	149	67	31	47.1	63	54	128.52	12	101	86	13	104.21	54	24	58	102																																																																																																																																																																																														
44	107.4	142	89	58	139	134.86	59	143	69	82	108.14	39	52	56.64	127	145	75	41	126.95	130	128	103	46	125.71	118	36	132.12	96	131	60	138	73.13	73	58	76	2	84.63	103	114	142.78	26	31	91	35	71.25	103	13	26	15																																																																																																																																																																																														
129	108.05	91	1	125	123	99.87	86	86	14	139	49.32	115	58	39.98	36	143	24	97	64.15	146	69	125	12	6.94	133	118	95.12	123	125	122	47	44.8	112	56	114	28	41.94	105	19	81.96	91	32	25	144	87.01	117	83	63	38																																																																																																																																																																																														
8	65.39	56	19	14	23	56.68	7	60	113	33	116.31	41	3	66.88	36	108	41	88	29.13	124	72	36	91	149.88	97	74	15.03	5	68	90	60	2.22	53	65	48	104	80.04	36	106	40.15	4	86	36	136	140.2	144	64	41	106																																																																																																																																																																																														
87	146.36	16	59	13	90	140.7	140	146	102	123	136.6	23	78	28.96	1	102	86	50	99.71	60	45	130	61	125.19	26	75	61.54	56	149	148	135	148.3	26	133	94	67	66.89	69	52	46.16	106	76	15	35	19.79	118	82	124	50																																																																																																																																																																																														
115	26.69	133	35	26	44	125	140	119	37	94	138.64	3	116	112.82	51	106	69	75	128.53	88	14	23	15	107.47	25	91	145.56	105	121	9	119	85.37	72	32	139	36	129.84	102	127	29.49	43	11	126	79	72.82	4	142	63	32																																																																																																																																																																																														
56	124.52	63	33	102	95	111.59	128	9	120	127	71.73	12	35	119.62	2	116	47	91	140.42	54	134	117	20	137.19	120	146	20.63	15	147	119	58	141.21	120	71	37	82	7.4	127	100	19.47	64	4	120	81	122.73	65	133	125	70																																																																																																																																																																																														
39	73.86	25	7	127	79	84.57	119	56	20	132	59.99	145	2	141.69	146	145	143	29	99.74	85	143	21	116	120.58	117	141	20.8	123	49	37	66	13.25	124	98	135	47	38.73	54	135	123.26	49	11	68	73	63.68	70	51	130	43																																																																																																																																																																																														
14	51.17	45	45	29	4	131.89	107	27	70	47	43.78	9	13	136.8	59	1	72	69	41.46	36	25	61	33	82.01	54	34	78.25	8	137	66	90	137.15	144	16	25	92	132.24	85	14	4.24	136	108	124	59	134.77	76	93	30	31																																																																																																																																																																																														
123	133.62	127	133	67	143	111	110	140	33	100	45.52	97	27	42.52	76	32	102	114	65.09	52	3	42	111	19.77	30	105	3.34	9	50	20	13	41.22	133	132	112	29	61.6	19	73	42.71	148	32	52	105	63.8	124	1	60	50																																																																																																																																																																																														
49	42.1	24	11	16	104	146.14	2	21	110	88	88.83	54	93	49.96	73	6	117	78	81.23	9	124	49	45	130.71	44	121	113.47	8	119	125	69	64.47	62	16	103	136	92.67	83	95	41.48	80	47	46	42	130.13	125	116	117	129																																																																																																																																																																																														
8	93.25	52	54	10	102	44.7	38	32	86	6	148.91	138	48	141.79	6	15	41	49	118.71	95	74	88	136	86.81	61	43	144.33	127	53	23	126	93.45	36	95	1	87	6.82	86	125	4.22	6	103	25	33	86.07	146	5	140	7																																																																																																																																																																																														
25	45.07	27	74	44	150	111.56	73	71	16	11	148.99	14	80	129.97	48	71	95	131	59.69	99	5	70	63	21.6	120	93	110.81	89	122	135	2	65.21	43	107	109	132	10.1	138	2	56.18	13	112	108	18	78.87	26	30	21	95																																																																																																																																																																																														
1	50.3	85	49	42	52	70.78	100	119	41	77	139.33	88	40	149	38	57	140	78	17.63	133	30	32	130	107.97	27	96	32.96	138	146	58	86	14.84	4	62	54	109	102.7	60	98	102.8	67	57	78	72	77.36	90	118	31	15																																																																																																																																																																																														
3	103.06	55	12	65	64	113.91	123	61	73	44	64.31	138	76	97.48	95	19	15	67	16.21	18	97	8	117	83.07	149	63	6.12	121	31	104	61	97.07	150	130	71	146	100.54	105	31	23.11	149	105	23	99	74.05	90	18	60	1																																																																																																																																																																																														
68	16.63	69	10	9	134	10.58	32	129	98	11	32.29	22	77	18.41	128	18	15	37	135.48	18	36	108	82	23.62	130	107	117.33	52	82	92	5	33.36	63	2	111	135	118.63	106	21	120.13	109	9	97	126	44.49	80	27	31	47																																																																																																																																																																																														
2	73.75	140	34	112	50	42.95	73	124	2	91	125.89	18	31	72.53	96	43	96	19	29.71	76	39	72	70	43.67	52	99	129.39	26	53	52	83	82.86	19	122	83	142	23.12	50	95	114.87	63	80	135	9	130.9	142	112	82	92																																																																																																																																																																																														
110	50.44	117	42	133	8	125.74	136	104	22	97	24.15	75	89	50.72	49	115	86	104	123.13	1	81	129	130	133.47	127	61	69.15	45	66	38	57	137.3	68	19	71	107	86.55	5	124	133.28	39	74	52	83	138.74	60	68	118	135																																																																																																																																																																																														
93	119.23	107	119	83	64	104.68	101	24	110	20	86.1	68	124	12.82	8	60	133	142	14.91	25	146	150	81	8.78	150	135	41.06	94	82	24	45	43.27	91	50	126	30	84.56	11	74	144.79	119	27	5	83	97.21	146	72	7	51																																																																																																																																																																																														
14	116.27	14	77	113	21	99.06	60	145	99	38	137.6	58	113	97.26	147	107	149	132	146.25	13	117	69	90	34.35	105	86	113.93	74	64	84	42	44.81	72	127	149	83	72.41	26	51	54.47	28	70	66	14	62.06	23	135	113	9																																																																																																																																																																																														
55	81.52	56	43	82	142	2.61	103	131	19	111	105.24	39	43	113.22	5	131	122	43	89.41	33	123	113	8	139.07	1	8	133.26	77	36	65	11	85.71	39	109	17	150	55.53	14	38	51.37	90	56	92	19	91.72	69	43	109	63																																																																																																																																																																																														
109	122.17	3	27	51	146	29.41	66	20	126	123	30.65	22	1	34.37	58	94	80	64	2.3	111	114	84	111	78.06	107	62	4.47	99	74	139	19	7.28	106	98	60	147	22.34	33	55	85.14	25	102	4	91	38.42	22	50	132	27																																																																																																																																																																																														
26	10.72	50	133	18	124	1.55	116	126	100	2	58.08	91	124	38.54	19	48	65	46	27.78	52	134	77	74	118.32	81	60	89.75	34	16	4	55	85.85	46	150	30	130	95.17	145	84	90.44	122	81	5	50	27.25	109	28	112	56																																																																																																																																																																																														
75	102.57	56	10	38	14	106.9	62	96	14	121	140.28	143	124	47.38	92	42	95	72	91.4	14	88	81	10	80.13	75	128	40.56	136	62	93	91	37.11	72	138	83	104	26.74	142	129	38.72	6	70	38	43	77.67	57	83	22	58																																																																																																																																																																																														
14	23.56	126	31	2	87	18.57	53	45	34	72	145.34	103	141	24.01	128	68	132	89	117.15	123	141	26	33	97.5	31	99	118.36	22	25	134	3	90.57	142	30	143	60	27.44	14	24	147.21	103	140	1	71	144.33	19	51	139	61																																																																																																																																																																																														
43	138.96	86	62	13	18	105.2	18	149	47	32	24.16	55	150	127.88	22	128	29	145	114.36	62	28	7	48	11.1	51	29	118.96	62	46	26	125	134.61	14	136	150	18	81.21	130	95	105.99	116	52	10	60	41.83	78	35	107	66																																																																																																																																																																																														
7	115.15	10	35	79	148	121.64	67	135	80	26	128.06	136	47	130.37	12	7	75	38	82.85	33	98	53	20	107.34	130	85	149.33	66	20	19	142	39.65	72	18	46	87	37.94	92	133	17.92	14	74	6	47	23.48	25	31	19	131																																																																																																																																																																																														
146	135	57	25	140	15	35.2	57	15	39	137	44.69	28	77	105.21	105	43	54	80	141.06	112	57	24	29	95.2	72	56	29.22	58	22	106	22	66.88	101	98	103	82	88	68	67	112.81	52	110	142	3	112.48	98	107	3	150																																																																																																																																																																																														
87	62.32	58	23	6	146	130.66	6	127	130	19	138.65	72	17	103.59	41	135	5	125	118.05	123	138	68	47	109.57	31	136	46.07	24	125	74	1	129.93	123	19	49	127	128.66	68	98	129.97	129	35	65	38	97.6	40	128	94	48																																																																																																																																																																																														
19	148.09	2	121	140	33	35.81	137	79	48	67	62.74	79	110	101.47	58	26	73	107	73.91	64	115	11	70	3.2	124	108	73.05	44	91	84	57	68.28	147	116	9	15	148.23	26	112	127.66	12	128	76	141	94.12	120	48	58	8																																																																																																																																																																																														
43	92.93	15	22	78	114	142.56	101	23	72	82	107.75	98	51	73.1	138	135	119	148	77.68	63	36	138	107	71.67	108	2	75.96	140	28	137	138	59.19	34	66	50	53	40.34	77	149	131.86	87	125	149	23	35.91	98	11	140	43																																																																																																																																																																																														
17	138.85	128	90	145	81	107.33	3	67	120	90	93.87	136	141	146.91	58	31	78	41	91.67	96	134	54	111	38.39	134	86	10.67	15	111	76	123	123.03	87	45	138	117	86.37	69	5	143.82	3	80	67	63	89.35	113	143	102	13																																																																																																																																																																																														
87	149.01	129	91	49	96	138.66	13	31	78	67	29.13	58	141	74.97	95	63	122	132	97.44	144	131	57	70	67.21	140	13	7.57	142	9	102	139	112.81	27	98	56	30	13.77	13	143	64.98	137	126	114	23	106.47	21	107	34	67																																																																																																																																																																																														
93	148.32	115	127	43	23	37.12	119	132	59	137	1.02	103	64	105.96	129	47	64	102	96.05	11	30	38	103	43.63	25	96	17.86	47	22	15	32	145.45	66	23	92	110	48.79	142	134	17.31	76	7	33	108	70.84	44	58	53	10																																																																																																																																																																																														
50	54.86	126	128	126	2	59.19	10	3	12	45	98.95	101	116	113.62	105	130	98	8	70.38	71	13	98	123	92.16	76	40	130.15	21	13	89	118	32.94	83	121	67	58	81.85	31	51	75.29	89	132	87	39	15.12	13	17	6	27																																																																																																																																																																																														
42	12.34	131	64	36	50	106.19	26	128	109	50	69.46	144	115	21.63	135	78	128	72	24.12	110	78	87	62	60.01	100	114	40.03	91	136	24	107	66.28	96	149	56	77	96.71	88	118	86.18	138	73	17	81	23.37	9	71	47	11																																																																																																																																																																																														
30	68.9	57	136	32	48	68.35	3	119	5	85	82.22	123	113	72.83	147	96	89	3	97.17	15	29	134	103	72.45	82	14	48.87	82	113	56	131	40.24	41	53	46	55	94.14	98	115	128.12	2	36	128	40	144.03	139	10	134	62																																																																																																																																																																																														
8	82.41	6	25	28	133	28.99	149	4	116	79	114	108	57	101.54	132	143	122	144	24.19	118	32	125	114	83.02	140	62	120.91	16	103	146	132	140.63	50	106	11	131	56.76	116	98	45.73	54	42	33	121	109.92	44	129	89	36																																																																																																																																																																																														
6	79.89	109	76	134	62	9.17	6	41	5	112	118.44	37	12	53.08	129	71	8	9	67.11	43	106	62	122	37.8	103	101	49.81	61	46	42	132	60.08	106	98	126	8	55.81	85	139	86.62	7	56	137	78	34.56	140	76	113	123																																																																																																																																																																																														
17	65.62	125	66	5	59	98.31	121	53	142	139	149.77	25	27	56.64	132	55	64	48	51.3	144	13	60	118	84.66	85	82	15.1	57	35	127	52	54.23	17	20	41	124	80.8	108	141	11.59	15	77	55	101	46.65	46	88	147	115																																																																																																																																																																																														
88	82.3	146	85	143	62	70.99	22	114	110	67	43.53	84	86	89.11	80	72	73	141	139.56	60	97	23	3	23.08	83	62	101.5	148	119	56	146	149.64	12	122	136	29	65.97	65	71	144.86	28	112	45	35	74.32	21	115	73	107																																																																																																																																																																																														
123	88.49	22	90	144	127	37.57	43	48	62	57	128.3	110	17	147.24	81	9	32	106	78.14	42	49	9	40	19.65	77	111	45.84	91	131	141	129	95.13	72	149	99	30	52.55	97	45	92.48	105	63	109	109	15.99	132	139	10	124																																																																																																																																																																																														
104	23.58	61	109	101	16	118.88	118	105	68	67	49.89	44	62	14.95	14	63	68	114	134.07	65	130	7	75	23.33	30	136	41.59	50	23	139	5	9.12	73	114	24	103	62.81	2	84	103.8	67	32	5	2	84.89	82	58	136	110																																																																																																																																																																																														
25	89.04	13	133	36	59	50.11	117	51	117	106	140.44	50	138	32.32	52	61	15	79	140.26	45	50	111	24	64.96	136	145	143.42	125	106	66	29	120.7	124	78	26	71	134.93	123	110	89.08	23	103	122	49	86	149	61	48	27																																																																																																																																																																																														
64	131.47	150	118	136	91	92.53	96	66	10	34	4.69	33	12	5.64	81	2	88	134	67.18	137	84	65	135	140.65	98	129	41	29	109	76	30	103.78	83	105	65	24	34.82	140	64	45.46	98	150	40	142	33.84	147	105	116	51																																																																																																																																																																																														
149	110.29	98	107	95	75	140.97	94	106	104	128	109.91	63	147	69.47	147	9	108	124	22.68	127	69	88	143	21.26	146	29	11.62	124	146	44	105	71.01	118	14	25	65	107.04	143	19	41.57	114	121	42	71	138.27	98	50	149	81																																																																																																																																																																																														
46	1.05	137	37	77	24	32.41	14	103	73	117	17.69	4	69	112.61	125	46	67	130	63.22	34	135	95	30	76.2	2	134	70.37	4	56	64	112	51.1	5	24	7	55	107.42	102	27	8.06	25	53	121	68	115.6	110	18	30	28																																																																																																																																																																																														
90	9.66	103	128	126	13	69.82	75	41	2	10	64.36	115	114	84.49	15	101	124	58	40.97	38	3	46	10	136.53	50	57	66.23	107	28	85	87	96.5	49	126	23	131	144.17	133	56	87.8	126	76	14	115	125.58	49	81	6	61																																																																																																																																																																																														
70	79.32	30	95	34	16	54.83	96	1	34	99	6.06	14	16	57.96	148	18	82	23	135.45	36	128	137	69	139.56	111	93	141.06	21	82	63	142	20.14	114	79	9	27	91.45	67	147	99.19	76	28	75	116	41.43	68	104	84	29																																																																																																																																																																																														
115	20.07	39	28	149	32	5.53	148	119	6	11	13.98	149	66	118.53	103	145	49	2	83.94	113	103	146	130	126.24	136	143	125.23	89	77	135	9	141.91	10	16	92	53	135.47	119	28	50.34	58	89	44	125	83.87	75	149	117	58																																																																																																																																																																																														
51	148.17	62	139	15	26	146.21	85	130	66	37	47.07	66	67	88.94	86	136	24	139	106.47	146	46	98	149	29.84	36	65	104.85	76	66	137	61	91.05	117	93	108	43	118.53	31	24	135.66	32	73	72	80	29.14	127	143	8	85																																																																																																																																																																																														
78	123.22	66	113	94	8	62.93	138	104	142	29	132.88	146	134	41.77	72	86	29	23	59.33	139	62	36	90	44.26	10	21	67.94	65	133	113	93	3.23	67	77	113	55	142.03	21	19	63.78	87	67	2	69	82.01	33	136	141	114																																																																																																																																																																																														
121	137.47	129	12	110	31	99.26	57	35	93	145	123.62	108	105	65.05	71	1	144	143	88.31	108	94	17	148	92.81	8	93	101.69	59	47	95	24	80.68	122	47	79	60	26.94	67	140	103.55	133	139	136	109	89	9	124	67	74																																																																																																																																																																																														
138	29.75	131	78	101	93	12.45	1	132	109	149	51.43	75	9	19.52	71	108	28	124	138.27	28	82	35	57	134.42	47	123	143.68	53	67	41	93	15.55	90	39	138	61	72.02	148	144	51.73	8	61	60	149	61.12	101	40	138	131																																																																																																																																																																																														
56	149.81	73	128	9	120	57.46	46	29	94	48	58.96	23	79	108.15	84	94	80	39	9.59	94	46	124	43	36.65	39	132	133.64	13	121	112	4	56.83	126	56	124	15	90.7	100	78	46.88	82	135	118	89	109.89	133	72	73	23																																																																																																																																																																																														
85	22.76	16	3	17	132	135.44	26	76	27	26	47.54	105	17	140.54	36	113	9	119	76.75	87	30	94	54	13.38	53	44	29.34	147	36	19	120	22.81	145	48	50	106	61.07	64	116	6.55	25	139	34	25	47.7	127	49	19	105																																																																																																																																																																																														
91	138.43	75	68	77	127	66.82	4	82	148	19	84.22	56	36	117.89	81	143	126	122	134.09	84	83	21	8	105.19	81	15	67.76	123	104	22	101	73.12	105	127	113	56	97.32	38	36	93.41	146	47	50	115	40.51	93	32	146	45																																																																																																																																																																																														
61	36.28	23	76	50	9	141.26	94	141	125	85	127.53	25	56	141.08	83	34	118	3	125.52	4	80	28	125	133.78	16	98	102.11	33	86	99	29	56.5	34	94	19	71	113.96	136	141	7.13	1	87	8	42	87.56	46	56	148	24																																																																																																																																																																																														
133	136.22	3	82	38	34	42.29	28	144	21	35	145.32	125	18	71.37	44	47	21	82	1.81	73	146	3	99	82.7	23	69	47.13	57	5	80	29	78.69	124	100	77	13	84.37	49	118	61.11	113	54	89	109	141.29	17	44	108	96																																																																																																																																																																																														
108	23.68	107	17	43	78	33.75	73	3	93	88	78.18	26	49	53.2	58	144	76	33	33.09	93	103	77	39	64.11	122	91	121.62	132	103	56	40	106.63	14	146	133	16	144.52	99	18	51.87	110	1	87	73	126.49	121	129	143	150																																																																																																																																																																																														
134	78.55	13	134	32	95	105.44	111	134	59	75	55.07	57	17	125.7	72	144	99	9	4.68	95	29	1	8	49.91	35	27	24.51	131	101	69	67	145.25	3	103	134	73	64.26	35	91	104.14	122	116	141	13	36.64	126	143	99	145																																																																																																																																																																																														
140	91.83	116	26	86	75	130.18	28	23	74	52	118.39	80	66	65.76	37	148	45	100	109.07	34	11	121	59	127.35	47	150	93.14	109	121	133	90	103.47	19	142	6	102	6.32	146	97	119.47	11	37	75	44	58.25	18	24	5	120																																																																																																																																																																																														
71	50.28	104	122	70	57	68.45	55	69	143	139	69.76	46	126	71.58	32	109	50	4	28.82	63	3	136	105	95.69	62	143	6.88	54	145	59	77	148.74	145	51	49	22	14.24	59	111	113	141	112	63	76	116.99	100	37	28	18																																																																																																																																																																																														
16	93.65	42	40	78	123	133.68	97	1	23	105	42.16	19	119	66.2	63	83	123	24	67.58	95	13	135	25	129.2	5	92	109.11	10	121	129	53	132.85	99	46	134	11	74.66	149	20	100.51	102	18	147	82	47.45	130	113	69	12																																																																																																																																																																																														
14	23.16	94	8	56	96	116.05	6	97	67	75	136.94	130	62	63.51	148	112	125	51	147.02	73	78	6	76	148.78	132	48	149.96	37	131	120	83	59.92	39	55	10	92	140.03	134	7	60.09	4	30	38	127	13.4	117	61	14	98																																																																																																																																																																																														
13	12.57	131	42	2	130	46.66	146	79	20	66	68.16	127	111	89.61	125	102	87	121	75.11	29	143	57	67	72.62	143	150	28.61	71	20	11	48	76.44	100	82	88	125	132.82	8	76	82.64	47	116	132	115	7.96	64	6	118	64																																																																																																																																																																																														
117	62.7	64	36	78	138	4.52	36	101	31	89	82.17	67	3	6.01	42	78	148	11	52.79	75	19	103	36	52.16	129	99	62.07	17	141	115	117	38.29	8	25	67	73	73.88	98	107	115.82	139	45	26	19	30.36	142	17	48	3																																																																																																																																																																																														
87	147.94	100	28	119	134	43.41	110	21	125	44	127.61	81	61	94.05	55	136	100	101	135.96	5	26	144	67	52.66	4	132	29.05	93	62	105	149	23.55	145	14	81	23	120.31	87	100	32.29	6	89	115	15	89.64	50	95	75	95																																																																																																																																																																																														
99	23.49	71	85	3	54	96.19	97	6	95	25	60.94	115	25	106.45	23	17	4	39	33.01	140	57	35	107	34.22	29	22	97.05	61	32	4	83	16.51	87	1	141	68	62	137	145	29.09	143	45	17	42	65.62	130	106	119	133																																																																																																																																																																																														
38	83.81	108	37	19	144	75.29	26	13	80	72	98.34	47	38	2.15	91	69	146	15	121.89	136	38	140	69	90.93	110	148	2.59	46	64	103	116	32.48	9	33	24	41	45.68	82	117	42.14	108	55	46	24	71.06	130	149	27	88																																																																																																																																																																																														
23	127.14	131	28	98	124	70.8	59	92	100	90	121	81	30	59.43	75	120	79	34	25.01	83	86	47	126	127.65	56	128	126.56	32	122	76	122	13.49	143	20	141	139	94.02	117	67	34.6	124	24	131	8	43.76	101	36	47	140																																																																																																																																																																																														
6	118.86	99	3	75	10	127.86	17	76	13	139	139.55	3	149	45.79	95	35	135	122	54.2	57	73	98	74	117.2	146	54	92.81	100	120	132	38	55.8	131	11	125	21	125.53	18	75	79.75	88	62	49	36	108.64	50	66	142	41																																																																																																																																																																																														
78	2.02	68	49	56	5	91.71	68	94	117	100	129.31	90	136	78.67	2	67	149	29	22.58	66	34	68	88	62.58	95	84	112.59	39	86	95	98	41.12	44	103	39	127	122.3	9	15	147.76	42	79	4	30	75.25	143	57	137	77																																																																																																																																																																																														
112	55.62	55	33	47	116	69.46	59	63	95	90	84.25	106	84	36.11	102	10	139	145	74.78	51	135	104	85	101.38	35	49	92.47	97	49	136	67	65.34	118	7	74	6	76.25	125	88	33.95	31	87	124	32	37.97	56	125	60	69																																																																																																																																																																																														
144	13.55	139	46	137	113	94.48	69	83	86	63	92.27	85	26	88.91	17	63	78	143	71.5	94	78	66	8	57.94	139	70	97.49	27	49	95	60	41.37	12	143	104	139	88.83	121	132	127.22	46	14	107	69	20.65	81	34	15	88																																																																																																																																																																																														
150	79.51	131	97	69	17	148.07	70	72	92	120	144.62	138	119	144.09	66	119	85	94	96.62	9	20	19	76	132.23	27	29	140.87	113	24	4	81	73.94	33	53	1	35	73.63	59	88	87.74	72	25	119	49	78.89	60	94	23	50																																																																																																																																																																																														
108	5.75	12	63	2	24	52.17	150	119	32	73	125.82	69	82	59.93	1	4	98	142	57.89	48	68	84	129	14.73	111	27	38.97	112	65	53	79	126.53	137	135	79	149	5	39	50	8.13	25	131	136	131	27.03	11	96	65	139																																																																																																																																																																																														
45	104.66	57	83	22	13	87.34	11	142	140	106	15.06	62	130	128.58	12	105	13	114	19.91	39	132	133	114	92.43	67	135	128.06	83	30	150	81	144.74	94	60	129	43	47.79	75	125	26	18	146	148	68	63.69	3	67	71	119																																																																																																																																																																																														
10	126.99	40	131	138	120	101.76	31	122	88	80	108.72	123	120	40.29	60	11	54	54	60.65	47	84	29	15	23.25	116	94	133.04	150	54	95	3	115.93	122	102	96	6	44.41	106	59	108.84	92	26	7	79	22.98	136	9	144	27																																																																																																																																																																																														
140	77.35	11	28	19	76	75.3	22	133	125	99	46.03	3	93	43.4	131	116	72	118	34.55	111	32	62	116	39.73	94	68	47.2	14	44	37	41	91.05	84	124	134	35	105.02	54	76	83.45	5	136	121	44	9.28	31	61	113	25																																																																																																																																																																																														
45	31.8	123	135	44	71	74.84	125	102	14	116	53.28	123	41	126.76	40	24	98	10	141.13	149	30	143	143	23.09	85	42	31.11	137	36	137	92	100.93	116	18	139	69	108.47	1	39	129.48	135	130	111	88	54.06	9	138	57	145																																																																																																																																																																																														
74	27.83	72	52	59	56	82.88	17	23	27	85	57.25	112	110	105.14	112	15	55	113	89.91	62	117	98	33	62.8	48	89	92.97	5	19	42	145	89.39	69	73	101	92	86.12	130	66	139.28	115	56	146	13	16.94	77	67	68	121																																																																																																																																																																																														
103	25.23	75	65	58	69	51.12	75	85	114	77	114.13	127	55	134.52	117	102	86	32	25.14	59	81	87	51	49.47	94	76	137.29	59	29	27	74	139.43	126	37	118	56	83.66	122	117	17.83	46	46	144	29	48.26	37	122	95	120																																																																																																																																																																																														
77	122.83	84	69	104	47	41.44	58	86	105	116	25.05	118	87	104.91	111	78	132	76	1.55	27	114	44	38	1.67	8	84	8.79	10	126	66	92	92.34	37	65	77	97	6.93	55	14	129.84	119	68	27	147	62.44	129	35	6	48																																																																																																																																																																																														
30	69.91	63	113	141	44	137.64	74	25	78	72	95.65	9	104	104.11	145	111	93	12	29.73	105	88	5	79	57.61	135	105	90.53	81	94	52	140	92.72	73	88	41	136	1.6	47	43	32.81	23	119	54	87	44.28	2	4	125	109																																																																																																																																																																																														
119	138.3	126	129	10	40	23.1	60	46	46	37	93.41	4	110	116.55	121	90	82	9	98.21	148	127	98	148	125.36	73	62	6.6	124	12	12	120	109.11	104	11	105	14	89.94	46	58	90.26	4	101	93	79	91.67	60	74	145	137																																																																																																																																																																																														
116	90.94	73	66	33	126	102.31	51	11	67	29	149.19	117	30	45.63	21	67	42	25	134.95	71	17	18	20	92.09	124	124	58.43	71	75	110	149	57	41	4	80	33	125.88	127	71	84.25	4	31	19	23	50.49	108	72	57	56																																																																																																																																																																																														
115	133.33	92	106	32	142	128.78	63	122	105	23	35.39	100	31	69.9	54	34	77	98	12.71	38	29	125	119	140.6	34	30	130.74	143	44	91	50	77.1	78	124	67	8	139.8	84	135	113.34	48	47	36	114	138.46	66	58	99	69																																																																																																																																																																																														
33	70.2	127	35	27	123	49.25	53	135	83	141	2.03	47	108	100.39	74	129	137	136	70.7	77	129	31	59	85.37	40	115	26.88	31	55	31	120	39.26	51	137	97	111	141.1	107	26	78.1	122	79	41	8	28.14	86	84	137	117																																																																																																																																																																																														
138	105.08	5	82	43	101	62.65	52	11	2	143	93.97	19	109	86.44	20	150	99	14	81.41	108	95	47	82	68.92	141	122	44.36	45	92	55	114	107.43	131	86	34	149	141.31	86	103	143.61	85	140	42	81	52.81	62	29	32	88																																																																																																																																																																																														
24	78.6	17	31	78	116	146.84	90	112	129	42	54.45	38	83	42.38	136	110	3	140	123.82	73	139	21	73	25.74	41	9	15.19	77	148	92	52	86.01	120	79	129	101	8.59	142	66	53.85	148	81	9	122	87.21	13	78	97	59																																																																																																																																																																																														
17	43.1	14	80	54	105	3.91	98	107	32	3	78.84	44	138	27.73	120	59	61	87	117.94	29	49	9	22	43.61	53	116	44.13	90	3	76	48	10.61	21	6	135	8	45.74	9	31	43.12	108	14	146	150	132.22	99	24	122	55																																																																																																																																																																																														
28	79.47	118	123	139	107	94.74	77	13	91	83	145.14	58	84	127.08	17	106	138	45	91.04	16	88	45	145	50.24	7	79	52.01	95	15	49	44	137.61	59	23	48	148	27.44	36	112	98.28	2	94	36	110	37.95	93	15	14	116	22	138	121	93.81	117	125	74	69	23.38	90	48	98	54	81.39	111	75	85	45	36.69	86	28	49	25	28.25	69	80	78	21	34.7	122	44	135	21	81.82	97	75	74	59	51.85	26	125	138	87	71.9	121	48	123	22	85.56	106	26	61	17	85.47	56	72	15	17	136.71	141	120	75	114	126.09	43	60	111	42	143.91	13	55	34	112	5.16	49	57	58	140	12.01	146	149	130	65	75.16	17	106	57	144	141.47	28	141	107	86	15.45	147	81	55	85	126.78	3	55	95	60	46.15	61	71	77	31	141.51	66	7	13	36	50.22	98	5	95	37	3.21	109	94	100	122	32.77	114	141	1	127	118.71	121	6	22	73	107.44	75	102	122	6	42.75	18	148	23	117	88.74	35	106	64	105	127.01	71	100	55	74	57.59	110	62	100	150	59.38	2	100	43	48	132.77	105	63	91	72	139.88	36	104	54	72	59.09	114	86	76	53	35.56	41	67	127	87	11.57	72	15	87	117	90.31	126