50 240
98	66.26	9	134	49	91	23.39	93	10	77	135	36.42	24	89	149.63	115	8	134	59	88.22	44	19	5	119	103.67	122	86	122.91	20	121	30	113	92.62	107	125	91	56	85.4	101	116	23.85	134	149	109	27	114.52	126	69	13	81																																																																																																																																																																																														
63	7.25	12	117	98	94	144.62	10	76	40	146	2.03	58	12	40.54	122	140	14	3	87.02	134	15	56	32	89.71	55	98	88.63	118	94	17	23	136.42	35	42	15	8	32.76	74	141	71.39	95	150	28	16	32.06	135	150	1	110																																																																																																																																																																																														
146	119.37	106	37	98	132	53.89	32	142	32	107	65.52	118	74	72.97	65	103	100	19	64.35	72	62	88	128	22.12	41	32	86.62	81	26	69	98	75.14	91	74	51	126	9.08	100	66	32.68	55	37	145	77	121.72	19	25	114	108																																																																																																																																																																																														
2	116.14	25	11	99	67	24.04	128	102	73	97	81.15	67	11	127.85	32	61	100	37	125.06	38	61	17	65	55.49	12	4	102.21	9	97	19	49	89.09	80	93	57	14	113.21	115	148	100.65	112	4	96	114	117.17	112	44	137	6																																																																																																																																																																																														
112	57.46	14	4	116	34	19.29	55	118	141	9	141.99	2	127	140.84	67	142	69	99	87.97	137	119	121	95	149.11	116	6	41.75	44	2	55	111	68.4	141	83	8	64	135.81	123	10	131.1	39	21	111	127	112.61	61	120	123	40																																																																																																																																																																																														
108	111.22	72	43	83	92	7.94	5	124	42	115	6.49	26	132	124.92	37	144	82	149	62.74	60	146	41	114	38.56	92	102	141.71	137	40	89	32	129.88	17	118	50	120	35.44	116	66	26.87	93	86	41	33	95.46	89	46	130	51																																																																																																																																																																																														
136	107.42	127	7	53	124	10.83	50	64	22	52	113.83	102	130	2.88	70	26	78	85	146.16	20	78	6	80	24.68	76	20	110.1	4	135	67	144	61.66	40	130	5	56	134.93	1	92	51.1	127	142	58	98	85.92	140	48	126	95																																																																																																																																																																																														
138	16.34	3	102	90	63	120.48	40	117	14	32	55.99	81	93	15.24	121	8	63	127	86.43	112	119	59	114	82.53	59	140	22.59	97	102	79	44	5.85	12	87	54	1	55.1	70	84	62.61	14	30	6	101	65.59	45	67	60	118																																																																																																																																																																																														
143	103.05	93	68	42	94	99.52	133	54	1	83	86.84	126	112	55.97	48	59	87	32	117.82	146	133	124	124	93.04	83	130	129.57	64	78	16	116	28.49	38	140	84	24	69.67	126	20	57.69	123	73	54	70	66.17	74	63	56	34																																																																																																																																																																																														
79	20.42	9	73	85	111	107.65	100	85	21	127	127.89	114	79	47.66	81	118	117	16	84.49	138	33	8	128	81.44	69	75	11.02	59	67	73	55	19.47	89	81	79	2	71.52	144	36	131.71	140	6	131	116	3.43	99	113	99	8																																																																																																																																																																																														
40	134.49	137	102	129	63	5.6	22	143	19	119	127.18	91	77	3.12	64	149	26	82	24.69	20	41	149	131	45.27	45	68	84.44	120	118	130	80	142.91	118	112	47	109	121.73	124	97	103.19	138	2	47	132	14.8	63	126	88	29																																																																																																																																																																																														
81	79.44	130	100	24	47	78.66	16	9	50	64	31.46	80	36	127.16	62	118	145	32	82.81	31	42	36	115	65.25	35	57	30.3	16	36	14	103	106.59	52	107	91	79	49.57	37	22	24.9	5	131	95	106	29.38	75	138	6	18																																																																																																																																																																																														
142	61.5	39	80	142	63	45.07	13	23	114	120	13.44	33	27	17.7	20	126	77	68	146.74	49	135	45	64	78.76	101	142	18.27	135	68	31	101	95.93	102	38	85	123	20.99	73	97	46.62	125	11	109	34	52.19	2	88	109	137																																																																																																																																																																																														
90	31.68	75	23	145	94	140.66	15	149	129	26	31.16	63	74	51.5	89	20	36	85	109.42	103	117	109	140	59.25	85	59	27.93	148	122	9	132	53.16	76	121	105	94	141.63	86	3	47.82	7	45	47	89	108.58	116	137	4	24																																																																																																																																																																																														
134	73.02	87	57	121	87	70.8	32	146	124	108	89.64	95	97	67.13	143	20	123	119	99.08	108	64	112	149	37.05	117	134	102.21	34	4	106	42	148.3	36	56	104	32	57.46	120	76	141.99	51	87	20	74	20.29	108	105	73	63																																																																																																																																																																																														
56	44.17	67	80	21	130	62.56	75	79	112	19	61.89	32	94	40.76	66	1	149	51	110.57	150	75	22	1	8.59	22	43	119.12	68	92	132	105	8.22	101	27	53	89	3.13	128	69	132.29	84	28	38	58	98.44	107	75	91	23																																																																																																																																																																																														
131	29.87	67	48	148	64	129.59	68	58	76	106	83.47	69	145	23.53	92	63	55	145	76.51	100	31	60	57	91.38	34	110	131.13	79	136	95	97	101.78	23	143	121	95	99.19	12	121	76.16	134	148	6	144	73.89	26	25	116	134																																																																																																																																																																																														
97	69.94	105	150	78	37	74.51	85	54	114	54	131.72	93	100	5.62	68	54	43	94	23.97	28	71	113	34	129.44	144	128	31.82	41	121	33	142	86.09	128	66	47	132	80.66	38	19	118.02	69	52	22	138	128.89	98	44	3	8																																																																																																																																																																																														
127	123.24	136	48	88	27	122.31	117	71	71	101	63.22	59	102	52.24	70	9	42	131	60.08	99	38	104	126	113.36	145	124	96.82	91	103	107	116	43.11	96	149	30	16	23.01	133	92	110.26	4	79	98	114	7.8	127	62	150	111																																																																																																																																																																																														
46	122.06	42	146	99	27	94.47	40	61	97	64	85.75	50	141	96.61	50	48	62	44	95.93	6	74	82	139	75.95	140	105	107.66	60	88	17	111	42.96	44	43	34	127	133.48	113	139	72.62	67	36	106	70	141.05	6	30	145	123																																																																																																																																																																																														
52	27.6	107	71	75	49	38.58	56	71	117	108	98.31	116	136	133.63	56	75	107	51	111.49	63	112	140	136	89.78	33	113	2.94	49	8	104	50	29.69	77	24	68	76	7.23	136	149	54.58	37	71	76	107	120.37	37	24	61	127																																																																																																																																																																																														
53	117.82	18	147	123	69	52.25	139	48	93	96	120.44	70	40	33.67	71	39	84	82	100.52	94	124	125	82	83.66	137	79	112.78	94	81	144	4	67.22	136	62	30	56	112.87	140	1	139.87	28	5	105	75	131.1	93	9	103	14																																																																																																																																																																																														
129	138.11	136	27	121	69	35.84	66	99	147	41	39.88	29	110	111.66	25	129	30	67	85.21	47	37	94	150	52.84	122	109	107.81	19	10	128	137	97.64	83	45	133	14	137.54	126	20	5.81	100	52	4	50	22.97	146	23	98	128																																																																																																																																																																																														
120	36.94	53	51	76	67	128.94	138	150	78	2	69.49	150	138	14.46	16	37	22	10	90.8	129	5	63	149	143.84	105	5	64.16	114	36	45	4	75.64	144	147	146	147	88.44	51	48	82.76	33	106	132	16	14.77	63	74	66	3																																																																																																																																																																																														
133	93.31	61	61	9	27	72.53	100	87	11	90	63.18	125	40	79.69	146	63	13	61	140.57	102	147	93	66	120.39	126	57	122.17	38	24	143	117	5.63	144	49	148	44	31.11	111	66	79.98	141	120	14	132	1.4	57	74	146	44																																																																																																																																																																																														
80	143.4	113	143	126	59	91.06	60	102	72	45	63.22	59	135	10.87	35	116	59	136	76.58	149	117	26	31	102.13	101	62	45.41	107	87	107	127	34.51	101	129	82	16	137.21	42	33	139.08	40	50	124	11	8.28	136	119	123	127																																																																																																																																																																																														
138	102.01	102	111	26	73	31.11	51	27	118	97	29.32	81	68	38.14	62	146	29	100	19.05	9	129	79	3	4.82	15	45	7.15	34	10	63	142	121.68	133	81	127	125	93.29	72	111	5.69	105	33	1	32	12.44	150	10	2	56																																																																																																																																																																																														
83	108.41	91	84	43	92	140.96	34	101	129	29	56.25	60	123	131.07	134	71	121	130	112.28	98	63	131	141	28.34	50	139	137.48	32	122	9	147	49.36	16	92	110	71	66.73	126	69	133.14	113	59	101	60	46.73	146	79	31	88																																																																																																																																																																																														
42	121.64	63	74	25	149	84.89	103	70	127	124	12.36	31	27	4.76	57	25	3	145	134.26	8	65	85	104	70.55	103	48	62.63	87	130	19	70	124.78	127	99	98	41	120.42	32	103	141.07	14	1	61	35	59.58	87	68	137	141																																																																																																																																																																																														
125	96.91	43	82	17	97	26	53	74	78	49	149.24	69	80	82.53	79	10	115	27	33.5	7	9	147	43	144.22	107	132	133.98	104	54	131	8	26.33	124	112	49	69	99.03	12	145	69.94	84	97	78	136	12.1	42	14	113	109																																																																																																																																																																																														
92	137.2	82	100	27	4	68.39	19	53	44	70	28.92	24	3	14.87	61	61	80	146	20.23	8	90	89	70	14.63	121	126	86.52	100	42	36	133	9.59	6	9	119	56	126.79	129	47	33.34	44	31	15	7	77.97	41	121	78	11																																																																																																																																																																																														
90	81.8	120	69	35	33	77.49	16	36	10	109	33.2	69	49	32.63	99	42	1	132	31.48	14	95	10	11	39.23	89	137	142.56	12	116	125	12	63.77	120	21	32	130	99.92	97	140	110.72	150	10	99	148	61.17	102	144	65	12																																																																																																																																																																																														
1	148.69	104	67	118	126	82.47	19	80	144	3	122.28	72	77	113.95	126	119	63	131	141.89	39	134	66	36	53.49	51	8	6.37	48	22	51	112	61.68	14	20	119	47	136.87	38	29	111.21	37	33	95	6	82.71	85	61	109	20																																																																																																																																																																																														
134	111.99	140	107	79	131	34.86	117	122	71	22	90.55	73	9	12.89	147	70	45	72	3.08	140	47	103	93	94.81	120	23	130.39	142	84	9	68	142.54	65	3	96	33	52.43	142	70	51.1	132	150	133	127	70.76	34	150	1	73																																																																																																																																																																																														
83	134.05	7	88	103	34	92.46	48	91	78	125	147.4	34	107	73.99	26	105	91	135	5.68	72	138	79	5	139.9	134	86	91.36	28	12	68	70	67.65	60	141	107	28	31.31	69	98	15.32	54	95	38	34	89.15	130	113	141	147																																																																																																																																																																																														
66	121.08	65	120	38	15	71.34	146	67	40	81	35.83	63	37	88.72	87	4	52	90	1.22	143	29	143	49	107.51	62	59	114.65	121	102	44	129	130.19	53	60	53	117	131.39	49	87	117.49	128	7	44	77	113.58	1	25	28	20																																																																																																																																																																																														
125	39.91	58	88	74	149	83.09	25	129	37	142	48.93	50	71	83.8	98	21	53	70	38.06	132	140	57	74	11.46	8	138	5.17	63	34	34	89	121.45	95	29	77	104	140.67	115	9	139.93	110	47	93	119	149.77	69	134	85	146																																																																																																																																																																																														
119	6.77	61	134	122	133	63.07	11	71	67	120	143.22	106	10	94.26	71	39	42	89	146.65	135	141	92	56	74.93	8	146	34.7	107	26	29	120	105.28	8	145	119	6	27.13	117	112	138.79	128	131	144	128	145.74	132	88	23	17																																																																																																																																																																																														
8	121.94	101	102	5	84	86.54	14	34	76	88	10.5	140	55	134.63	37	96	108	37	41.16	17	40	76	20	10.22	50	90	18.21	8	2	142	46	83.26	44	42	67	8	141.33	131	123	8.02	79	80	21	134	105.16	14	59	67	120																																																																																																																																																																																														
95	120.15	81	83	52	32	85.67	107	65	98	106	23.67	111	79	75.66	80	126	111	121	23.35	65	98	121	60	86.47	31	78	117.6	7	101	11	102	123.84	6	146	95	19	82.47	145	70	97.51	102	93	103	114	103.95	49	9	79	127																																																																																																																																																																																														
19	16.38	80	114	137	7	137.18	128	16	92	39	61.09	67	108	72.86	70	117	18	131	145.29	24	33	33	53	53.21	23	34	92.49	18	7	56	36	21.32	73	67	25	94	11.52	142	9	103.05	142	125	11	55	83.1	1	104	106	134																																																																																																																																																																																														
73	40.04	61	100	92	24	142.41	32	73	107	92	139.92	61	68	115.36	129	85	110	130	85.84	123	120	57	130	139.05	25	115	119.76	79	20	123	28	123.82	7	62	149	46	126.55	119	102	30.91	51	126	131	1	27.7	147	69	90	1																																																																																																																																																																																														
35	17.26	135	68	110	103	121.52	140	12	139	80	60.47	22	23	142.38	39	41	122	53	43.73	91	106	47	54	146.01	117	79	95.3	42	8	88	134	115.94	125	64	93	56	96.73	51	47	64.93	95	43	30	6	102.68	90	10	107	55																																																																																																																																																																																														
149	128.64	106	14	115	13	37.4	11	10	91	113	48.19	67	75	88.56	107	20	13	65	121.34	11	26	137	39	2.19	61	20	146.94	16	69	77	96	83.92	80	4	44	130	24.82	107	124	106.44	50	17	26	25	64.96	116	77	29	150																																																																																																																																																																																														
13	32.54	33	103	17	58	44.34	43	109	50	88	46.2	66	123	48.74	7	57	86	50	40.95	149	50	17	82	124.87	57	40	47.47	113	25	126	69	90.68	139	100	10	103	109.78	38	71	127.15	50	57	56	116	115.3	112	129	103	94																																																																																																																																																																																														
128	58.89	97	90	111	109	5.54	119	87	50	103	137.73	140	13	140.84	30	143	23	6	34.61	117	2	8	99	76.66	100	14	100.07	42	8	121	78	106.25	62	48	22	113	76.32	93	32	91.03	33	59	77	104	84.51	115	15	67	148																																																																																																																																																																																														
21	28.67	49	95	132	7	106.64	137	71	118	137	115.14	34	121	132.91	146	94	81	52	12.12	89	139	102	148	80.08	143	66	12.53	116	127	141	124	123.02	140	55	25	21	59.45	74	118	80.1	111	1	134	127	2.61	74	14	93	137																																																																																																																																																																																														
111	35.14	79	37	11	7	34.82	66	7	107	107	115	79	94	48.63	12	80	126	81	137.98	120	71	123	64	46.04	123	64	108.39	94	120	20	30	148.28	105	13	110	27	49.3	47	63	131.1	100	31	30	1	143.1	104	5	119	110																																																																																																																																																																																														
70	101.75	99	18	125	114	73.75	9	86	99	84	11.33	17	94	129.9	129	97	29	94	16.7	82	46	39	143	75.19	135	62	83.75	132	140	7	8	132.04	26	96	133	74	90.51	16	66	34.93	79	122	20	8	58.82	97	40	79	107																																																																																																																																																																																														
137	9.18	60	143	120	102	65.6	55	3	126	91	118.89	43	90	36.04	138	144	5	82	98.07	57	40	141	106	41.59	57	95	61.44	38	146	10	51	40.91	46	47	106	19	69.6	40	1	77.37	68	49	120	130	62.93	50	115	107	134																																																																																																																																																																																														
34	106.36	149	95	14	131	9.67	70	129	41	4	17.74	146	150	22.42	132	88	52	18	29.19	78	3	67	54	130.6	112	130	112.39	48	64	55	34	70.78	17	90	140	6	76.38	12	140	47.65	104	150	139	57	50.37	115	49	1	132																																																																																																																																																																																														
84	112.27	146	114	80	60	39.87	94	144	27	97	119.3	46	15	131.33	102	105	122	115	75.56	67	140	147	56	126.53	85	17	67.14	93	114	74	10	8.21	56	41	108	105	125.33	88	3	32.23	146	142	119	40	128.01	117	78	66	57																																																																																																																																																																																														
68	138.82	49	8	40	110	103.34	26	122	96	17	125.57	4	31	74.24	119	29	31	144	136.42	28	74	80	76	116.46	124	82	55.12	148	51	58	54	118.95	90	110	35	23	22.01	55	102	105.3	94	23	142	124	51.76	74	150	7	57																																																																																																																																																																																														
126	107.95	29	121	97	44	38.17	27	126	32	112	115.39	132	95	70.57	145	96	15	98	27.16	135	48	77	14	65.53	28	32	15.48	74	31	67	95	133.43	51	124	76	19	126.33	29	13	138.54	117	14	24	39	117.09	93	44	119	107																																																																																																																																																																																														
8	3.37	35	74	11	95	81.29	14	25	121	61	106.55	52	16	86.97	134	58	65	96	18.54	60	50	73	68	25.76	92	75	87.54	20	50	6	100	131.74	35	103	100	128	120.34	149	149	4.25	148	29	133	14	74.73	86	47	61	57																																																																																																																																																																																														
29	127.84	132	35	66	33	4.88	113	106	146	25	70.59	28	119	141.37	53	5	92	63	41.42	132	10	67	27	111.15	18	79	107.1	9	72	38	24	79.58	75	42	116	116	6.54	18	56	4.2	89	78	1	91	100.79	11	69	68	31																																																																																																																																																																																														
92	143.02	107	41	141	132	120.44	149	48	135	74	21.53	149	69	52.64	4	129	134	69	75.05	67	95	51	127	53.82	59	74	71.71	118	132	11	28	105.76	9	123	98	128	55.28	31	147	102.91	54	8	13	20	42.36	13	78	134	76																																																																																																																																																																																														
150	63.53	72	72	65	5	56.38	7	140	78	128	65.79	74	148	7.3	13	127	115	132	39.71	89	113	129	87	55.33	11	56	94.99	59	123	133	146	81.79	106	126	96	85	9.47	125	21	126.54	34	116	121	137	40.56	135	65	74	129																																																																																																																																																																																														
7	30.68	52	59	82	127	140.01	52	57	64	3	111.89	84	16	133.31	137	88	150	147	37.66	5	121	133	43	105.54	25	53	111.11	135	47	136	93	59.75	10	73	71	11	2.75	123	74	7.55	61	84	118	143	3.49	105	150	149	8																																																																																																																																																																																														
78	78.19	18	115	111	123	148.11	42	33	116	71	148.14	145	128	80.76	113	9	37	109	74.58	93	95	70	66	90.97	53	54	117	102	17	29	29	136.9	20	74	140	23	73.3	43	75	31.15	27	140	38	36	135.97	87	37	33	78																																																																																																																																																																																														
49	123.51	78	48	26	150	101.24	93	28	20	129	113.85	87	28	46.18	117	84	31	42	38.52	21	20	76	89	27.04	59	65	12.96	10	54	3	26	1.6	9	4	64	124	66.91	95	89	107.69	46	12	76	7	34.54	132	22	111	44																																																																																																																																																																																														
137	146.36	47	66	73	41	30.89	91	69	69	82	99.9	120	10	70.82	17	44	114	30	63.59	50	5	7	81	1.01	37	63	51.56	49	40	117	51	122.9	11	69	118	22	58.88	1	32	138.41	83	11	28	133	113.54	39	69	104	88																																																																																																																																																																																														
11	68.78	91	104	66	118	93.64	101	79	107	61	46.79	53	85	135.42	77	144	82	103	58.35	81	124	116	113	141.85	39	89	4.14	139	74	126	137	13.31	70	142	64	114	17.13	26	115	40.5	35	132	77	119	96.65	37	10	12	141																																																																																																																																																																																														
135	37.41	36	139	144	59	79.11	27	7	62	48	117.57	106	14	94.06	124	115	111	83	79.04	45	146	106	131	79.15	54	123	147.1	47	14	61	120	2.85	86	91	140	150	21.85	57	110	109.61	27	127	43	126	123.31	98	99	78	13																																																																																																																																																																																														
128	48.95	143	30	106	116	5.12	131	116	108	2	96.79	75	129	43.47	114	89	97	69	110.35	32	79	74	115	98.88	61	89	113.7	6	94	26	37	7.25	51	40	53	63	149.1	17	90	146.27	19	102	97	106	27.01	12	34	130	38																																																																																																																																																																																														
142	47.72	113	21	150	5	73.53	58	75	75	35	95.66	64	120	27.66	17	87	15	53	70.72	49	143	68	90	56.65	8	86	147.64	115	63	26	125	9.79	8	85	91	29	56.04	7	83	122.54	15	16	63	16	47.13	104	121	134	83																																																																																																																																																																																														
24	2.22	123	41	64	68	50.15	86	41	21	18	35.4	80	75	33.48	144	34	7	45	11.67	47	25	34	50	21.71	137	27	124.14	2	46	89	103	85.94	53	84	2	148	70.37	94	110	126.01	64	115	30	136	30	55	45	43	22																																																																																																																																																																																														
1	118.07	109	55	48	8	86.69	21	48	47	66	67.34	130	77	64.17	139	117	145	111	118.56	100	74	121	35	4.1	130	72	126.11	131	65	114	93	91.17	111	100	68	55	27.28	20	95	129.58	52	72	102	117	58.6	101	104	124	71																																																																																																																																																																																														
28	102.52	109	111	66	87	80.88	46	124	68	116	115.53	131	104	45.55	68	14	148	135	14.11	140	110	93	120	13.63	150	128	101.19	1	87	128	108	46.84	56	20	101	137	131.04	48	141	75.32	45	128	43	27	58.32	44	107	115	107																																																																																																																																																																																														
21	115.57	57	87	97	99	93.44	48	15	131	54	4.59	149	12	93.59	150	104	65	91	109.46	20	68	17	51	90.29	28	125	62.2	72	91	67	66	41.39	14	120	9	140	137.69	71	35	83.64	89	81	124	12	89.99	131	107	133	36																																																																																																																																																																																														
24	65.34	93	50	91	136	68.48	80	27	41	93	69.8	96	76	64.35	123	23	150	70	72.99	25	32	25	132	126.45	13	61	60.12	39	35	17	147	29.66	48	6	36	93	53.66	79	88	55.51	101	51	28	150	16.85	52	62	44	35																																																																																																																																																																																														
123	14.31	1	86	101	70	66.89	28	95	49	57	32.13	83	83	113.96	102	125	121	32	35.85	27	63	106	108	43.66	89	112	103.81	19	69	142	146	19.58	23	84	58	58	108.35	117	16	97.68	43	105	58	104	52.05	70	91	88	40																																																																																																																																																																																														
77	32.77	131	119	135	141	29.67	6	79	139	117	114.44	51	19	139.84	122	120	108	16	137.28	126	143	96	69	74.39	31	119	24.02	56	93	33	4	143.49	2	23	125	76	149.76	101	44	134.03	70	7	11	30	21.11	85	115	106	98																																																																																																																																																																																														
143	9.6	145	88	29	78	121.66	12	76	110	74	2.3	36	62	38.97	66	35	52	75	128.97	108	127	109	116	80.13	37	118	122.9	76	25	112	135	95.93	87	89	32	60	96.61	148	98	125.06	7	115	149	122	36.72	136	20	105	7																																																																																																																																																																																														
8	10.6	89	13	136	140	139.16	103	138	35	57	20.44	101	126	140.58	110	79	93	123	111.06	87	70	126	113	129.11	148	12	108.71	5	106	57	77	89.16	82	97	24	80	17.6	98	1	53.65	46	79	128	94	78.78	107	17	39	80																																																																																																																																																																																														
102	112.71	39	7	61	143	127.23	28	25	147	44	95.61	121	68	72.16	125	138	113	148	68.16	73	86	125	136	139.53	15	105	113.29	37	83	81	118	57.3	126	131	89	51	53.75	103	122	51.84	26	72	145	137	23.02	19	5	94	20																																																																																																																																																																																														
40	52.45	3	46	83	22	81.45	138	143	5	3	64.45	80	145	46.39	129	29	36	103	19	92	91	127	116	51.37	15	42	110.15	35	80	123	148	28.44	18	21	129	131	130.12	89	28	2.67	111	132	22	73	25.11	143	108	85	125																																																																																																																																																																																														
105	90.53	63	139	39	77	31.03	92	146	24	32	10.97	78	31	31.23	95	28	72	107	73.61	28	56	140	103	124.35	61	127	61.64	144	53	21	9	30.85	35	138	43	65	139.9	115	10	8.09	7	120	10	142	118.51	102	54	125	111																																																																																																																																																																																														
20	22.84	44	26	37	111	115.75	45	138	40	94	104.57	99	58	68.38	59	105	135	101	42	149	114	130	93	20.12	35	150	19.05	48	102	47	62	2.19	19	128	108	111	60.99	104	127	145.85	34	38	62	63	137.63	90	4	71	65																																																																																																																																																																																														
23	98.36	105	73	127	144	37.13	91	98	45	66	73.64	47	87	31.84	99	145	51	19	148.16	121	148	106	45	8.17	122	112	84.99	31	65	83	24	100.3	124	99	116	35	81.61	4	148	112.28	110	123	124	119	147.28	29	52	88	22																																																																																																																																																																																														
9	61.27	86	87	119	49	106.15	143	4	76	47	141.46	87	69	136.76	146	109	34	12	83.69	109	108	50	16	108.17	76	58	110.71	71	132	16	67	55.75	50	62	38	21	101.24	4	117	7.84	69	40	82	20	133.07	42	84	72	25																																																																																																																																																																																														
2	19.98	144	90	108	45	69.99	83	87	38	97	4.41	47	87	41.92	128	115	95	131	127.61	147	23	129	98	64.64	8	63	16.32	121	30	143	56	13.02	72	102	63	86	131.92	87	79	94.8	47	80	17	52	125.36	143	28	79	91																																																																																																																																																																																														
88	56.14	8	91	20	23	75.28	111	122	117	104	47.88	30	36	117.93	19	6	49	49	41.36	80	98	38	50	60.99	113	48	56.09	18	144	74	107	99.45	55	24	80	3	51.39	147	149	73.26	6	43	138	124	70.75	64	108	105	53																																																																																																																																																																																														
58	36.98	10	20	117	28	142.75	10	95	129	18	27.76	51	11	120.63	40	114	25	143	72.8	93	20	30	72	29.16	123	5	21.05	53	121	38	132	89.68	129	90	137	2	53.88	19	83	99.22	45	21	125	119	13.77	144	67	87	93																																																																																																																																																																																														
104	58.88	88	47	77	10	40.46	78	128	61	119	10.21	67	36	68.93	124	9	66	71	86.43	93	83	105	65	5.73	99	72	34.01	62	148	84	26	147.92	64	58	101	53	20.84	29	37	65.64	124	9	120	148	129.4	109	140	50	70																																																																																																																																																																																														
85	29.46	56	58	127	31	148.97	17	110	123	6	118.61	118	3	7.33	20	134	76	65	20.21	46	92	52	115	120.43	7	45	45.32	94	146	30	59	68.68	78	41	71	133	20.01	79	145	110.19	34	102	98	19	109.74	134	90	120	138																																																																																																																																																																																														
14	16.74	130	80	29	41	88.64	65	30	78	109	49.45	59	147	37.04	77	102	51	48	51.22	80	21	111	21	115.97	30	35	147.41	39	39	104	50	132.63	110	63	32	113	125.66	21	108	24.32	97	19	139	34	36.92	54	79	49	21																																																																																																																																																																																														
40	5.82	118	108	64	17	103.27	141	125	7	71	18.27	90	59	115.62	3	150	142	87	92.37	73	61	23	86	50	84	73	107.83	123	23	43	150	30.9	133	82	137	87	46.48	14	70	39.86	29	103	71	5	16.46	82	113	136	103																																																																																																																																																																																														
77	8.28	116	53	110	120	79.96	58	82	132	118	78.9	28	88	36.14	118	44	89	71	104.37	97	8	51	146	82.89	93	8	106.42	3	113	108	55	17.06	80	91	38	32	114.27	110	60	56.12	137	51	94	77	67.23	131	105	36	126																																																																																																																																																																																														
31	141.87	103	107	139	149	117.36	38	117	99	63	125.83	130	82	147.39	83	141	72	46	50.65	118	57	128	15	25.56	131	15	48.18	26	124	50	33	120.48	27	69	57	33	43.07	110	41	118.02	111	96	146	121	82.87	26	7	114	13																																																																																																																																																																																														
144	35.68	143	143	131	1	118.66	105	124	52	80	31.28	8	28	93.09	140	142	35	27	55.9	95	84	84	34	77.99	15	141	120.45	109	44	56	1	8.91	99	143	42	71	95.23	8	52	96.9	71	123	48	100	99.1	49	2	68	98																																																																																																																																																																																														
73	130.55	83	71	15	31	17.61	68	96	5	78	23.48	144	140	89.33	117	48	44	47	105.79	105	78	59	125	78.47	101	125	123.88	133	33	88	138	28.14	118	37	122	95	43.58	133	43	99.78	101	27	120	10	24.08	62	40	14	98																																																																																																																																																																																														
57	38.68	92	112	36	139	75.99	9	115	22	100	28.37	22	131	12.62	138	30	46	7	86.89	67	26	57	21	114.59	33	66	34.72	104	19	147	50	66.5	109	35	84	13	137.39	42	42	17.77	6	86	28	60	78.51	10	88	105	35																																																																																																																																																																																														
91	15.18	77	99	55	64	61.83	92	133	118	42	27.72	134	95	112.5	101	117	82	12	66.12	40	8	20	84	106.17	58	13	71.43	32	90	136	10	26.93	47	116	53	73	138.14	105	76	79.34	147	80	96	150	75.43	7	108	116	94																																																																																																																																																																																														
69	118.39	63	14	123	52	3.15	98	10	3	109	49.66	40	138	92.97	48	76	135	65	118.69	20	129	95	84	130.77	119	25	20.32	43	113	45	35	30.47	109	1	95	77	89.19	51	130	30.84	127	19	36	21	46.28	134	150	135	106																																																																																																																																																																																														
34	3.76	68	89	89	149	72.96	7	23	94	22	13.97	72	3	29.17	68	14	105	18	148.99	9	7	138	65	11.68	150	39	121.39	66	67	76	36	59.24	121	60	37	105	135.8	5	121	10.1	90	16	17	24	75.84	26	32	73	32																																																																																																																																																																																														
36	83.87	134	68	112	78	45.11	82	14	6	48	118.64	66	28	137.09	134	143	111	148	69.37	7	140	24	8	98.64	131	133	17.38	139	82	114	115	46.34	6	87	48	80	129.55	19	46	86.97	45	110	83	133	57.34	130	80	95	124																																																																																																																																																																																														
129	42.75	150	119	33	80	143.62	18	70	114	66	96.68	62	150	108.21	120	36	94	102	15.16	83	4	5	114	100.48	121	37	147.17	52	1	76	104	76.06	109	53	41	5	123.34	46	61	84.82	120	57	141	150	132.76	148	84	11	41																																																																																																																																																																																														
22	113.22	85	147	69	113	110.79	50	32	5	123	100.54	76	116	50.27	75	111	43	121	112.41	65	129	63	74	61.25	37	60	77.76	108	77	39	82	6.16	31	18	21	7	20.62	102	90	20.44	82	7	118	108	148.37	45	12	2	26																																																																																																																																																																																														
30	75.98	62	28	88	85	60.05	109	147	41	27	68.2	69	132	68.01	130	88	45	57	133.98	49	49	54	33	118.54	21	56	2.4	138	136	11	98	23.15	77	146	36	65	136.07	131	37	64.75	144	62	142	89	102.25	121	14	145	71																																																																																																																																																																																														
148	33.74	57	66	3	57	120.69	35	88	26	94	107.7	104	62	62.39	4	145	123	35	9.96	52	51	90	101	28.33	128	121	102.1	130	129	78	4	113.9	115	143	27	106	61.26	47	144	106.99	15	102	87	2	15.88	82	35	51	85																																																																																																																																																																																														
92	137.72	123	14	128	149	22.52	85	89	48	115	7.13	129	36	120.14	70	75	108	96	118.93	74	126	123	66	134.7	78	146	148.96	24	119	43	19	88.55	26	66	134	66	128.76	72	96	103.42	26	2	110	142	71.3	80	26	47	66																																																																																																																																																																																														
11	68.87	131	88	94	101	30.19	117	142	105	93	87.61	23	77	94.44	65	69	136	111	139.17	22	1	108	47	57.32	147	114	22.29	16	113	18	18	130.94	41	126	137	119	64.46	150	96	52.07	122	54	53	92	80.93	120	105	34	60																																																																																																																																																																																														
57	4.24	3	65	111	131	96.9	43	32	48	67	132.7	111	150	24.83	55	115	73	128	13.48	140	130	47	117	86.82	114	63	68.05	94	17	150	35	35.49	23	117	50	135	11.73	95	54	112.42	88	83	62	25	146.83	41	128	128	48																																																																																																																																																																																														
60	74.42	105	19	110	122	119.04	58	74	50	71	82.39	75	97	122.45	118	3	37	26	63.38	146	39	134	126	70.72	70	8	54.82	77	71	125	24	128.57	146	117	146	46	1.76	54	47	72.82	42	38	69	143	44.06	3	146	71	33																																																																																																																																																																																														
4	107.52	126	87	51	73	141.36	103	109	99	120	145.45	25	54	120.9	7	70	74	135	36.51	130	86	23	150	121.05	109	74	31.64	145	31	10	127	61.84	61	132	134	125	31.92	34	135	121.32	136	144	116	78	9.66	1	1	35	20																																																																																																																																																																																														
59	139.22	141	114	107	27	1.27	15	40	136	60	132.85	19	100	141.46	85	20	148	39	126.08	76	5	58	90	11.23	64	8	68.04	13	90	134	19	132.04	105	120	24	1	107.11	86	3	145.63	73	124	150	104	109.32	41	137	104	147																																																																																																																																																																																														
99	78.34	126	139	11	140	20.37	138	99	70	73	100.77	93	35	31.47	150	108	111	25	36.48	84	25	30	69	136.74	111	58	111.65	139	11	54	148	62.11	127	55	50	126	123.05	39	74	68.03	12	57	63	3	118.12	20	44	71	45																																																																																																																																																																																														
114	32.2	22	52	92	88	90.52	122	9	100	138	31.62	80	53	87.15	20	2	74	39	24.94	69	144	53	74	115.81	30	97	126.02	52	31	41	50	110.76	106	85	4	80	78.03	44	46	84.97	67	37	91	42	35.65	96	45	119	83																																																																																																																																																																																														
65	18.92	89	149	9	133	18.12	30	143	57	81	81.59	43	39	59.19	47	58	95	15	106.86	35	103	15	25	112.79	38	73	125.3	134	115	122	97	7.46	95	117	130	63	26.79	36	8	105.38	111	42	125	129	33.77	99	100	64	8																																																																																																																																																																																														
59	115.56	83	121	143	72	22.17	36	119	46	8	102	80	49	126.55	10	1	20	120	146.97	80	73	83	134	56.25	26	90	66.27	115	61	44	120	18.68	27	39	116	116	66.77	60	106	104.09	68	50	148	94	117.53	139	112	114	36																																																																																																																																																																																														
27	146.21	90	9	5	113	48.39	30	73	38	65	80.76	41	17	89.5	49	97	14	53	88.63	17	40	98	112	141.42	71	59	19.48	80	150	18	54	42.75	132	53	58	34	144.38	100	54	111.58	14	63	98	123	46.53	86	14	19	44																																																																																																																																																																																														
127	13.78	45	100	83	21	59.52	48	15	113	146	10.68	107	124	104.99	105	143	5	70	17.27	134	26	94	23	85.44	8	99	36.36	134	105	149	8	11.48	107	135	45	52	85.54	29	43	60.65	76	146	6	49	54.25	76	101	37	79																																																																																																																																																																																														
47	143.11	118	42	134	121	109.71	126	103	49	29	84.15	109	119	81.64	38	49	135	91	58.79	127	34	42	69	130.11	62	140	142.09	33	81	141	99	68.67	128	147	133	5	4.11	149	37	13.66	114	23	38	26	56.89	37	98	138	20																																																																																																																																																																																														
124	20.92	115	62	60	54	131.88	120	24	127	103	2.77	45	117	149.85	118	61	109	136	89.62	35	23	43	75	135.44	122	32	111.32	109	94	53	144	33.17	140	65	37	66	79.76	13	16	100.49	63	148	7	138	18.31	61	113	52	24																																																																																																																																																																																														
110	9.28	84	12	75	150	3.85	47	36	29	34	52.51	123	71	121.08	118	117	135	147	11.09	42	76	55	143	136.66	8	137	135.17	120	45	35	99	130.66	114	48	33	83	23.21	2	69	29.97	104	10	52	8	70.43	83	150	33	34																																																																																																																																																																																														
46	113.61	58	118	77	127	76.61	7	57	91	21	8.59	117	144	124.93	77	100	104	1	16.82	7	138	135	94	2.56	120	20	106.78	120	59	38	115	103.72	45	47	32	29	61.02	122	111	48.69	44	91	106	89	84.81	3	29	51	114																																																																																																																																																																																														
70	1.55	15	35	109	29	57.18	119	120	43	75	1.94	112	84	76.55	28	142	3	122	111.85	141	39	78	32	58.79	92	46	136.19	61	30	145	131	95.07	62	5	92	11	129.5	87	139	22.29	17	53	2	45	27.35	144	29	108	60																																																																																																																																																																																														
54	120.05	102	119	141	105	75.29	93	100	117	116	86.73	150	1	7.77	112	138	149	145	85.14	101	127	94	110	131.39	2	99	142.26	137	55	83	126	20.51	66	31	101	46	127.61	114	112	97.32	45	116	72	45	74.22	13	82	21	112																																																																																																																																																																																														
69	63.44	104	44	112	54	79.17	22	94	43	148	148.08	83	73	94.97	128	99	74	86	34.66	51	32	92	76	131.16	121	61	29.55	1	137	65	72	135.28	56	123	2	99	57.32	126	98	2.35	84	122	108	132	139.73	138	69	96	8																																																																																																																																																																																														
88	116.04	2	126	63	73	38.08	2	146	22	68	143.07	29	106	96.31	80	6	21	101	12.95	37	14	45	53	111.36	95	123	64.27	88	44	45	146	23.99	84	2	67	28	51.71	146	74	10.31	68	32	150	77	109.02	38	32	69	18																																																																																																																																																																																														
35	6.96	68	74	19	134	43.08	146	69	6	150	37.51	46	48	136.31	22	129	137	95	13.05	148	34	26	22	144.38	144	85	9.11	36	65	92	49	51.21	6	20	24	124	147.78	101	2	17.6	137	92	112	78	127.4	51	49	29	16																																																																																																																																																																																														
79	131.11	26	55	86	106	35.68	95	120	143	12	121.21	26	56	85.44	98	139	58	56	4.6	39	32	127	88	29.36	24	36	15.04	90	45	2	72	89.39	4	2	7	135	17.59	91	47	91.28	84	12	49	67	68.12	3	3	135	48																																																																																																																																																																																														
12	6.37	18	142	66	16	103.23	119	127	88	32	106.94	64	111	146.46	147	34	77	111	52.62	28	72	36	150	80.21	91	89	36.8	64	101	42	134	110.35	63	85	100	62	91.75	40	14	94.59	43	81	100	51	70.61	77	117	93	73																																																																																																																																																																																														
148	25.11	147	129	103	136	41.48	149	110	21	124	101.85	69	119	89.98	94	28	123	51	113.41	93	91	9	22	119.21	50	20	114.16	37	100	98	70	30.15	87	111	46	12	14.84	17	125	101.44	64	115	150	23	102.44	58	115	149	4																																																																																																																																																																																														
78	84.36	81	18	129	100	36.41	137	105	138	6	33.78	72	135	62.7	137	119	150	32	18.66	95	73	22	44	67.79	55	27	110.43	62	40	45	27	89.98	107	43	42	64	45	103	6	132.26	103	144	119	73	87.42	134	52	76	132																																																																																																																																																																																														
68	127.09	83	102	84	88	101.25	135	22	119	94	55.63	75	132	140.98	57	104	127	82	138.74	118	21	11	116	101.46	100	111	5.99	76	124	78	129	91.11	57	133	119	63	93.66	124	49	7.93	150	143	40	127	43.15	110	142	71	64																																																																																																																																																																																														
39	45.22	68	118	72	65	99.48	24	14	39	139	47.33	64	10	90.94	147	79	3	18	36.3	36	39	77	62	26.3	14	1	6.79	34	66	133	32	103.55	48	146	150	16	109.53	95	22	112.89	19	137	5	44	7.3	36	148	145	57																																																																																																																																																																																														
66	108.95	3	118	130	38	7.85	16	106	62	20	107.67	36	41	83.54	110	4	77	147	104.7	95	149	150	125	8.03	13	104	106.09	146	141	121	88	87.46	64	18	60	12	11.12	92	95	92.88	74	109	119	60	11.95	4	32	77	121																																																																																																																																																																																														
70	148.29	92	68	10	139	89.45	136	63	8	123	129.35	139	57	85.55	14	42	68	145	142.34	148	102	46	70	85.93	88	139	32.4	139	45	53	11	93.88	116	27	130	9	139.51	101	143	9.27	141	132	137	126	45.89	27	43	18	148																																																																																																																																																																																														
35	99.01	87	61	75	125	137.98	105	114	9	132	56.6	1	101	8.09	86	9	85	9	49.8	64	71	21	129	89.91	88	77	130.43	77	98	79	11	119.96	124	60	63	67	3.33	53	21	110.29	108	23	141	54	110.58	102	35	90	52																																																																																																																																																																																														
82	50.71	73	147	22	125	104.96	150	35	19	130	142.92	11	150	136.83	78	77	149	141	115.33	104	49	62	110	67.77	63	4	1.43	48	14	89	103	67.72	46	56	32	143	44.18	26	18	70.31	35	117	128	49	63.81	114	80	46	123																																																																																																																																																																																														
144	125.58	25	32	19	70	136.38	83	57	30	48	58.05	60	40	52.1	56	13	34	135	104.14	35	21	124	53	32.9	51	150	108.58	67	111	102	78	30.99	103	109	117	100	100.85	141	9	19.85	52	122	29	133	131.62	2	89	57	111																																																																																																																																																																																														
67	114.79	97	94	143	79	23.5	25	51	33	64	142.58	69	51	119.09	47	61	101	82	101.12	119	7	37	90	52.71	98	118	86	34	109	69	131	35.9	51	148	42	10	66.79	7	64	37.82	63	35	77	16	98.09	20	1	103	2																																																																																																																																																																																														
44	133.24	46	127	131	114	72.12	38	55	70	103	125.17	15	43	48.66	58	107	7	71	78.25	17	145	125	133	55.53	78	64	71.21	134	117	56	55	38.76	101	108	16	142	98.45	43	85	145.26	122	18	30	47	49.69	4	127	132	11																																																																																																																																																																																														
142	74.95	10	53	25	114	2.77	4	40	96	14	89.82	113	10	1.07	52	65	33	73	15.94	60	23	9	21	3.2	120	35	138	30	2	93	45	127.63	136	99	29	127	119.93	38	36	60.05	43	24	78	69	125.73	25	101	140	60																																																																																																																																																																																														
49	68.86	71	40	5	103	109.39	30	137	88	92	47.82	68	82	118.18	84	90	86	28	57.02	128	25	96	39	100.91	10	27	7.1	134	62	128	125	51.44	42	59	69	77	6.85	25	81	121.34	11	41	55	47	99.82	16	143	92	142																																																																																																																																																																																														
60	15.99	41	32	131	34	10.67	85	146	24	23	145.01	85	106	13.13	113	41	65	36	3.54	13	130	14	139	87.45	5	147	90.55	53	139	108	91	22.35	15	129	7	138	13.76	111	118	92.66	44	1	143	43	102.52	83	58	30	64																																																																																																																																																																																														
96	90.7	62	88	38	35	35.26	53	64	134	34	51.27	84	16	148.82	10	109	63	88	111.14	86	37	21	9	8.6	86	11	70.41	85	53	69	10	118.67	62	16	21	141	20.28	134	139	31.81	74	89	12	140	75.67	103	27	28	107																																																																																																																																																																																														
3	104.57	35	24	126	130	109.25	90	86	110	82	120.41	82	22	129.74	134	133	73	127	28.17	37	118	108	42	79.93	141	118	62.84	84	82	47	79	28.01	121	141	43	73	35.93	16	24	98.38	119	80	150	35	102.4	46	77	63	56																																																																																																																																																																																														
132	45.4	89	86	1	68	31.66	27	18	38	39	60.25	98	41	17.77	100	118	60	71	132.25	116	120	114	71	149.9	100	57	143.71	17	6	19	88	31.15	40	89	142	63	142.35	108	2	4.57	136	57	91	87	30.1	122	145	28	111																																																																																																																																																																																														
101	22.95	52	87	139	42	36.97	54	136	116	2	38.93	17	47	134.09	50	14	119	57	122.84	96	128	91	10	75.29	56	19	102.11	121	66	47	92	64.65	123	20	13	109	40.36	25	123	115.58	125	4	136	149	75.46	90	55	130	30																																																																																																																																																																																														
101	126.35	77	127	14	23	110.15	44	145	100	57	8.51	14	62	111.87	56	90	130	36	31.96	87	106	14	143	141.65	87	60	15.94	63	55	68	80	26.01	66	27	128	14	12.45	136	49	109.42	75	88	32	21	11.41	41	146	140	107																																																																																																																																																																																														
104	86.84	19	120	98	83	95.65	142	52	101	140	33.23	126	44	130.26	123	61	66	49	47.6	50	127	137	113	131.9	56	147	63.38	12	93	112	1	129.87	10	117	49	42	74.2	37	77	133.08	44	124	145	15	9.17	5	23	82	92																																																																																																																																																																																														
95	112.92	133	58	113	102	43.62	118	45	140	131	76.59	4	15	98.48	102	14	114	104	101.49	96	54	108	7	28.44	106	29	73.02	107	142	33	25	99.78	5	98	131	50	115.7	61	13	37.03	103	39	26	27	145.95	3	7	70	37																																																																																																																																																																																														
52	130.34	16	78	69	145	52.35	58	143	150	137	109.22	71	62	6.88	35	15	110	45	74.25	65	46	80	53	122.06	117	53	20.03	19	5	58	29	26.04	122	58	69	60	125.78	110	12	116.85	123	126	93	6	52.9	139	99	98	42																																																																																																																																																																																														
50	142.07	73	50	75	88	84.68	114	112	146	81	101.33	57	139	109.83	109	97	21	101	50.1	100	51	50	63	102.3	64	3	60.8	36	30	46	93	96.43	37	122	19	66	23.53	105	137	3.52	119	123	60	70	91.47	9	113	125	86																																																																																																																																																																																														
23	36.55	62	15	109	25	66.73	48	121	135	65	111.63	37	119	99.97	87	23	138	97	47.1	112	57	93	125	110.57	5	142	68.63	117	120	30	85	82.69	15	37	27	54	48.91	125	72	94.17	150	80	123	3	109.81	118	22	66	113																																																																																																																																																																																														
127	114.65	126	131	120	105	146.98	92	123	89	148	51.92	84	7	68.6	123	53	95	143	37.79	21	80	60	13	90.76	54	24	93.17	32	58	44	49	71.69	114	139	11	46	55.6	17	91	35.64	46	74	37	24	100.59	59	126	122	148																																																																																																																																																																																														
3	3.42	35	79	115	68	84.4	4	141	47	44	127.61	30	34	14.2	141	139	84	60	48.8	143	81	42	140	111.03	91	23	92.17	90	26	125	148	120.29	119	25	55	35	127.78	72	19	46.67	103	139	70	56	25.87	64	128	61	69																																																																																																																																																																																														
97	74.4	150	114	79	40	10.32	82	44	47	2	39.79	42	104	111.47	11	67	4	68	6.96	94	113	101	40	16.45	3	112	4.12	103	118	51	74	67.5	131	95	52	12	51.38	42	144	65.46	56	100	147	130	148.01	3	61	121	4																																																																																																																																																																																														
94	57.01	126	133	129	56	58.41	145	49	123	48	145.77	117	114	111.71	1	88	101	114	82.1	52	44	8	131	73.96	149	106	100.69	14	34	125	96	114.51	67	91	29	138	40.32	19	106	79.93	33	97	146	113	120.61	110	62	16	81																																																																																																																																																																																														
3	32.02	55	25	11	127	104.12	45	91	148	56	39.9	140	94	106.6	118	93	48	56	121.92	119	132	100	138	30.52	10	48	149.42	11	76	38	117	75.75	43	41	16	125	50.58	42	33	26.17	103	40	102	85	148.63	136	81	45	23																																																																																																																																																																																														
48	24.78	8	4	147	34	57.44	80	68	8	16	93.58	17	49	49.42	96	120	99	31	36.4	91	144	48	149	88.79	125	23	41.38	73	54	55	119	48.23	20	74	57	147	75.29	29	92	57.08	3	50	43	84	84.57	133	129	65	71																																																																																																																																																																																														
146	89.71	134	63	2	20	47.06	32	98	96	144	96.33	117	112	57.94	38	114	67	117	84	141	34	11	4	92.72	74	59	87.73	16	120	110	49	16.91	88	109	123	144	129.71	75	141	26.06	65	86	38	116	61.67	89	48	113	42																																																																																																																																																																																														
147	124.56	132	73	103	76	79.2	1	9	52	42	116.96	84	71	134.08	137	44	37	45	110.02	71	38	56	118	13.51	17	9	110.99	42	112	2	5	108.16	22	107	94	47	94.72	23	136	76.08	128	5	76	13	5.96	49	57	132	31																																																																																																																																																																																														
102	39.45	91	88	60	139	3.9	121	145	145	54	131.7	137	48	41.29	41	100	145	77	33.21	92	35	86	91	48.41	146	32	41.74	100	94	20	137	42.06	145	95	66	140	138.77	149	44	39.8	98	6	7	83	47.77	108	103	123	149																																																																																																																																																																																														
54	36.91	98	51	6	90	20.5	42	53	46	148	92.64	54	75	107.01	1	129	15	60	52.05	104	143	98	94	7.81	35	106	88.28	144	67	40	98	144.33	137	148	133	125	57.04	24	66	117.68	10	124	28	123	145.76	60	4	4	109																																																																																																																																																																																														
96	34.55	134	73	137	132	118.46	66	127	136	99	18.87	106	118	124.61	30	144	24	94	24.29	147	12	83	5	94.27	138	84	72.91	45	81	115	149	116.02	83	113	35	124	140.51	45	148	22.79	36	93	115	6	75.17	110	144	22	47																																																																																																																																																																																														
111	110.91	125	2	139	120	62.04	78	55	52	135	90.41	67	76	33.03	130	96	86	29	88.62	147	127	124	135	74.2	67	80	24.89	131	80	44	136	24.82	110	102	16	76	31.42	145	116	106.41	106	81	11	72	47.26	95	99	86	50																																																																																																																																																																																														
141	15.68	41	85	142	42	3.99	116	83	98	133	131.57	123	137	95.85	17	63	88	93	106.9	11	125	38	76	76.89	24	98	54.71	59	124	84	69	59.31	122	114	73	74	88.72	93	5	74.64	123	9	126	59	140.46	147	131	106	25																																																																																																																																																																																														
118	139.84	134	96	130	86	9.8	13	49	44	66	29.8	140	94	109.75	45	36	92	96	149.53	53	126	94	6	52.15	66	103	16.92	78	45	120	75	123.55	5	60	17	14	145.36	47	45	80.32	38	145	35	104	6.32	94	29	67	140																																																																																																																																																																																														
143	97.67	52	124	113	47	86.53	115	70	58	18	84.55	97	92	85.32	59	142	30	110	123.09	107	1	23	117	36.93	67	20	66.63	31	33	43	1	73.6	93	146	14	60	111.47	99	107	54.01	147	13	75	94	35.04	42	30	31	71																																																																																																																																																																																														
102	57.32	37	130	19	26	144.65	23	40	14	71	132.81	99	3	39.6	131	133	118	21	77.81	107	27	69	14	98.73	36	58	108.87	88	132	84	119	76.42	93	144	80	135	61.31	114	29	85.26	88	30	34	50	64.74	102	102	60	15																																																																																																																																																																																														
55	2.27	109	112	111	138	148.89	144	34	91	125	84.63	72	37	93.58	116	33	51	77	67.07	124	133	149	81	67.99	37	108	36.38	5	11	96	37	100.24	93	92	112	14	60.65	76	69	14.81	137	15	79	19	6.26	97	35	35	136																																																																																																																																																																																														
70	96.3	3	134	62	10	82.68	123	75	41	36	47.02	125	11	93.17	40	49	60	104	126.71	33	134	107	56	131.16	1	84	26.87	106	146	125	86	25.03	96	29	46	145	110.19	62	98	9.67	14	64	117	133	6.69	146	57	124	91																																																																																																																																																																																														
20	66.01	139	88	82	139	52.64	10	49	123	40	73.99	131	83	125.95	21	56	64	75	2.88	80	146	50	13	140.83	103	61	64.19	109	113	30	62	123.47	137	126	56	60	10.02	56	105	145.15	96	53	65	103	9.8	35	132	33	73																																																																																																																																																																																														
79	43.12	98	80	119	105	82.28	131	7	127	4	53.12	7	70	13.98	9	106	111	142	14.26	31	34	71	21	120.84	34	111	136.07	141	109	71	98	21.46	71	129	95	116	75.27	76	124	133.41	14	81	48	61	33.96	53	126	38	135																																																																																																																																																																																														
29	5.2	29	55	2	80	31.82	55	108	87	17	63.57	98	52	18.27	22	35	110	45	20.8	134	1	41	122	115	58	48	18.75	80	77	45	75	93.82	128	102	41	113	103.96	38	8	138.21	82	92	115	129	41.42	120	87	95	85																																																																																																																																																																																														
124	12.87	147	117	31	38	11.72	22	42	15	62	100.86	25	120	58.6	55	71	79	56	99.96	138	141	43	1	92.95	15	8	84.85	118	11	127	5	112.91	65	96	50	20	91.63	22	41	84.98	134	6	30	109	92.13	75	39	10	39																																																																																																																																																																																														
90	74.04	99	107	35	80	65.02	148	121	68	105	143.42	16	41	71.83	71	119	72	16	1.78	22	109	52	106	22.91	46	88	144.42	12	130	86	7	27.65	17	98	137	103	81.89	14	47	15.56	143	6	61	144	137.56	91	56	78	34																																																																																																																																																																																														
147	88.63	118	37	96	93	109.61	23	40	6	109	55.57	5	46	103.26	11	60	118	16	97.07	121	123	6	31	129.25	27	10	6.06	47	70	131	31	11.18	41	11	46	14	2.31	119	2	81.26	117	10	69	27	119.49	37	90	92	2																																																																																																																																																																																														
149	44.38	34	128	50	84	30.4	106	101	35	78	29.16	38	4	127.75	99	66	43	108	140.18	150	98	93	41	101.5	12	19	113.63	12	116	4	67	19.46	89	3	148	54	83.12	30	3	92.4	6	133	84	21	14.3	109	23	4	37																																																																																																																																																																																														
147	16.25	58	29	10	126	44.99	95	58	145	53	88.2	139	108	39.88	57	84	44	111	26.36	142	51	137	104	134.44	3	111	149.48	27	26	99	122	60.75	43	12	81	39	71.33	88	9	75.81	137	5	94	58	38.82	54	67	58	122																																																																																																																																																																																														
27	141.19	79	135	37	145	67.37	127	3	114	134	78.79	145	147	145.96	123	10	56	115	126.01	13	113	106	145	64.72	7	13	75.3	69	148	67	3	99.3	110	84	32	84	47.89	50	145	32.89	108	136	64	105	49.5	1	67	89	88																																																																																																																																																																																														
43	126.08	10	42	80	130	87.65	67	89	77	46	17.46	36	144	25.78	116	6	85	110	146.17	77	126	119	144	82.07	127	111	86.16	13	133	44	103	52.34	134	147	100	42	122.4	126	50	125.06	28	136	135	135	64.56	129	129	50	93																																																																																																																																																																																														
146	33.23	81	13	122	136	103.07	100	24	36	60	63.1	107	66	138.93	141	97	97	131	60.9	148	86	19	61	92.04	26	62	55.19	33	79	27	4	53.69	44	86	27	93	16.69	147	21	13.07	133	142	18	114	109.08	79	111	52	27																																																																																																																																																																																														
130	26.22	66	60	25	139	115.12	43	115	148	148	66.81	131	148	111.85	61	96	142	33	117.73	54	102	61	10	4.3	47	61	62.63	26	148	101	139	23.18	116	53	107	22	68.4	44	136	139.66	97	16	113	71	115.41	17	50	70	118																																																																																																																																																																																														
88	48.43	132	132	93	14	114.86	91	44	36	59	70.43	42	28	85.29	130	135	106	141	91	90	78	81	42	145.81	75	120	105.2	28	69	74	145	1.73	139	5	68	61	40.07	80	58	6.22	83	117	18	120	29.88	82	21	39	88																																																																																																																																																																																														
140	72.93	89	69	48	16	134.36	62	125	27	25	94.11	27	10	40.24	102	142	81	36	52.2	35	133	131	104	49.96	87	2	117.14	63	110	90	139	64.52	147	7	147	149	13.9	91	91	130.07	88	4	42	121	45.53	15	116	26	13																																																																																																																																																																																														
86	50.54	37	137	132	12	94.18	53	129	12	61	67.41	131	110	39.05	82	18	71	8	66.32	102	143	56	42	55.3	117	114	89.09	1	2	42	58	105.25	42	135	74	121	12.13	99	30	133.93	20	57	43	129	88.47	55	62	21	124																																																																																																																																																																																														
19	57.15	14	11	91	65	147.11	135	60	142	70	17.83	111	70	52.46	19	97	56	62	149.39	92	139	144	125	13.07	84	133	43.05	117	25	62	113	129.29	130	135	146	99	102.69	21	116	148.39	61	138	131	134	91.61	10	65	73	115																																																																																																																																																																																														
133	126.08	93	41	103	102	145.93	108	30	91	102	81.22	8	90	14.89	72	36	83	112	118.92	16	41	69	108	134.91	26	149	32.12	2	117	117	65	132.65	98	37	60	8	145.72	91	101	35.56	150	141	99	14	60.36	87	95	142	122																																																																																																																																																																																														
26	73.24	133	119	49	27	96.6	2	99	123	72	57.09	83	41	31.47	90	119	124	28	47.71	81	135	14	25	79.76	100	125	15.33	20	68	26	23	130.05	7	84	76	29	94.27	28	98	123.91	146	147	34	22	56.98	114	114	104	65																																																																																																																																																																																														
1	22.72	53	82	98	69	10.75	108	111	38	3	81.65	69	141	9.55	96	85	34	145	120.73	125	45	59	111	43.25	149	126	84.53	70	79	115	69	15.75	54	81	77	150	73.36	43	85	41.66	129	69	52	55	50.29	59	143	107	71																																																																																																																																																																																														
32	139.72	46	21	50	110	98.27	10	50	26	73	68.96	81	82	30.06	78	133	62	37	80.1	10	8	20	122	91.75	22	15	13.48	139	93	44	31	110	32	17	125	92	91.58	89	15	121.52	50	3	102	128	55.07	12	56	61	72																																																																																																																																																																																														
76	82.49	79	112	148	107	98.71	69	76	52	89	145	47	68	39.15	4	22	60	127	8.61	148	127	14	77	77.55	74	27	111.26	137	77	55	79	142.97	142	136	56	68	17.08	134	47	123.15	61	85	71	92	41.81	87	29	119	115																																																																																																																																																																																														
63	124.94	116	24	13	146	104.7	32	71	121	44	44.63	25	10	74.1	20	147	74	82	36.41	125	64	73	68	80.13	100	110	43.92	137	103	42	6	84.02	88	110	19	52	127.93	138	70	141.73	106	106	116	21	2.83	24	128	2	80																																																																																																																																																																																														
34	102.84	116	126	64	60	35.03	61	16	143	121	15.42	19	54	102.42	103	31	85	103	36.64	96	41	141	33	70.75	33	131	17.21	111	81	80	150	37.09	97	28	47	68	72.7	130	122	19.99	130	82	23	28	105.52	98	89	25	3																																																																																																																																																																																														
139	133.42	124	65	80	67	39.35	143	8	127	136	54.91	131	79	37.05	33	23	110	9	34.87	119	33	133	109	104.44	91	112	87.04	42	131	150	33	139.12	55	31	58	78	114.62	3	24	14.8	144	51	4	142	27.37	77	92	21	8																																																																																																																																																																																														
147	80.53	78	135	27	35	62.13	11	90	24	92	114.79	140	39	115.19	44	19	6	87	136.32	83	129	39	22	145.25	112	10	100.19	148	114	72	108	33.04	79	83	101	110	86.62	23	67	35.63	134	64	34	20	146.06	88	71	119	83																																																																																																																																																																																														
5	34.06	136	16	17	105	102.34	64	22	13	92	133.36	47	6	140.84	141	61	147	121	37.71	65	42	75	14	108.76	132	116	50.93	81	145	144	88	106.8	74	138	67	79	102.46	89	129	4.34	113	47	113	57	82.64	3	127	103	32																																																																																																																																																																																														
103	114.54	130	135	35	130	111.65	6	13	116	35	89.25	9	99	36.98	28	27	148	23	104.82	46	96	114	50	42.12	75	36	114.88	4	64	121	3	84.51	37	76	43	78	22.52	110	48	107.42	70	58	41	145	23.81	134	140	112	143																																																																																																																																																																																														
62	132.16	19	89	84	88	92.84	19	4	140	141	17.56	95	13	149.66	52	52	63	48	26.1	133	30	113	78	84.12	1	105	138.84	147	97	77	34	67.11	39	110	4	78	136.69	79	56	53.24	50	38	119	60	128.33	104	60	4	122																																																																																																																																																																																														
30	34.74	89	26	55	127	63.04	118	50	40	127	131.49	144	33	86.52	150	113	70	105	5.43	44	60	7	86	52.03	68	65	84.91	145	140	81	104	43.63	136	14	14	18	85.9	80	90	61.11	33	143	65	144	72.81	12	138	67	31																																																																																																																																																																																														
141	9.05	30	32	74	48	138.02	4	148	112	61	67.06	149	25	71.26	28	10	133	75	137.87	5	99	123	52	5.65	7	12	15.39	28	66	94	23	20.23	34	113	104	138	133.57	131	131	68.21	132	63	91	149	33.83	139	86	137	26																																																																																																																																																																																														
51	26.67	36	115	125	57	72.28	134	73	121	77	108.58	84	42	136.05	63	80	39	127	18.65	20	93	104	58	26.01	99	70	81.46	30	83	88	82	107.58	140	98	4	149	2.63	22	74	120.98	58	44	46	50	133.39	66	92	117	73																																																																																																																																																																																														
55	98.99	12	26	148	133	60.63	134	108	61	46	34.77	77	96	44.58	118	8	18	101	5.09	132	71	115	61	41.74	65	62	66.13	59	107	12	103	35.04	16	144	66	23	89.78	7	63	121.59	121	86	112	133	28.5	118	104	147	71																																																																																																																																																																																														
6	28.93	7	70	129	148	51.91	58	105	12	128	120.23	104	10	136.29	65	68	126	72	108.28	130	95	68	83	13.3	70	32	15.07	2	43	78	30	86.77	51	71	98	96	40.46	24	54	117.55	75	8	110	4	149.79	134	106	45	125																																																																																																																																																																																														
62	13.44	23	12	57	138	51.53	127	133	143	136	30.89	33	49	139.28	136	91	8	75	116.76	63	126	81	128	119.18	92	149	135.43	43	71	2	85	10.5	89	51	21	75	130.77	40	108	43.46	7	146	72	94	41.52	143	59	143	23																																																																																																																																																																																														
40	108.72	103	16	106	148	149.3	121	138	6	33	140.09	39	126	59.82	66	66	2	111	123.66	135	47	101	35	32.82	107	118	99.73	44	7	27	97	9.09	71	137	1	46	98.32	42	102	59.99	59	74	100	55	20.55	40	144	63	73																																																																																																																																																																																														
4	85.3	79	125	54	3	50.15	110	8	44	21	57.16	120	131	103.74	137	117	46	49	102.92	122	57	21	88	108.16	94	72	124.7	57	34	107	78	89.1	105	61	2	93	131.18	46	88	57.82	144	32	35	30	149.57	80	147	34	149																																																																																																																																																																																														
95	127.39	106	51	84	93	44.28	96	13	116	48	149.5	46	124	87.24	31	133	59	135	75.28	135	63	88	29	43.65	120	27	116.64	71	7	147	83	40.88	128	33	34	114	98.09	50	70	133.92	138	23	69	28	5.22	140	49	106	33																																																																																																																																																																																														
46	105.71	51	12	8	78	84.69	33	149	68	13	32.45	49	117	140.61	100	149	91	122	25.62	110	39	49	11	71.44	31	96	133.43	61	124	101	42	113.02	86	85	29	3	145.57	94	104	54.55	127	16	22	66	111.92	3	93	14	71																																																																																																																																																																																														
127	32.25	128	64	119	75	29.85	97	64	144	111	146.86	36	24	63.49	7	147	22	23	27.49	84	136	141	121	53.52	19	29	63.11	119	82	23	95	7.64	87	94	127	111	130.82	48	119	21.07	24	105	31	9	48.18	32	87	103	104																																																																																																																																																																																														
35	10.05	120	105	64	115	146.47	113	135	30	131	123.69	63	22	16.58	48	60	91	75	34.06	108	113	12	146	135.79	46	31	125.09	36	30	53	35	20.05	3	124	37	106	55.16	135	13	47.35	58	134	6	89	60.31	39	88	15	76																																																																																																																																																																																														
26	144.2	134	124	94	119	130.65	67	144	73	144	114.56	63	144	51.84	36	75	126	4	9.21	131	136	142	6	119.52	90	49	52.9	8	112	110	41	97	113	30	86	130	90.62	40	60	103.78	143	5	135	14	104.91	9	111	38	147																																																																																																																																																																																														
47	114.78	88	138	92	142	125.38	30	111	51	68	44.66	14	119	50.58	114	116	11	54	129.11	107	114	94	78	81.57	7	4	114.55	20	130	26	40	119.15	84	50	39	150	39.46	50	20	148.41	65	9	85	20	108.61	15	132	45	120																																																																																																																																																																																														
6	141.16	42	147	46	126	115.79	105	27	128	139	127.19	114	130	74.88	101	16	120	8	133.53	25	22	72	93	110.34	85	33	20.49	42	48	103	42	65.16	136	94	87	89	88.87	37	11	137.79	136	52	149	9	24.86	137	75	5	119																																																																																																																																																																																														
77	4.41	55	64	94	49	27.54	104	89	136	36	9.7	42	40	94.77	141	56	25	117	87.3	144	42	62	19	24.97	137	13	110.61	80	64	4	86	137.3	2	96	82	87	61.12	73	30	65.12	142	112	22	107	65.3	40	90	104	48																																																																																																																																																																																														
41	11.86	95	39	27	150	110.35	125	136	96	132	103.18	123	27	82.23	134	58	124	13	98.04	39	53	33	108	11.21	3	36	109.92	139	149	135	62	19.51	136	30	123	16	34.03	16	136	97.04	50	45	19	112	48.23	134	64	8	29																																																																																																																																																																																														
10	121.57	60	11	15	50	54.89	72	134	109	119	141.07	80	112	93	14	44	89	40	7.62	70	30	149	1	2.95	130	83	86.01	67	133	77	93	103.79	131	5	149	118	45.79	95	16	85.62	29	19	34	121	139.91	129	59	46	107																																																																																																																																																																																														
35	138.74	58	27	91	44	124.51	142	116	53	31	14.81	140	25	149.12	93	53	94	129	28.41	74	74	45	100	88.06	111	77	53.56	131	110	25	97	92.29	73	46	85	59	5.97	119	68	135.89	37	96	26	147	102.2	115	17	148	67																																																																																																																																																																																														
140	70.26	104	95	76	67	93.82	106	30	7	121	90.46	20	83	34.29	94	7	62	30	18.03	33	32	92	32	141.77	92	36	3.31	96	62	113	14	15.11	60	52	61	127	68.46	45	6	111.33	72	18	128	99	108.51	40	116	4	102																																																																																																																																																																																														
35	46.27	149	19	105	25	12.93	58	44	96	101	128.22	34	35	36.87	12	120	97	1	119.92	63	42	65	100	99.24	132	104	45	146	126	100	7	144.33	30	84	52	150	134.7	133	126	69.03	35	23	24	32	5.9	145	102	74	60																																																																																																																																																																																														
63	122.38	51	135	108	148	64.54	138	59	90	102	20.75	3	121	76.88	107	24	36	74	48.11	78	115	122	25	107.82	117	149	147.8	102	70	31	45	138.41	103	82	118	102	40.76	9	64	96.99	114	66	8	104	134.42	91	14	71	24																																																																																																																																																																																														
107	111.19	128	60	132	21	137.34	60	146	113	148	70.02	53	11	121.03	103	41	115	127	26.25	148	142	53	111	89.51	117	1	115.26	49	124	99	134	105.67	54	62	6	22	43.3	122	14	141.21	124	68	53	67	34.07	84	109	3	45																																																																																																																																																																																														
31	16.63	91	37	127	38	84.86	41	81	84	41	143.69	65	68	130.44	123	75	36	84	118.12	6	42	49	88	53.99	144	100	24.71	96	119	106	98	19.27	21	17	74	88	39.03	36	120	39.74	139	43	22	145	12.04	1	34	40	141																																																																																																																																																																																														
119	93.1	143	89	87	106	43.66	134	117	82	24	51.52	23	110	88.58	75	125	73	144	99.16	28	29	45	31	19.22	123	51	56.83	105	144	90	116	38.91	45	21	20	138	101.65	31	50	14.37	16	123	27	48	39.71	139	81	34	34																																																																																																																																																																																														
11	5.35	92	56	133	138	43.44	124	55	136	45	96.15	29	83	121.59	52	47	112	34	3.17	92	5	83	5	9.24	12	9	12.74	68	90	78	39	142.64	92	68	111	74	123.88	133	134	84.48	137	136	76	81	126.58	73	83	24	132																																																																																																																																																																																														
31	83.42	116	18	88	63	107.17	4	68	145	89	35.81	121	28	31.89	70	44	18	104	77.1	35	46	30	110	14.71	72	70	132.3	56	79	29	39	110.28	49	63	18	135	95.37	63	121	123.35	148	112	131	59	131.82	127	58	85	53																																																																																																																																																																																														
5	23.54	2	19	116	118	60.71	53	90	17	76	51.83	125	49	90.68	92	120	70	132	82.96	1	3	22	25	79.25	6	115	88.61	115	128	13	38	70.31	19	74	51	11	116.72	64	100	55.26	20	12	145	68	7.33	109	87	80	65																																																																																																																																																																																														
12	130.38	147	70	101	28	25.35	120	110	42	70	70.1	61	126	145.86	148	55	101	91	142.89	136	92	44	145	80.93	104	95	106.54	82	33	134	44	143.77	97	125	133	69	104.02	121	28	130.66	52	11	65	46	130.71	34	54	87	120																																																																																																																																																																																														
35	69.72	20	25	20	110	98.61	142	83	51	95	60	143	71	19.49	65	108	117	52	104.24	82	131	23	101	95.39	118	13	137.26	87	150	12	86	23.36	14	6	59	120	148	149	18	50.83	13	62	81	2	3.08	87	5	41	108																																																																																																																																																																																														
87	56.73	119	103	144	66	122.24	69	32	110	50	94.22	39	94	136.54	80	127	94	12	108.57	128	125	105	122	65.56	31	36	19.95	29	36	25	149	130.28	45	69	100	122	93.99	117	38	54.93	70	73	13	101	2.31	15	106	100	135																																																																																																																																																																																														
19	51.09	75	62	102	139	25.29	52	141	46	135	61.4	79	122	115.02	39	121	12	24	70.35	34	2	144	9	33.8	8	110	143.46	137	86	96	13	21.97	45	52	81	108	124.69	22	81	47.9	105	64	130	86	69.93	100	27	9	129																																																																																																																																																																																														
12	22.03	49	108	24	57	40.31	63	61	108	42	64.05	25	98	52.94	29	139	120	21	71.47	99	23	69	15	141.82	2	112	41.63	92	141	59	27	145.63	148	40	99	4	21.87	27	108	97.65	63	15	48	30	127.68	12	146	130	74																																																																																																																																																																																														
78	98.41	112	47	86	142	80.97	55	59	57	131	62.29	91	108	148.72	84	125	12	45	148.78	108	8	78	25	57.46	43	41	36.65	99	144	27	84	121.84	126	17	52	46	91.23	83	95	97.66	41	110	139	71	42.95	3	56	4	149																																																																																																																																																																																														
135	72.77	23	10	42	12	88.47	21	134	73	26	112.23	41	103	28.86	25	57	144	85	6.87	109	84	90	101	101.05	1	129	128.37	88	57	81	11	30.69	64	106	14	50	143.26	70	47	58.06	106	136	5	62	2.98	24	72	44	25																																																																																																																																																																																														
7	93.38	120	90	120	137	66.78	17	91	8	16	27.27	104	99	39.58	2	56	131	93	45.75	55	69	72	72	20.31	119	59	72.39	148	116	42	62	35.3	32	113	81	119	39.63	28	92	103.81	19	6	146	50	35.94	128	147	85	84																																																																																																																																																																																														
10	136.48	108	88	90	91	148.48	66	81	94	12	69.74	26	148	79.92	59	78	100	114	17.4	105	61	28	30	46.93	147	13	91.57	72	8	78	47	50.23	143	20	129	37	96.4	35	112	76.5	138	10	17	136	57.03	5	56	91	80																																																																																																																																																																																														
127	104.61	107	36	149	37	33.97	33	128	50	132	117.21	59	107	72.6	75	36	68	58	27.01	87	107	53	124	63.81	78	27	88.36	101	66	17	67	38.39	59	141	81	29	78.21	67	136	114.13	10	116	49	40	94.31	14	58	131	57																																																																																																																																																																																														
139	48.13	105	53	52	116	61.6	77	45	146	29	55.97	140	43	142.73	38	142	90	145	48.41	62	112	137	75	136.79	100	58	137.83	120	26	21	95	50.04	25	139	64	105	141.94	61	94	66.95	65	77	72	82	129.14	20	100	87	78																																																																																																																																																																																														
102	103.77	5	51	36	36	34.94	26	40	1	47	71.47	93	55	52.14	81	146	25	4	117.1	101	124	141	87	92.2	58	18	93.13	97	64	129	128	143.37	136	120	43	147	80.85	93	18	22.12	46	62	1	11	109.04	91	32	20	8																																																																																																																																																																																														
17	101.43	139	66	78	146	122.01	65	45	1	120	100.65	19	103	121.85	134	90	1	45	68.64	21	104	32	13	25.7	42	36	148.87	68	1	48	20	143.24	64	67	48	50	65.35	80	94	68.59	43	41	102	99	8.92	76	93	118	3																																																																																																																																																																																														
113	127.11	2	146	26	38	24.29	59	62	69	126	148.66	79	125	134.79	14	22	27	117	106.92	16	32	53	40	49.01	123	102	143.96	148	110	127	67	130.72	23	87	3	82	76.37	135	94	69.58	19	9	108	126	5.02	93	117	97	4																																																																																																																																																																																														
101	23.92	51	43	91	127	26.49	3	5	1	71	100.53	90	52	8.18	35	81	117	122	52.46	91	142	98	118	107.4	136	59	125.34	103	136	18	88	59.13	89	114	141	38	71.01	101	74	52.11	67	83	92	11	149.78	20	109	79	26																																																																																																																																																																																														
33	7.58	88	89	22	18	90.2	114	130	69	99	53.78	37	109	59.53	144	4	31	73	8.15	13	48	90	120	132.86	69	68	64.77	28	93	119	129	77.57	105	75	31	70	51.18	60	63	15.3	70	31	106	48	33.39	127	98	150	83																																																																																																																																																																																														
58	3.1	143	81	84	37	27.58	49	60	96	118	10.51	29	143	148.62	29	103	56	88	66.71	122	38	79	107	50.55	6	14	15.24	109	144	127	147	11.88	8	145	97	72	129.1	114	54	109.96	20	27	14	28	102.79	96	61	104	30																																																																																																																																																																																														
83	65.99	75	44	25	42	101.28	55	140	63	135	20.97	121	124	35.16	104	101	35	111	116.36	95	134	104	17	69.4	29	68	26.3	142	135	66	45	29.54	134	54	63	92	67.45	85	99	87.9	45	103	71	12	18.82	55	115	138	72																																																																																																																																																																																														
71	89.67	34	54	92	121	94.94	136	27	113	123	60.74	4	136	54.8	86	15	1	13	26.57	102	47	15	142	100.03	132	132	63.18	106	76	68	42	119.04	97	89	19	134	11.97	77	147	126.04	8	66	11	47	117.78	69	123	61	142	70	2	124	131.46	147	91	11	68	146.06	44	89	127	33	52.05	73	6	120	62	93.26	18	59	67	7	120.36	138	17	113	22	80.34	94	5	136	104	23.25	123	130	103	106	7.84	44	43	52	136	137.85	41	99	41	52	147.36	89	17	61	115	80.2	66	115	132	54	48.59	49	44	135	121	74.5	84	120	88	94	24.88	66	60	35	36	128.66	20	77	107	20	40.85	28	29	4	37	142.27	22	61	20	52	20.35	14	95	11	48	40.6	87	69	74	61	44.65	69	141	4	81	80.15	2	52	118	134	106.11	143	6	36	70	97.29	86	3	82	25	59	90	66	91	82	77.07	21	76	114	67	66.91	143	114	31	45	10.69	127	124	13	81	114.53	34	31	113	16	35.41	22	133	21	37	42.44	10	38	103	113	74.72	110	127	111	32	128.22	103	115	88	1	62.87	71	16	111	92	112.29	106	95	106	82	145.8	107	145	137	75	35.07	28	52	61	32	24.61	126	92	45	35	141.71	1
