50 240
142	62.17	113	53	116	56	105.76	56	142	75	58	87.76	104	39	22.02	58	58	144	141	134.14	38	90	65	8	11.04	117	27	120.12	130	6	128	12	80.88	104	67	27	34	98.88	129	49	15.23	139	110	133	150	113.04	24	58	48	95																																																																																																																																																																																														
33	71.49	131	123	140	90	94.14	102	15	69	118	71.64	97	72	6.65	139	39	111	60	90.38	12	13	83	27	75.45	1	118	48.63	102	4	6	45	101.74	112	121	108	54	77.8	91	70	54.25	68	126	20	31	8.03	118	82	95	22																																																																																																																																																																																														
1	120.9	65	101	137	47	21.2	141	138	95	49	111.17	146	90	118.54	5	72	11	91	107.7	67	51	70	54	123.12	16	97	84.81	133	102	97	98	136.63	73	58	71	131	83.44	44	141	133.38	25	138	83	146	11.24	32	114	62	99																																																																																																																																																																																														
29	46.01	85	87	35	82	77	77	139	89	55	7.79	118	119	64.84	69	106	44	142	24.21	12	89	57	116	70.39	11	11	33.91	148	11	143	69	1.74	142	141	103	9	73.02	85	116	77.79	122	103	109	87	2	29	74	135	29																																																																																																																																																																																														
148	37.55	41	39	86	55	63.19	138	130	21	92	5.88	51	27	70.65	16	12	9	138	9.38	5	20	126	45	28.49	82	24	137.6	92	135	62	72	82.5	88	116	25	17	147.55	36	130	80.5	39	34	133	122	24.83	141	62	117	143																																																																																																																																																																																														
126	95.85	133	99	95	126	27.64	29	63	19	16	46.76	15	11	13.41	52	103	4	124	29.71	138	26	57	111	130.09	107	28	107.79	87	121	123	31	63.91	105	137	113	5	2.28	80	100	140.36	120	62	16	106	67.19	83	32	74	92																																																																																																																																																																																														
74	81.63	114	94	115	97	100.05	109	109	54	63	56.11	17	115	62.52	11	46	79	48	148.32	129	66	67	98	144.27	68	145	83.8	46	148	16	87	40.09	45	23	81	3	80.41	49	14	134.51	106	9	145	29	147.25	65	76	136	87																																																																																																																																																																																														
71	80.39	42	25	21	99	100.84	80	50	46	123	148.22	149	69	59.76	53	74	15	3	10.19	48	16	140	149	103.95	94	110	117.86	148	60	56	15	57.58	48	114	137	13	53.53	49	38	84.01	100	33	114	91	6.54	106	128	141	136																																																																																																																																																																																														
57	148.23	77	87	39	4	63.89	4	133	52	97	132.96	91	134	143.51	125	38	74	148	34.17	141	113	96	2	39.55	111	141	49.64	63	42	70	39	26.29	45	88	141	57	77.89	3	62	14.05	115	36	77	24	105.25	17	86	20	45																																																																																																																																																																																														
123	7.84	91	150	27	13	76.78	79	8	38	130	82.72	147	106	83.77	22	50	139	22	18.53	15	102	67	35	12.81	75	94	84.63	115	103	95	111	16.1	138	68	135	107	136.87	23	111	70.91	5	1	90	98	57.89	132	8	51	13																																																																																																																																																																																														
50	7.22	14	11	41	101	106.84	10	46	20	8	54.58	85	49	71.33	123	81	69	27	72.13	128	95	21	2	69.97	111	70	14.48	136	48	64	26	89.75	55	121	7	1	51.73	33	90	8.67	54	27	125	101	121.65	150	107	105	49																																																																																																																																																																																														
129	113.27	125	84	29	78	71.51	12	139	91	94	43.81	141	69	68.84	27	136	24	90	119.67	145	17	37	33	103.13	106	143	45.51	129	124	21	110	50.33	90	88	35	131	105.26	39	100	84.37	55	23	150	106	16.05	135	126	28	53																																																																																																																																																																																														
104	47	67	130	6	108	138.99	54	135	46	109	130.39	96	34	105.01	82	130	17	18	42.17	55	33	130	39	61.89	128	7	8.38	130	93	127	74	42.37	87	64	97	144	123.64	39	29	148.39	133	10	107	117	116.89	131	47	107	14																																																																																																																																																																																														
42	69.84	35	43	13	106	86.54	51	98	34	102	120.72	97	115	29.6	82	19	56	143	34.01	53	27	50	69	61.65	102	7	96.38	23	113	79	97	95.46	46	85	73	128	102.01	122	57	93.65	85	1	116	96	95.8	149	62	19	79																																																																																																																																																																																														
68	65.84	1	28	102	87	88.07	150	121	48	108	140.82	126	142	25.61	117	38	121	147	66.93	49	3	2	79	70.09	38	2	79.97	60	20	4	62	115.4	75	16	50	55	75.41	126	149	3.69	96	35	142	28	123.65	30	117	97	54																																																																																																																																																																																														
22	141.06	139	149	39	97	43.88	45	113	119	109	147.17	5	130	2.67	7	130	26	128	139.84	45	61	24	75	44.23	3	129	134.49	24	1	81	80	116.72	104	6	5	100	13.6	8	27	54.76	114	42	72	69	32.22	62	78	111	149																																																																																																																																																																																														
88	42.2	62	107	54	40	140.57	43	18	45	57	25.2	38	90	42.51	146	122	9	67	125.34	29	106	52	88	92.21	18	85	60.76	128	89	60	146	25.29	84	30	108	17	93.09	35	51	42.37	143	77	66	85	31.88	27	112	41	29																																																																																																																																																																																														
118	29.84	54	106	125	12	30.95	54	121	147	35	34.29	38	19	112.3	121	7	123	77	125.34	72	108	129	70	62.8	85	106	120.33	77	81	107	82	112.89	27	118	61	29	32.11	6	138	135.29	65	56	85	48	134.84	89	102	90	13																																																																																																																																																																																														
109	84.98	85	29	3	114	106.56	58	101	66	49	104.71	66	8	17.8	126	49	108	9	139.85	129	130	58	42	64.5	148	89	127.96	138	66	147	34	94.3	70	88	52	5	17.51	60	43	40.99	28	43	77	102	89.89	136	124	113	86																																																																																																																																																																																														
107	43.59	51	31	125	49	43.11	58	90	97	34	119.69	119	84	25.77	79	93	20	24	33.99	111	105	56	129	48.86	148	105	29.67	46	132	124	30	80.46	120	96	97	119	134.69	142	121	112.64	128	134	31	91	37.58	128	91	33	67																																																																																																																																																																																														
12	50.24	111	144	18	102	67.67	143	121	121	71	123.17	13	128	81.79	135	58	58	118	98	126	96	54	16	9.24	60	54	74.61	48	65	3	46	59.98	41	125	11	88	42.15	17	115	123.4	69	127	122	44	104.84	35	69	28	14																																																																																																																																																																																														
48	85.25	20	29	70	21	119.78	29	116	141	147	92.66	78	112	90.24	50	40	125	29	20.6	118	113	149	61	45.52	108	111	126.14	62	65	1	39	36.58	30	139	98	146	70.45	122	58	75.02	118	50	136	78	74.73	121	9	91	121																																																																																																																																																																																														
39	149.91	110	74	113	100	56.24	22	16	42	147	109.01	70	58	12.34	104	128	147	21	129.06	58	105	74	91	63.38	3	112	131.9	81	79	8	49	103.44	21	121	8	95	33.36	83	41	51.03	109	20	125	124	77.7	13	74	34	58																																																																																																																																																																																														
107	142.27	131	52	139	3	135.28	67	145	92	32	43.82	36	65	101.58	141	98	65	146	43.16	137	43	150	103	17.96	31	134	72.54	107	74	21	39	110.95	39	60	49	79	145.98	57	6	131.2	30	85	138	113	112.3	22	134	112	118																																																																																																																																																																																														
93	1.68	147	85	64	44	88.12	3	67	127	50	64.99	110	15	133.8	76	97	12	37	34.09	146	35	66	33	9.51	56	69	65.19	119	119	103	109	69.44	80	112	124	115	102.81	75	20	102.66	93	46	19	38	130.69	59	70	68	140																																																																																																																																																																																														
110	101.69	101	19	51	6	4.73	114	93	35	128	77.21	145	15	113.13	122	52	144	78	32.46	44	129	125	109	25	121	90	51.3	76	108	126	42	57.47	38	23	12	99	10.61	113	112	81.48	146	70	43	28	1.91	73	36	36	131																																																																																																																																																																																														
73	113.57	108	50	13	19	69.89	33	67	8	56	78.52	119	52	85.14	57	84	31	78	99.54	23	85	118	80	44.65	84	57	89.45	80	27	36	33	65.64	85	149	83	28	66.08	14	141	35.63	107	96	25	83	72.28	61	125	93	89																																																																																																																																																																																														
120	75.67	97	10	71	123	67.56	53	9	136	88	147.35	120	79	122.26	51	133	146	81	74.19	71	140	4	82	111.95	108	63	53.51	3	124	13	39	112.53	13	20	142	126	83.6	26	81	60.56	22	22	74	89	26.18	125	37	98	124																																																																																																																																																																																														
94	137.77	57	5	99	111	38.09	16	71	98	134	90.5	28	54	91.95	55	111	14	43	41.74	142	142	104	66	8.28	100	66	144.57	105	34	8	2	59.81	99	92	71	118	124.31	53	74	89.69	18	79	118	134	133.09	40	36	88	101																																																																																																																																																																																														
14	116.79	37	124	61	36	77.12	70	70	36	10	100.27	139	71	45.34	17	141	15	84	92.3	38	31	35	19	52.54	4	120	3.06	100	72	108	115	149.68	117	146	16	121	13.59	146	91	113.21	137	22	18	37	77.85	34	142	128	104																																																																																																																																																																																														
86	55.99	95	52	47	12	110.33	116	3	150	150	6.44	8	120	18.77	69	112	65	18	128.73	116	45	95	55	29.06	83	71	124	113	6	124	102	68.75	11	85	14	104	75.01	96	113	37.54	3	143	124	79	139.59	122	75	142	67																																																																																																																																																																																														
38	40.48	136	83	51	51	15.49	49	134	149	55	37.33	8	1	136.59	28	55	81	51	96.48	137	39	10	72	124.76	148	51	18.41	133	149	3	9	86.45	145	59	119	126	122.91	87	61	113.41	86	121	76	85	81.96	26	57	69	127																																																																																																																																																																																														
10	58.32	61	71	83	72	104.41	127	147	92	126	59.63	114	19	104.21	11	73	20	16	100.23	104	20	48	141	102.35	29	149	89.21	133	67	24	42	47.65	42	34	42	91	131.5	113	54	11.23	130	116	17	38	135.35	75	115	133	96																																																																																																																																																																																														
18	22.03	134	21	51	45	40.94	4	71	7	90	39.25	58	84	111.66	13	13	83	62	58.2	104	87	66	149	44.56	101	101	120.92	93	65	31	96	76.71	127	146	25	138	5.78	9	51	109.02	46	107	115	36	67.65	134	121	119	109																																																																																																																																																																																														
12	38.03	33	93	39	52	43.62	112	87	85	8	93.61	50	127	51.54	89	127	112	112	134.13	129	117	87	114	94.91	97	7	133.95	104	149	134	136	87.35	142	128	112	8	12.28	147	69	91.76	97	116	57	81	77.74	69	51	21	95																																																																																																																																																																																														
51	99.81	71	86	82	68	30.22	150	66	131	5	108.42	55	32	29.07	100	70	131	111	30.42	37	133	72	4	50.76	71	37	130.03	20	128	98	138	42.4	12	35	14	61	4.64	140	88	85.54	134	78	16	93	103.34	27	29	18	1																																																																																																																																																																																														
24	81.24	30	44	21	6	16.3	87	58	50	28	23.27	11	120	92.48	5	3	86	49	12.23	42	129	144	62	125.46	38	34	148.72	113	6	54	31	115.87	56	1	52	81	107.08	105	113	62.81	67	127	76	129	80.2	31	14	49	19																																																																																																																																																																																														
91	36	103	148	66	81	127.3	133	101	107	29	111.61	87	67	54.01	111	62	111	8	126.97	129	87	58	92	9.49	56	47	21.74	50	93	87	137	131.16	105	119	52	38	84.16	116	5	7.33	114	17	67	64	84.96	22	68	54	10																																																																																																																																																																																														
90	48.54	51	139	118	92	39.24	124	33	1	14	109.24	74	40	36.65	36	10	52	50	3.44	11	69	98	131	81.55	137	44	133.37	27	103	130	143	2.01	134	51	52	110	5.74	40	51	52.06	90	106	24	12	43.72	7	87	91	4																																																																																																																																																																																														
83	134.93	77	25	91	128	49.85	106	136	94	111	25.96	21	77	13.79	112	62	96	29	79.16	147	6	78	104	88.88	102	87	146.18	74	114	132	101	42.55	38	34	120	140	127.83	133	88	91.92	75	76	42	136	29.2	143	33	11	61																																																																																																																																																																																														
67	136.04	119	109	120	143	46.16	66	33	80	143	132.11	96	18	19.92	75	56	27	31	70.35	14	72	55	28	126.03	94	115	6.2	82	138	84	133	88.96	51	8	40	8	115.53	20	138	140.37	130	135	62	123	41.49	121	117	121	35																																																																																																																																																																																														
3	57.66	124	27	51	33	95.9	128	113	122	10	70.01	29	106	73.98	108	19	82	127	63.17	34	17	123	45	128.41	10	52	2.85	81	59	79	5	81.21	117	44	10	144	34.15	38	99	31.43	137	98	6	64	5.08	73	121	85	22																																																																																																																																																																																														
137	42.99	36	47	46	63	52.42	76	132	95	7	62.55	102	89	109.7	6	110	11	28	16.55	28	38	99	11	70.31	81	117	86.89	39	33	114	148	142.48	146	23	67	5	50.84	130	37	47.08	10	144	61	33	144.3	115	71	139	96																																																																																																																																																																																														
74	35.54	17	28	117	76	3.5	28	80	24	90	67.51	22	96	18.01	65	25	20	18	106.94	67	35	115	138	50.64	81	85	17.56	19	144	114	38	88.87	135	74	83	38	48.73	60	9	11.45	139	16	24	135	118.29	106	38	63	104																																																																																																																																																																																														
2	34.09	133	87	43	135	67.18	65	136	118	94	91.14	142	27	3.97	56	136	104	118	111.91	67	50	53	99	8.09	89	7	49.45	130	96	15	107	85.1	144	105	132	120	103.36	118	143	99.5	76	51	60	78	81.44	93	118	5	114																																																																																																																																																																																														
1	52.93	36	91	137	130	83.56	45	144	33	18	24.76	120	23	118.96	63	116	32	102	126.39	7	129	123	27	140.98	51	109	15.82	93	63	119	38	89.48	36	144	49	145	12.78	52	14	98.94	150	132	49	34	12.71	65	18	112	82																																																																																																																																																																																														
34	119.83	75	147	25	33	108	75	44	121	113	121.66	41	52	145.76	120	14	148	37	148.4	147	138	21	77	135.08	32	69	146.12	111	78	112	52	46.29	70	93	98	9	25.62	103	32	141.63	17	122	112	111	16.12	130	57	107	87																																																																																																																																																																																														
29	86.18	13	64	35	17	50.66	52	24	82	63	140.49	79	145	125.11	121	126	102	30	119.75	40	35	142	113	76.43	51	61	65.34	6	123	149	64	13.91	82	130	135	58	93.22	77	139	97.89	26	48	35	115	45.72	140	149	108	82																																																																																																																																																																																														
19	13.52	40	134	68	109	61.96	43	22	43	113	57.73	46	2	115.32	67	8	34	59	91.62	94	141	82	76	144.92	90	124	9.97	35	21	15	53	23.03	22	65	103	14	147.99	7	6	141.15	56	54	4	44	49.28	58	94	83	143																																																																																																																																																																																														
47	7.08	87	23	122	62	122.52	9	85	148	132	118.35	30	52	25	2	43	121	29	101.22	122	148	14	66	68.53	134	102	120.46	131	115	46	84	102.52	20	13	110	86	138.72	96	38	24.17	33	97	28	53	18.42	41	115	24	97																																																																																																																																																																																														
138	77.01	6	137	122	56	80.35	44	147	65	62	77.96	42	49	38.09	104	61	42	40	18.24	102	82	131	25	23.73	3	71	133.12	102	144	19	41	53.81	80	43	71	23	36.19	44	25	31.04	30	145	18	36	6.5	59	22	40	110																																																																																																																																																																																														
96	20.76	148	106	128	83	146.99	104	31	42	106	48.21	44	102	134.37	25	86	105	124	9.4	73	118	95	43	83.37	54	36	1.87	52	67	17	6	120.04	48	142	141	129	101.26	34	124	101.83	19	33	117	138	132.55	141	81	149	2																																																																																																																																																																																														
81	66.38	86	45	122	53	10.83	105	134	141	67	88.16	61	68	5.16	73	34	112	140	47.95	15	85	27	81	49.03	95	118	132.85	25	118	84	49	115.99	15	48	44	70	113.35	90	28	108.38	75	85	6	70	30.1	99	55	28	36																																																																																																																																																																																														
119	91.65	120	93	23	132	24.83	61	9	106	127	55.29	81	112	110.44	116	34	33	133	91.92	149	132	78	32	84.91	27	45	42.79	19	56	34	34	11.75	117	107	23	14	146.45	36	132	97.27	99	107	133	75	48.45	39	50	137	75																																																																																																																																																																																														
133	129.45	3	17	146	96	114.6	90	3	142	28	33.71	62	129	125.24	40	9	32	87	85.56	112	115	12	6	74.53	111	86	80.95	41	100	130	54	29.05	43	70	100	81	117.69	91	64	118.32	147	139	129	127	40.1	135	63	40	44																																																																																																																																																																																														
26	86.26	121	70	30	36	82.17	61	150	99	140	29.48	67	28	111.87	49	28	28	124	55.57	128	44	69	20	121.14	76	96	109.32	58	23	119	115	106.2	130	42	117	128	143.1	81	59	127.27	101	104	34	145	104.47	105	55	30	89																																																																																																																																																																																														
119	8.78	61	108	45	30	147.87	107	132	111	27	137.23	118	124	62.03	53	106	61	100	54.35	89	71	53	51	45.63	3	18	5.68	68	67	108	146	148.59	93	46	129	34	30.93	138	136	117.78	47	137	33	49	147.01	60	119	21	12																																																																																																																																																																																														
69	31.04	103	77	13	52	79.81	23	68	39	45	70.53	127	25	95.48	26	11	141	85	121.49	47	66	2	113	52.57	30	43	111.18	13	67	130	119	76.96	119	18	96	19	116.72	132	146	14.27	127	74	142	60	21.63	80	22	139	65																																																																																																																																																																																														
137	107.45	10	46	86	149	23.77	106	64	94	82	43.52	114	147	73.19	14	67	62	139	55.16	47	126	150	110	118.78	2	100	32.13	21	97	67	111	28.12	90	80	74	100	67.3	73	100	25.14	24	80	38	69	8.05	69	144	143	10																																																																																																																																																																																														
96	120.84	59	16	106	40	71.22	29	56	129	37	76.2	111	129	130.49	48	98	109	26	51.51	130	123	64	137	135.59	63	26	83.94	35	47	107	33	21.57	57	73	78	118	98.22	25	115	53.88	146	121	120	109	4.97	19	32	131	91																																																																																																																																																																																														
70	130.62	107	49	70	120	18.39	12	26	66	101	144.13	108	108	89.15	106	51	114	61	51.21	100	98	53	41	51.16	125	64	58.17	19	88	135	74	5.11	39	103	2	108	25.26	139	105	26	122	36	50	110	74.46	121	102	78	104																																																																																																																																																																																														
44	54.25	30	74	97	39	36.11	127	36	81	54	91.91	106	65	126.84	100	67	43	36	93.95	10	59	101	71	88.9	51	25	98.68	51	88	103	126	15.59	38	146	123	92	141.19	48	26	29.48	54	31	92	129	12.95	78	65	99	148																																																																																																																																																																																														
54	59.67	114	83	38	120	116.4	4	73	76	56	51.35	125	101	31.36	89	149	2	104	7.78	107	97	91	74	123.15	113	91	102.32	126	13	25	34	65.2	83	127	133	98	108.43	23	97	65.47	26	22	123	149	60.35	144	112	74	23																																																																																																																																																																																														
101	121.62	118	95	130	146	131.89	110	95	128	87	88.26	149	23	16.67	118	88	150	97	83.45	45	117	35	74	12.88	138	62	46.89	43	138	136	106	65.31	77	42	117	138	42.95	67	46	91.78	35	111	92	139	113.08	13	75	96	53																																																																																																																																																																																														
148	94.46	96	2	56	53	46.76	28	85	79	41	37.13	119	66	77.53	76	96	37	26	144.23	141	18	17	87	143.13	24	147	125.12	49	88	133	125	52.81	42	128	13	19	135.55	34	130	69.95	20	36	79	115	17.18	52	84	97	110																																																																																																																																																																																														
57	135.25	135	110	99	124	43.29	148	8	83	142	144.72	6	63	106.94	28	139	118	45	43.83	123	148	122	149	66.02	10	102	132	41	104	36	34	7.73	145	77	43	86	146.69	96	29	149.97	121	137	61	119	108.98	129	64	150	126																																																																																																																																																																																														
127	39.12	28	31	104	85	85.13	25	11	134	141	68.37	143	93	125.72	29	54	93	95	14.63	22	117	119	99	71.28	94	10	132.64	64	146	48	145	59.65	102	44	10	141	30.85	111	91	67.22	96	14	15	7	24.4	62	78	39	24																																																																																																																																																																																														
140	45.78	15	102	106	5	37.26	4	36	130	98	92.9	118	89	38.5	74	96	110	34	93.09	87	125	8	120	122.63	51	67	97.75	41	87	57	35	134.62	67	96	17	146	4.77	105	48	30.52	89	90	144	12	6.32	59	115	10	120																																																																																																																																																																																														
23	13.97	93	65	107	56	128.11	12	28	83	4	89.22	32	30	131.82	31	72	125	43	45.02	33	108	88	126	95.98	94	10	43.38	64	117	18	82	88.05	7	119	86	106	123.5	133	44	21.25	52	3	93	100	113.65	112	4	136	16																																																																																																																																																																																														
110	29.17	89	65	70	60	5.51	92	127	81	55	31.64	102	120	129.01	45	150	150	35	52.77	108	24	43	46	4.75	48	63	136.92	87	111	85	17	6.14	12	38	91	9	125.68	12	12	107.45	31	21	56	145	88.16	84	23	146	73																																																																																																																																																																																														
63	103.01	42	61	60	96	105.81	127	57	136	44	138.49	20	5	8.03	35	135	145	107	71.35	27	113	135	86	97.52	62	125	149.87	95	111	137	120	62.41	114	87	130	70	28.56	118	44	129.68	20	3	17	71	106.09	12	131	84	50																																																																																																																																																																																														
117	87.05	39	140	2	125	89.43	24	145	29	52	111.8	71	17	120.75	73	121	100	108	52.05	109	39	78	75	136.28	141	82	82.36	47	70	10	105	50.49	112	22	99	128	57.38	135	16	13.96	57	47	126	74	91.67	79	1	143	135																																																																																																																																																																																														
28	76.49	116	103	44	67	95.26	29	133	130	144	2.05	30	17	134.55	132	105	58	41	62.37	70	58	23	84	109.39	134	23	75.22	71	63	137	16	45.62	8	135	3	145	54.76	76	55	139.84	116	52	144	125	143.58	53	132	105	62																																																																																																																																																																																														
133	44.33	51	53	127	128	148.66	52	40	10	11	142.3	147	139	122.86	57	43	87	134	123.26	23	10	90	117	125.81	123	93	79.75	115	94	14	91	139.83	140	92	106	72	37.17	28	136	19.19	105	144	122	140	8.39	5	71	55	7																																																																																																																																																																																														
60	135.27	146	10	50	56	57.54	116	61	12	86	31.18	56	13	96.37	120	33	135	20	43.78	107	134	81	75	149.38	53	70	123.58	45	94	95	34	26.32	136	135	90	122	111.6	134	60	48.6	20	135	147	78	29.32	10	127	110	9																																																																																																																																																																																														
115	58.24	51	66	53	72	90.39	119	52	2	2	82.28	23	80	43.91	82	138	145	3	117.24	102	32	51	83	125.89	95	58	49.01	49	123	98	139	42.95	54	93	76	111	15.23	118	107	41.76	129	6	60	109	109.71	132	21	103	68																																																																																																																																																																																														
98	102.24	71	120	116	150	85.51	102	30	47	43	55.58	124	125	110.74	42	37	27	98	31.22	84	91	137	51	25.77	128	33	103.42	22	84	82	140	35.22	114	90	136	150	138.43	30	55	104.34	79	49	69	43	85.11	42	74	14	72																																																																																																																																																																																														
134	84.01	85	17	147	116	53.68	76	76	81	114	134.68	58	25	74.02	51	34	116	85	2.68	75	21	86	57	38.3	120	104	57.05	72	81	139	50	109.24	75	44	106	91	14.3	77	64	88.72	101	11	1	57	88.86	27	132	133	95																																																																																																																																																																																														
19	71.42	140	138	56	127	99.89	74	139	119	43	81.7	45	26	143.86	129	98	103	40	125	5	99	12	52	84.11	95	58	20.84	85	31	130	5	44.11	131	37	33	97	5.3	96	57	74.77	12	28	63	89	61.06	89	84	150	16																																																																																																																																																																																														
53	52.86	105	102	2	6	2.37	118	56	67	99	68.79	62	144	27.28	23	62	62	16	123.99	72	68	34	22	112.65	117	62	44.4	76	102	35	147	50.24	136	48	109	88	71.06	141	94	130.56	130	20	96	37	101.3	4	127	31	44																																																																																																																																																																																														
43	134.84	95	99	78	65	96.53	132	20	75	46	45.85	87	41	114.53	19	123	42	103	19.16	119	145	144	17	17.25	103	27	17.47	72	138	45	82	132.07	100	51	55	13	91.71	12	68	83.64	139	146	148	102	33.55	35	12	53	141																																																																																																																																																																																														
54	121.85	92	8	134	60	60.62	130	88	125	149	22.59	127	58	29.65	12	56	102	46	51.58	77	93	26	142	10.73	117	44	99.16	54	33	131	36	87.57	9	82	76	112	117.47	104	52	120.57	106	67	94	48	27.19	86	18	46	143																																																																																																																																																																																														
44	79.88	116	28	55	120	78.5	54	100	150	148	41.3	141	54	15.97	128	25	10	114	104.03	76	140	68	12	62.98	76	101	75.88	23	27	45	129	123.84	121	69	138	98	108.92	31	96	67.65	47	28	99	146	83.24	37	91	108	47																																																																																																																																																																																														
64	10.19	127	52	66	88	101.61	31	24	120	47	118.98	112	72	3.48	35	99	138	113	25.21	60	147	28	42	121.65	129	74	87.94	42	136	22	79	30.11	75	81	21	7	30.36	34	142	70.58	8	28	140	79	112.54	100	33	67	94																																																																																																																																																																																														
7	41.08	68	46	18	94	39.36	112	87	44	122	7	114	104	67.55	17	22	99	69	92.96	96	40	61	126	37	18	21	132.29	44	138	51	111	138.54	138	75	33	77	25.1	132	63	66.2	146	103	82	73	141.25	107	139	14	3																																																																																																																																																																																														
114	48.25	64	135	1	141	26.43	129	86	26	89	72.35	34	143	13.77	149	29	81	105	15.53	134	35	61	47	60.17	121	145	55.55	70	67	124	24	41.9	2	69	110	23	21.1	11	95	69.73	103	119	142	22	122.77	98	101	64	125																																																																																																																																																																																														
61	45.88	55	102	52	33	75.84	77	80	139	24	90.9	103	69	93.04	49	3	4	28	72.91	86	100	75	93	28.72	34	80	143.13	26	144	75	140	91.89	23	120	25	69	145.26	23	71	105.86	140	33	122	108	104.11	26	132	128	126																																																																																																																																																																																														
127	81.24	89	135	51	97	61.8	7	23	116	123	43.14	70	116	83.73	26	18	104	62	100.25	102	108	146	27	92.8	119	76	130.48	81	127	45	11	9.98	72	133	70	14	50.31	20	91	93.74	108	106	81	33	148.81	40	66	41	9																																																																																																																																																																																														
77	12.41	42	55	76	140	41.73	69	2	82	129	50.79	45	122	15.93	87	129	70	147	63.17	80	20	63	37	70.04	22	91	143.93	42	126	139	50	136.78	8	73	96	23	144.49	128	137	28.36	89	20	76	122	82.82	70	39	111	15																																																																																																																																																																																														
98	57.24	95	94	80	90	65.25	18	20	11	86	119.96	34	33	114.14	99	101	95	124	65.26	16	132	118	114	79.81	27	60	58.92	28	131	71	115	102.73	82	62	21	118	110.63	57	130	30.7	48	138	112	105	113.4	79	84	141	77																																																																																																																																																																																														
1	16.37	4	146	68	123	106.01	44	93	103	47	1.06	139	138	24.06	102	80	58	107	4.41	102	100	101	54	49.65	14	78	136.76	122	62	133	9	64.87	84	98	36	141	144.56	51	31	120.93	137	84	109	25	11.79	48	145	113	73																																																																																																																																																																																														
138	2.21	71	126	43	66	44.83	113	55	60	134	111.71	103	148	51.4	15	52	61	92	115.1	28	122	137	116	22.46	100	45	135.69	67	110	105	87	117.36	78	31	120	33	91.64	112	136	99.68	13	111	149	96	63.93	103	22	13	19																																																																																																																																																																																														
134	2.32	87	73	137	49	126.99	61	86	55	99	44.21	139	106	17.71	80	92	1	36	75.7	72	73	97	58	75.49	42	47	53.8	53	47	96	59	6.39	11	15	24	123	31.68	147	136	95.9	83	106	74	146	84.21	14	68	65	66																																																																																																																																																																																														
97	43.3	5	64	144	108	111.03	4	115	89	125	11.72	94	92	60.53	140	143	66	103	55.62	5	1	60	104	14.41	17	45	49.26	131	127	126	55	44.75	127	121	1	137	70.22	10	13	75.88	112	129	101	66	130.3	40	147	133	103																																																																																																																																																																																														
148	100.15	35	52	4	100	9.06	67	42	93	117	86.84	87	126	132.88	89	75	116	90	102.07	4	46	32	51	70.86	13	139	37.12	71	57	95	10	19.02	64	120	87	20	69.57	30	59	1.43	93	116	94	107	35.85	48	14	90	139																																																																																																																																																																																														
33	54.94	100	69	6	85	16.73	119	47	114	49	16.05	57	15	8.19	89	63	124	141	13.32	53	78	104	117	82.36	39	24	31.11	22	80	68	92	133.5	22	76	123	21	91.52	66	42	136.47	21	140	142	64	17.29	6	100	138	90																																																																																																																																																																																														
116	34.17	110	75	79	46	134.77	136	143	16	64	85.5	131	25	96.81	144	120	6	37	75.33	90	70	122	85	114.02	54	137	27.73	61	72	114	47	102.9	51	81	10	41	88.49	16	56	24.47	22	22	24	127	115.1	65	62	47	144																																																																																																																																																																																														
96	19.69	144	95	87	130	149.65	39	84	106	25	22.07	38	34	148.57	117	49	69	112	15.18	104	25	111	101	97.2	82	99	111.8	94	5	9	46	24.14	63	146	64	102	109.28	150	121	80.25	60	85	1	40	11.84	1	90	78	127																																																																																																																																																																																														
126	37.98	10	65	52	3	1.44	115	4	128	116	92.75	108	2	35.75	64	2	102	84	102.7	24	33	72	63	48.52	112	14	126.09	107	72	100	80	97.9	30	64	138	52	69.91	124	24	22.82	91	53	53	71	89.57	130	14	101	93																																																																																																																																																																																														
100	126.5	126	36	147	73	13.2	131	91	130	64	57.38	16	22	12.71	7	138	125	44	17.87	44	5	38	118	45.34	29	67	126.56	37	111	66	70	95.36	3	118	126	82	134.11	24	75	20.96	23	138	42	22	97.38	70	55	101	60																																																																																																																																																																																														
107	25.03	21	112	31	41	11.18	132	52	81	86	70.61	38	109	67.15	2	120	25	69	142.14	13	33	141	7	78.04	3	128	93.68	143	69	64	49	15.03	105	62	147	104	119.71	77	139	144.91	65	149	76	13	88.32	5	103	18	100																																																																																																																																																																																														
110	3.35	123	81	42	89	83.28	124	68	47	120	119.95	41	128	88.42	62	4	35	150	15.78	21	133	37	43	9.87	73	117	33.46	144	121	112	14	126.51	135	51	60	138	95.81	9	98	63.44	85	27	27	89	6.84	20	73	35	140																																																																																																																																																																																														
117	5.06	81	124	69	133	87.96	80	65	11	63	144.34	10	42	147.82	3	116	43	27	123.61	102	123	46	107	102.58	103	17	50.35	78	57	65	17	143.54	96	119	97	25	60.47	95	38	78.02	30	108	146	112	136.17	138	4	106	52																																																																																																																																																																																														
83	100.47	143	105	121	125	63.66	25	4	111	85	43.6	145	126	89.28	59	52	141	146	72.83	120	120	17	35	19.24	143	78	79.63	18	96	133	110	38.87	13	36	134	11	97.01	39	142	97.26	37	60	75	15	128.1	106	137	75	61																																																																																																																																																																																														
22	120.84	30	43	4	66	94.25	78	57	36	33	90.76	145	32	39.29	89	74	2	72	147.27	68	147	42	127	85.7	136	50	20.82	133	19	16	84	12.81	21	147	76	30	2.09	63	117	13.94	91	43	14	13	51.1	94	118	17	6																																																																																																																																																																																														
94	25.8	118	12	61	135	68.95	147	111	136	68	139.03	6	46	51.34	129	113	117	28	11.66	146	116	142	124	72.61	31	53	19.97	6	52	94	145	63.57	106	24	87	143	116.87	130	36	57.02	100	46	103	11	146.31	74	25	20	58																																																																																																																																																																																														
40	66.13	116	113	96	26	95.23	89	44	24	128	58.44	122	88	18.64	65	105	29	35	121.83	113	13	92	41	71.81	103	68	43.54	135	21	139	59	7.71	17	97	94	41	75.63	145	88	13.08	49	126	12	115	75.69	44	127	96	9																																																																																																																																																																																														
89	122.78	50	25	145	37	133.11	70	116	101	1	65.56	40	126	45.61	106	48	69	101	20.76	16	39	28	32	137.74	100	115	81.14	33	57	117	1	18.92	16	15	77	93	54.03	135	126	82.09	113	108	105	98	21.01	127	129	140	95																																																																																																																																																																																														
97	125.32	138	19	92	50	87.62	69	4	49	83	95.64	97	17	62.47	118	119	121	72	135.37	102	119	130	14	56.04	102	135	39.69	15	26	7	35	63.7	127	55	129	45	44.48	109	109	22.71	14	85	49	44	27.83	10	68	120	103																																																																																																																																																																																														
69	99.35	21	37	51	66	34.38	92	99	56	121	7.21	75	102	30.17	115	11	84	92	15.16	135	120	58	80	87.31	57	36	40.96	10	76	12	50	76.08	42	9	49	32	132.48	25	34	146.26	53	28	82	118	96.19	123	14	87	55																																																																																																																																																																																														
115	144.78	21	51	79	144	80.98	139	137	44	31	74.76	53	66	117.28	79	135	23	16	93.77	46	59	128	122	7.97	103	139	139.02	122	141	28	18	114.36	63	69	103	16	77.9	59	9	80.07	55	150	115	138	133.22	143	44	49	76																																																																																																																																																																																														
83	62.8	11	93	89	56	12.26	46	71	8	145	60.13	35	73	26.74	133	148	57	79	1.16	51	97	138	144	106.71	37	51	81.64	13	38	37	43	95.97	31	132	118	135	132.15	33	93	146.48	9	111	79	66	26.77	86	2	84	20																																																																																																																																																																																														
9	84.27	52	87	100	62	45.98	49	121	44	7	65.96	51	135	140.65	142	59	20	63	110.04	147	13	138	108	33.6	117	129	41.98	104	23	85	58	149.21	84	43	103	67	98.83	114	35	37.82	74	23	35	78	128.94	148	110	146	3																																																																																																																																																																																														
120	113.72	98	99	137	122	38.14	13	132	97	20	147.61	13	19	86.72	43	33	131	122	44.35	49	95	113	31	29.91	28	33	132	42	78	15	14	97.34	22	104	127	101	44.14	31	90	48.91	120	69	14	131	145.85	2	2	87	48																																																																																																																																																																																														
126	124.98	61	142	112	106	8.49	123	102	37	143	21.74	69	102	87.74	94	139	32	18	133.65	47	2	64	96	18.75	4	88	110.75	3	130	123	88	84.65	94	119	20	31	46.76	92	144	51.06	4	109	100	66	104.72	113	57	30	110																																																																																																																																																																																														
145	83.14	136	59	41	70	83.09	109	42	17	74	77.49	8	75	106.35	28	131	27	12	52.28	86	24	32	139	66.33	65	47	68.96	37	54	1	139	46.93	145	129	30	104	119.37	38	34	87.23	27	114	45	130	45.92	23	22	45	142																																																																																																																																																																																														
42	39.4	25	140	130	62	47.8	104	131	101	9	47.84	107	61	105.58	93	22	45	5	90.22	99	70	43	65	124.58	73	41	84.12	23	48	51	146	70.07	122	89	150	123	124.02	142	56	126.84	114	79	107	29	144.37	125	76	135	49																																																																																																																																																																																														
45	10.46	75	148	3	139	19.11	62	84	32	149	142.64	123	44	72.51	145	35	16	56	149.75	104	110	89	75	3.1	141	137	39.66	61	37	9	107	125.71	29	7	49	31	84.08	68	30	144.97	103	136	50	130	14.51	98	3	39	89																																																																																																																																																																																														
83	73.21	13	131	94	148	42.93	85	40	17	34	6.54	106	101	36.09	115	8	40	43	99.9	103	80	98	109	130.73	124	78	94.62	92	49	95	73	74.6	82	6	113	116	133.51	56	90	7.81	42	51	58	103	121.51	66	56	123	37																																																																																																																																																																																														
24	106.97	88	40	68	35	9.49	36	77	125	1	61.64	34	67	94.23	146	75	37	90	11.39	41	43	70	120	5.99	132	52	114.33	5	67	112	134	29.25	21	44	71	40	98.59	16	1	149.79	110	82	125	135	71.67	28	124	56	66																																																																																																																																																																																														
109	102	125	11	144	118	121.54	26	58	140	123	49.22	37	100	71.83	8	87	21	29	22.76	108	86	5	84	142.03	62	101	82.76	87	127	51	25	4.12	116	107	110	129	49.69	52	64	69.85	92	45	10	33	110.6	52	4	18	126																																																																																																																																																																																														
101	98.53	143	121	37	60	116.71	92	134	17	51	5.34	132	126	39.04	87	72	36	120	102.1	3	4	69	41	141.93	86	82	2.04	34	76	73	76	122.59	29	68	80	89	24.76	34	31	68.16	84	43	21	40	83.35	20	142	79	131																																																																																																																																																																																														
1	26.11	32	103	102	28	111.53	61	4	132	145	22.22	84	121	134.08	59	9	148	51	106.22	53	148	75	111	36.11	40	80	15.72	114	1	93	23	80.89	39	17	73	74	20.46	72	129	9.36	59	136	46	19	89.2	144	16	79	131																																																																																																																																																																																														
45	128.72	31	81	130	45	143.07	97	139	64	141	18.96	4	47	7.39	73	139	93	24	73.32	150	37	110	22	65.65	112	129	27.45	38	60	6	25	32.52	70	60	12	66	88.86	139	56	63.95	55	27	117	8	4.25	84	113	56	99																																																																																																																																																																																														
136	121.84	58	142	5	70	102.33	41	27	41	72	71.73	2	105	87.68	111	72	139	133	126.17	145	35	13	143	39.45	142	52	3.1	97	100	80	22	37.3	92	144	115	112	94.61	70	70	29.73	48	104	92	114	37.16	88	47	70	48																																																																																																																																																																																														
40	46.87	37	136	97	55	83.74	83	5	26	82	2.42	99	47	45.22	126	132	78	58	42.45	1	136	25	77	72.11	35	60	87.66	132	58	110	117	117.27	117	122	62	18	60.61	65	116	79.94	44	96	35	31	31.19	97	127	26	6																																																																																																																																																																																														
7	65.84	99	18	21	50	14.44	93	14	24	105	59.69	142	18	130.01	82	79	47	48	112.87	16	121	60	102	7.64	134	100	91.66	87	80	69	90	46.43	38	18	66	97	20.28	137	106	9.91	88	5	34	145	29.56	46	94	3	131																																																																																																																																																																																														
11	131.12	115	79	114	52	118.12	54	143	27	90	61.28	123	46	95.71	124	45	51	105	5.85	5	99	7	84	52.04	130	7	105.1	35	131	13	108	95.8	32	130	36	63	91.98	110	51	107.11	106	2	87	75	114.68	83	43	55	45																																																																																																																																																																																														
11	82.74	91	93	28	103	87.65	128	43	79	12	28.02	54	119	75.1	82	115	60	124	90.73	147	72	74	8	112.24	92	76	78.32	24	122	148	120	105.08	45	45	98	94	66.27	49	25	23.17	26	30	7	105	16.35	129	93	59	98																																																																																																																																																																																														
116	78.1	20	21	61	147	133.53	33	55	90	62	90.4	89	19	35.47	40	117	131	5	107.84	129	47	133	10	77.99	17	46	93.12	65	67	134	28	52.28	124	70	130	128	127.14	47	25	52.64	83	22	146	27	96.13	144	116	84	113																																																																																																																																																																																														
138	111.41	33	80	74	146	130.6	66	131	35	98	92.15	6	66	114.07	41	22	35	33	112.11	2	129	95	131	122.81	39	119	44.04	71	65	36	50	18.3	118	118	107	13	123.27	138	76	62.11	136	45	65	69	71.97	96	74	83	44																																																																																																																																																																																														
103	54.38	47	44	122	140	126.06	60	67	139	50	19.53	81	15	80.46	105	46	91	42	105.24	33	117	100	35	3.36	6	139	25.27	61	35	6	68	107.88	26	64	122	14	124.42	82	91	72.54	40	39	5	55	14.21	85	110	53	38																																																																																																																																																																																														
15	51.11	23	36	67	146	101.2	112	14	44	15	38.05	18	29	40.93	3	56	16	57	56.77	112	6	128	39	88.53	22	40	58.62	138	15	120	93	132.26	130	146	36	79	67.54	131	116	119.02	34	90	60	137	148.48	89	21	77	71																																																																																																																																																																																														
106	149.98	114	118	78	62	95.76	114	99	132	119	46.36	63	118	40.14	121	10	118	4	64.45	104	10	83	133	21.72	131	140	136.33	149	9	141	58	36.68	56	110	127	150	149.43	141	38	117.1	41	128	5	8	39.24	63	124	71	45																																																																																																																																																																																														
98	143.1	149	130	127	95	43.83	118	109	32	12	63.41	111	135	59.82	148	19	141	89	25.53	32	101	133	105	119.18	36	18	35.7	43	129	52	48	89.46	75	73	120	18	123.5	46	24	84.57	14	149	117	78	138.53	4	32	134	90																																																																																																																																																																																														
16	84.03	32	116	66	114	88.56	144	58	100	42	24.32	96	128	17.59	142	25	85	102	24.54	100	46	51	85	21.4	148	9	63.91	96	96	15	58	143.38	117	59	26	100	109.96	134	138	50.79	141	49	74	55	135.65	119	81	30	107																																																																																																																																																																																														
55	120.48	131	64	61	60	61.86	24	100	77	144	109.49	71	99	52.55	130	109	20	150	106.6	46	80	140	21	40.58	125	13	51.44	131	70	150	99	124.46	61	35	61	19	60.86	71	126	149.48	94	128	63	101	103.26	56	122	39	116																																																																																																																																																																																														
131	64.04	114	134	92	81	29.16	90	1	4	52	16.76	52	15	49.65	5	77	128	28	85.08	70	54	54	30	59.09	59	123	77.9	47	78	130	63	83.08	56	89	134	68	128.05	132	51	131.31	118	20	75	93	95.05	15	38	74	27																																																																																																																																																																																														
41	18.21	49	31	37	131	29.47	144	139	3	89	82.1	131	139	38.15	42	25	80	78	55.07	126	18	10	90	32.03	146	5	10.6	60	20	112	142	121.02	4	123	65	82	53.3	58	28	57.04	33	136	137	73	60.89	137	80	146	68																																																																																																																																																																																														
106	56.72	104	106	105	38	9.79	34	77	77	149	57.7	59	81	130.78	93	76	38	87	118.09	63	3	4	137	122.44	142	122	60.04	130	43	71	35	145.75	75	44	59	122	10.37	104	132	6.88	84	56	119	47	9.68	34	33	52	42																																																																																																																																																																																														
65	85.91	132	90	135	22	127.94	93	68	132	145	132.13	10	82	141.19	55	53	80	50	96.55	92	55	112	120	108.78	134	91	38.84	134	86	134	76	84.2	147	37	34	57	108.32	141	23	13.04	56	127	62	20	34.71	34	130	118	142																																																																																																																																																																																														
30	34.57	124	94	87	137	70.28	144	36	94	87	86.87	118	95	54.28	73	9	61	47	105.82	111	118	108	37	69.88	34	9	135.36	118	32	28	13	68.09	81	61	14	6	97.42	84	72	149.62	91	2	31	69	85.18	29	72	98	5																																																																																																																																																																																														
116	124.08	128	67	141	65	42.24	28	53	88	107	67.81	143	115	50.91	2	58	73	47	143.02	125	74	139	41	67.78	8	22	20.05	39	128	75	90	90.59	56	46	21	132	65.6	99	39	139.65	52	13	91	15	65	102	91	38	89																																																																																																																																																																																														
78	146.26	4	55	148	111	37.89	79	70	36	116	87.41	102	118	129.83	127	96	37	148	139.95	13	48	8	116	56.66	78	99	143.51	13	61	41	10	109.07	38	6	101	130	63.23	69	76	80.73	131	23	110	140	99.55	121	34	1	123																																																																																																																																																																																														
143	103.89	92	46	117	39	48.84	8	92	71	61	76.89	102	145	32.06	137	55	69	67	61.16	114	106	71	92	117.86	140	28	101.9	93	134	74	79	136.58	100	36	86	91	100.78	138	22	93.69	149	89	65	138	119.28	85	14	148	56																																																																																																																																																																																														
110	145.29	147	73	143	64	129.01	67	100	126	18	44.17	55	41	147.24	91	124	84	86	128.1	31	129	73	43	143.63	20	52	59.56	133	38	74	3	131.27	137	148	109	53	116.86	103	137	23.56	131	9	13	1	74.03	148	149	80	94																																																																																																																																																																																														
60	42.66	55	87	142	65	88.1	40	108	135	116	45.87	67	36	47.67	16	3	75	86	102.41	13	130	125	41	136.18	116	19	132.23	50	5	40	10	35.73	7	4	37	74	44.8	55	29	108.28	112	69	101	14	148.82	130	111	56	128																																																																																																																																																																																														
86	127.7	73	145	84	80	142.85	73	94	103	77	52.73	74	86	39.18	61	72	13	109	31.07	143	61	10	45	121.7	17	15	63.19	135	26	111	131	143.89	58	68	28	46	109.25	38	87	42.71	98	57	53	40	84.93	107	110	91	94																																																																																																																																																																																														
76	17.96	8	70	46	96	23.46	5	73	88	122	104.59	13	19	145.68	26	134	85	51	48.08	43	121	68	109	59.42	141	147	24.18	110	129	130	38	23.01	41	34	92	129	49.42	79	44	10.37	103	122	11	116	108.02	88	34	31	45																																																																																																																																																																																														
37	33.75	68	50	13	83	75.46	136	22	115	14	82.4	43	39	3.23	28	106	86	71	38.36	92	19	7	148	48.72	79	24	49.44	45	111	28	39	3.61	129	97	17	29	22.95	81	4	145.95	81	45	30	110	78.35	13	12	129	30																																																																																																																																																																																														
147	116.03	141	80	59	129	1.87	21	36	124	130	92.38	114	140	145.45	136	81	10	66	32.54	73	132	55	52	3.82	39	90	11.57	108	13	96	56	42.72	56	12	30	11	138.76	34	138	113.98	125	1	24	45	126.09	115	149	90	63																																																																																																																																																																																														
146	46.83	44	70	81	120	74.15	42	14	50	114	104.35	32	27	72.75	138	88	78	87	59.69	29	94	136	44	33.55	147	28	134.2	113	96	137	38	105.17	41	79	67	35	12.6	26	9	122.15	110	41	83	29	98.73	1	149	137	70																																																																																																																																																																																														
6	24.17	135	55	45	139	136.37	4	121	150	137	99.39	134	102	2.38	72	110	35	101	40.58	7	136	54	82	145.3	100	113	62.2	112	67	142	9	5.89	98	22	73	71	1.61	47	98	85.2	130	124	87	57	15.42	67	114	16	72																																																																																																																																																																																														
11	137.24	58	28	24	31	145.17	100	57	138	17	26.46	36	148	35.6	48	105	5	104	40.31	10	88	50	105	135.66	85	77	5.71	132	46	136	80	116.12	150	128	55	126	102.18	132	35	138.21	116	101	146	116	137.11	82	93	112	17																																																																																																																																																																																														
39	61.71	108	144	20	44	90.19	14	14	145	85	88.32	45	6	129.19	40	136	41	107	35.75	11	115	32	27	56.33	112	113	10.41	56	75	1	13	48.08	119	1	92	18	30.91	97	42	94.6	106	39	100	148	107.79	33	133	42	100																																																																																																																																																																																														
111	11.21	133	102	6	143	120.78	138	27	90	23	6.23	59	108	110.13	43	120	109	139	102.07	79	13	38	29	128.57	8	74	65.94	112	74	37	145	42.73	36	69	95	105	111.41	146	127	102.18	149	10	69	40	89.46	71	95	98	47																																																																																																																																																																																														
14	60.96	100	86	11	109	8.63	117	146	86	142	12.72	68	60	127.71	142	23	86	105	45	89	105	84	70	137.78	134	138	16.21	11	131	92	1	102.95	11	83	76	86	144.15	131	124	63.47	72	27	8	60	133.39	33	111	54	96																																																																																																																																																																																														
58	71.63	86	12	132	143	98	142	38	103	60	20.46	127	41	67.92	132	128	50	4	149.21	11	57	131	40	17.29	143	119	45.27	117	7	56	82	106.54	130	127	77	40	29.76	23	36	92.49	84	113	12	54	15.94	76	50	122	82																																																																																																																																																																																														
103	28.11	6	134	133	48	72.86	86	6	6	67	122.7	20	50	70.88	99	148	119	145	46.1	105	74	143	21	90.84	141	25	13.7	28	135	77	64	36.78	86	116	6	122	109.26	146	70	43.79	20	137	53	75	37.38	132	118	2	104																																																																																																																																																																																														
16	88.79	52	27	140	130	12.63	48	71	7	86	110.62	75	28	82.86	93	15	34	133	56.24	39	132	13	36	57.83	107	146	140.9	60	6	51	88	46.27	100	9	83	149	126.2	123	92	62.41	39	20	26	96	58.49	20	74	86	142																																																																																																																																																																																														
51	41.93	51	129	9	19	84.74	98	69	65	28	120.21	17	72	11.87	6	119	139	122	101.36	59	35	30	111	90.59	22	19	106.65	14	34	115	98	30.98	88	15	46	150	124.39	4	134	28.52	127	12	88	58	112.43	142	85	106	62																																																																																																																																																																																														
87	37.73	107	121	94	88	52.86	107	127	58	120	110.94	37	132	120.03	114	137	32	53	32.41	2	51	29	11	27.25	53	75	113.68	65	57	122	103	126.77	93	63	25	105	12.9	30	141	94.11	109	137	103	22	54.75	20	35	26	74																																																																																																																																																																																														
41	18.21	68	37	54	91	121.6	111	49	147	118	35.98	18	18	121	16	110	145	84	33.09	61	26	24	47	105.12	51	43	78.5	46	34	29	106	87.06	65	123	94	47	88.31	61	115	70.09	9	110	84	53	56.42	79	69	1	38																																																																																																																																																																																														
38	12.31	97	87	79	137	129.38	11	86	89	16	114.78	2	121	56.3	43	60	89	34	90.32	70	89	122	67	64.27	85	32	83.27	106	53	40	27	85.59	76	63	6	137	70.16	61	60	32.36	21	10	15	88	83.08	121	68	81	11																																																																																																																																																																																														
42	27.51	146	30	68	139	60.55	34	46	131	117	130.02	130	24	127.94	89	116	42	107	1.67	36	124	123	117	65.76	69	101	20.75	10	124	70	150	58.68	126	97	102	11	124.52	133	67	87.65	150	38	148	122	118.52	54	144	100	110																																																																																																																																																																																														
136	74.12	149	131	61	108	19.22	1	57	119	118	117.12	91	126	12.33	122	48	108	111	17.85	87	112	27	105	52.8	136	138	144.72	128	36	75	88	21.56	78	146	33	39	48.96	29	150	63.38	75	81	140	15	72.23	13	32	61	4																																																																																																																																																																																														
144	92.67	93	97	74	92	75.9	73	97	33	39	76.36	73	43	141.31	140	91	92	86	141.06	63	139	10	120	18.59	33	149	7.37	77	85	141	100	86.51	3	98	83	96	30.54	99	126	14.26	78	57	112	69	55.06	97	57	142	73																																																																																																																																																																																														
18	52.71	97	99	36	113	114.13	115	141	143	78	15.01	45	109	37.08	32	130	42	57	148.68	116	66	113	43	91.09	71	138	34.97	132	7	41	50	54.12	92	7	94	32	118.87	32	44	50.72	30	38	63	9	40.69	88	26	25	138																																																																																																																																																																																														
58	132.03	120	71	18	144	134.51	125	10	44	132	98.59	94	122	103.72	79	9	84	65	58.84	63	41	116	64	123.36	6	58	75.98	52	126	26	85	33.36	66	75	84	91	71.12	72	67	58.32	34	150	54	129	45.58	41	4	120	132																																																																																																																																																																																														
9	137.77	110	73	77	5	52.04	123	11	63	129	71.68	123	109	146.22	25	30	117	7	29.08	105	150	128	126	46.71	47	52	90.9	23	6	118	124	54.62	134	18	32	27	123.82	18	97	117.35	87	36	87	49	11.52	82	8	45	129																																																																																																																																																																																														
19	95.29	128	147	109	7	1.33	21	67	23	133	30.62	136	76	137.96	136	9	72	122	119.79	78	117	5	1	58.9	19	89	146.56	33	42	48	84	64.15	20	39	76	122	104.83	26	150	130.3	147	148	65	68	3.67	42	123	72	82																																																																																																																																																																																														
19	131.68	46	110	48	21	112.42	77	58	100	77	13.92	54	72	141.6	79	119	9	115	43.24	107	103	139	87	105.71	75	73	40.64	75	107	140	25	123.7	68	17	42	50	58.77	45	12	30.83	129	7	146	141	39.26	68	103	23	105																																																																																																																																																																																														
130	37.99	106	39	133	69	24.21	97	67	64	134	65.41	22	5	11.03	122	37	3	72	9.52	141	143	118	89	95.47	146	13	49.55	66	96	146	57	120.71	114	124	55	66	25.4	139	65	75.33	132	18	109	48	76.09	142	89	63	75																																																																																																																																																																																														
13	67.61	28	1	9	106	21.45	7	73	48	53	26.96	70	150	132.54	77	103	9	93	44.11	5	62	68	105	89.27	51	141	54.52	2	131	86	77	97.36	137	12	38	112	70.53	62	3	73.63	119	6	96	11	98.36	128	135	117	113																																																																																																																																																																																														
24	84.89	124	75	18	59	23.46	142	10	40	6	23.57	103	120	31.52	18	86	47	128	55.45	136	109	17	139	107.82	113	98	8.21	17	14	146	120	128.55	10	28	110	63	36.31	56	119	89.98	86	110	121	146	12.09	106	130	99	39																																																																																																																																																																																														
107	36.56	128	86	78	69	26.67	31	79	18	17	26.16	35	57	93.97	113	139	143	56	83.54	83	76	2	109	63.66	137	24	141.64	90	50	59	46	84.65	85	1	62	141	6.32	136	64	7.39	145	139	127	115	45.55	132	7	141	25																																																																																																																																																																																														
10	33.02	148	31	62	116	62.85	22	56	104	89	66.01	81	24	48.94	10	48	39	96	30.13	132	119	139	53	64.28	26	147	96.98	13	97	71	73	83.99	78	24	10	25	132.2	41	39	113.82	141	75	116	105	69.29	88	129	127	23																																																																																																																																																																																														
68	9.04	46	39	34	69	126.52	108	127	19	118	129.21	44	43	38.57	119	12	67	84	15.21	85	78	50	59	19.39	56	148	19	37	11	30	135	56.64	51	67	35	121	110.74	41	122	15.36	18	76	38	90	78.7	11	88	148	65																																																																																																																																																																																														
100	94.55	42	86	70	105	75.15	34	83	122	6	113.35	9	132	122.86	39	66	85	26	24.2	66	90	11	124	42.99	12	65	132.82	103	10	145	30	115.6	35	34	37	4	44.81	122	1	39.95	105	149	88	22	109.55	1	149	105	102																																																																																																																																																																																														
15	14.36	135	2	86	46	106.72	18	145	139	87	10.84	87	94	88.15	76	36	47	32	7.17	65	95	97	119	25.74	46	108	30.04	132	99	2	36	61.85	101	68	42	12	92.71	16	52	3.52	70	64	8	147	53.56	35	131	54	9																																																																																																																																																																																														
85	128.56	97	47	71	19	143.47	148	134	98	107	113.2	24	132	94.89	31	95	97	71	132.42	122	3	15	92	54.21	79	126	122.17	109	123	129	146	93.96	12	52	58	141	144.41	48	33	32.47	27	17	84	72	29.64	25	149	121	46																																																																																																																																																																																														
46	82.45	139	22	88	106	85.57	128	24	27	25	62.46	28	42	2.98	47	33	4	126	142.36	9	125	13	33	93.08	120	110	122.88	122	113	20	69	138.52	117	1	55	16	26.95	150	18	114.42	61	95	50	13	25.51	120	11	115	99																																																																																																																																																																																														
73	111.52	130	89	5	89	86.84	25	135	79	101	44.67	43	44	115.94	73	143	86	93	27	147	23	124	61	11.43	142	54	89.15	100	64	58	33	29.37	62	78	66	57	94.64	66	146	58.63	102	144	26	80	140.51	22	7	95	73																																																																																																																																																																																														
27	80.48	60	14	89	145	32.69	21	30	138	37	71.12	135	14	32.68	108	74	78	105	80.52	61	134	35	121	146.56	19	21	70.48	149	144	70	67	131.43	101	37	7	113	34.89	33	85	78.96	96	48	44	144	84.95	85	61	62	9																																																																																																																																																																																														
103	93.9	92	101	2	22	32.78	71	116	2	40	83.95	45	72	46.44	98	127	60	149	73.76	24	30	135	8	79.15	139	82	107.79	64	74	150	36	44.56	67	76	73	148	58.59	119	20	71.73	22	71	95	121	49.09	137	55	7	129																																																																																																																																																																																														
110	132.19	76	96	4	148	41.14	59	131	146	54	4	17	11	1.54	86	134	138	40	24.38	61	143	77	112	83.19	68	83	7.06	116	91	127	72	59.31	40	93	114	138	115.68	128	37	131.85	137	3	73	24	63.58	120	133	11	117																																																																																																																																																																																														
7	47.55	83	85	100	130	127.5	18	125	30	127	114.71	58	61	106.24	120	74	143	20	89.33	110	84	5	74	84.78	84	58	139.38	19	62	113	105	147.06	113	130	94	34	51.24	35	102	77.25	52	29	22	24	44.03	147	141	62	47																																																																																																																																																																																														
48	140.27	32	16	82	17	69.35	117	107	98	78	44.72	114	72	148.35	145	46	5	35	54.95	117	28	59	117	136.31	69	2	117.99	133	133	48	53	43.73	95	87	1	103	94.53	101	136	60.3	24	6	32	73	55.52	69	114	54	51																																																																																																																																																																																														
4	71.72	72	68	34	64	118.61	60	134	23	51	147.14	14	112	148.62	3	36	38	46	55.38	124	144	117	71	61.84	147	53	29.38	26	45	107	108	85.54	111	54	23	9	117.02	15	60	95.45	10	103	113	119	147.35	27	18	113	45																																																																																																																																																																																														
82	142.78	20	139	92	52	37.41	2	149	6	87	39.77	131	1	132.75	71	10	26	121	4.17	76	129	39	130	56.71	38	119	34.27	50	48	131	139	12.47	149	18	1	6	19.49	28	128	134.53	65	66	50	117	35.09	70	111	96	74																																																																																																																																																																																														
103	42.74	20	50	28	82	94.21	27	33	13	69	125.97	53	44	118.85	142	58	118	29	16.12	128	136	93	102	59.81	119	8	53.67	90	122	89	113	66.4	34	103	139	16	37.35	15	33	70.08	146	72	76	26	129.32	74	69	24	136																																																																																																																																																																																														
144	51.85	35	112	110	55	80.16	53	102	82	76	28.54	120	141	23.14	54	123	81	121	88.42	22	108	109	27	65.34	82	105	83.68	6	101	137	54	116.15	99	114	135	36	20.14	117	48	73.81	123	140	133	107	75.16	108	139	40	20																																																																																																																																																																																														
102	78.36	51	23	4	45	111.31	118	76	73	30	61.25	126	81	38.71	20	138	107	1	46.96	139	62	54	102	125.84	90	143	28.59	119	133	20	60	23.16	118	35	6	140	131.75	23	114	25.68	53	37	127	103	77.96	116	8	22	27																																																																																																																																																																																														
111	48.22	10	100	88	36	36.16	12	112	127	68	5.91	147	60	127.57	132	144	95	146	66.6	120	123	117	48	147.08	19	82	29.58	109	14	133	75	146.62	16	20	58	18	37.96	39	30	78.06	62	42	140	100	126.89	134	34	121	21																																																																																																																																																																																														
126	18.14	5	78	99	94	106.45	121	37	82	85	110.3	43	47	21.27	68	44	52	131	43.61	18	52	64	133	57.07	150	105	4.61	1	137	67	62	120.09	148	8	128	21	92.46	53	31	71.1	45	21	141	149	129.35	124	145	118	64																																																																																																																																																																																														
92	8.56	88	54	23	136	105.5	15	102	51	21	141.99	47	150	22.33	40	84	47	34	132.34	23	28	148	117	48.99	130	144	88.98	18	30	52	22	131.36	2	64	68	76	70.26	74	32	26.73	32	76	42	49	133.27	6	97	139	83																																																																																																																																																																																														
50	148.32	128	34	18	63	143.65	139	118	102	103	55.74	77	33	138.43	6	58	89	66	25.95	73	136	108	68	90.25	72	27	38.12	34	17	20	76	94.94	126	56	95	52	43.31	32	26	4.03	43	119	62	110	133.47	78	142	141	101																																																																																																																																																																																														
21	141.98	84	42	72	97	125.35	123	145	111	131	3.44	40	120	104.75	110	112	61	3	14.45	36	123	4	105	27.69	98	139	78.49	63	116	81	1	10.74	57	8	94	58	74.69	49	62	144.76	65	104	7	109	12.45	110	97	22	125																																																																																																																																																																																														
109	93.71	3	144	129	54	93.49	114	4	36	140	33.32	83	139	57.99	66	119	73	51	145.71	67	125	134	69	74.02	122	29	28.37	35	132	68	102	103.68	120	121	26	32	16.34	43	122	13.18	32	7	45	119	135.72	122	117	39	131																																																																																																																																																																																														
76	99.8	133	93	103	70	80.92	87	23	27	89	41.73	18	67	16.2	28	4	17	149	88.64	136	19	128	65	145.18	70	22	144.6	39	56	1	26	41.54	20	84	52	33	137.56	89	31	35.02	68	70	136	16	143.72	135	98	10	141																																																																																																																																																																																														
90	26.71	15	64	27	62	41.28	123	25	48	142	41.12	66	80	92.96	116	106	121	141	73.89	5	47	15	102	21.23	109	45	61.33	91	97	92	55	73.44	94	46	24	53	55.26	1	50	67.58	42	116	66	143	47.48	92	129	33	110																																																																																																																																																																																														
80	141.52	108	41	64	72	138.7	144	9	4	58	67.19	30	76	1.23	97	44	129	72	145.22	119	73	119	128	21.4	125	81	31.48	8	33	63	82	87.15	61	9	112	147	146	128	139	62.44	76	115	25	21	5.84	93	2	40	131																																																																																																																																																																																														
49	130.69	54	92	126	123	41.27	112	103	74	90	92.92	69	48	67.13	145	48	5	80	105.93	13	110	66	122	39.55	61	113	86.39	22	129	61	76	143.25	17	32	77	104	149.11	78	76	4.9	108	133	91	121	70.16	123	38	26	141																																																																																																																																																																																														
118	6.23	67	15	88	103	6.85	126	17	137	31	119.88	54	73	80.31	6	65	19	141	120.96	64	5	128	138	27.99	4	93	111.45	25	127	131	72	141.19	135	46	3	52	112.29	64	63	109.59	123	98	103	73	8.4	102	122	56	135																																																																																																																																																																																														
36	103.34	146	121	147	116	84.28	42	56	81	45	70.59	7	83	98.94	126	66	95	133	40.42	95	111	127	107	73.43	65	92	5.48	97	1	149	46	131.15	118	68	145	34	72.81	3	135	97.64	44	112	70	97	45.34	50	31	25	40																																																																																																																																																																																														
148	34.03	27	104	127	65	108.26	106	139	26	145	78.81	22	92	116.53	128	20	115	143	59.9	35	71	32	45	65.09	126	12	48.63	63	41	116	58	53.54	4	118	149	116	71.67	13	16	70.63	69	110	71	141	71.83	117	9	148	30																																																																																																																																																																																														
56	29.87	51	56	97	100	135.06	100	10	76	86	144.63	113	45	135.49	119	8	46	7	69.92	31	51	76	16	69.15	67	50	110.45	72	150	31	28	32.99	143	97	92	143	36.3	43	94	56.94	106	123	74	28	64.75	66	31	32	89																																																																																																																																																																																														
85	65.18	91	32	45	21	135.77	42	50	145	58	104.22	121	29	87.35	150	97	15	58	2.19	87	128	146	73	15.53	47	22	103.93	25	137	41	141	85.74	45	54	117	21	18.74	87	45	51.93	48	7	105	137	95.76	6	74	133	127																																																																																																																																																																																														
53	139.19	80	17	48	71	96.87	111	45	23	61	108.76	146	71	9.04	39	137	17	11	100.51	4	133	125	50	88.77	13	56	24.41	41	77	1	2	55.75	95	87	115	4	131.65	54	88	122.11	101	87	91	52	9.95	87	16	72	43																																																																																																																																																																																														
132	52.9	100	112	14	77	34.19	140	63	80	113	21.82	112	31	91.38	16	121	44	33	100.92	100	67	62	55	17.27	51	111	72.15	109	147	45	54	124.97	148	46	76	107	52.2	148	139	146.02	53	131	15	40	78.82	144	58	76	44																																																																																																																																																																																														
26	22.63	31	60	135	43	27.63	128	69	137	20	52.44	101	112	140.15	32	61	54	119	90.21	11	18	17	97	123.04	59	71	21.04	129	49	57	36	112.19	40	137	106	18	125.95	40	89	30.21	85	98	41	66	19.82	83	24	99	39																																																																																																																																																																																														
43	115.98	89	14	13	31	79.97	45	114	132	150	69.47	96	122	15.03	84	131	131	9	88.9	29	50	120	89	106.41	62	86	71.43	95	67	29	25	97.76	27	93	14	33	22.23	24	149	24.52	89	11	86	22	149.35	8	40	103	142																																																																																																																																																																																														
107	143.67	67	35	68	67	126.62	125	132	66	131	131.56	113	145	32.03	140	31	76	83	64.04	136	88	146	145	14.96	115	31	57.73	90	46	148	83	53	131	51	111	11	58.11	144	67	1.96	107	1	65	88	22.03	97	4	12	68																																																																																																																																																																																														
3	96.93	30	41	19	65	51.36	38	134	38	129	105.37	78	51	144.34	59	37	101	35	115.47	55	108	147	16	26.61	150	9	9.4	11	129	95	106	129.57	140	65	64	49	55.91	59	13	64.03	109	29	148	69	129.05	31	34	129	95																																																																																																																																																																																														
139	5.39	1	143	108	9	74.14	16	117	7	21	87.47	108	87	44.5	82	123	58	31	74.54	4	88	19	12	59.71	18	124	61.62	92	22	106	31	19.53	110	83	123	117	3.61	53	133	79.63	88	40	62	144	104.88	37	47	107	131																																																																																																																																																																																														
93	3.96	72	11	30	16	146.34	32	133	20	51	116.32	70	70	69.22	113	21	7	35	111.9	58	37	27	108	18.43	5	54	56.63	46	142	28	48	21.51	23	23	35	8	10.36	52	86	85.56	105	10	78	109	128.01	91	81	30	145																																																																																																																																																																																														
105	7.16	27	19	123	100	148	124	145	66	57	47.96	127	46	141.58	59	130	139	55	63.84	102	1	84	141	59.32	56	68	73.9	62	138	60	26	16.58	100	37	141	104	16.03	136	64	105.87	75	90	127	148	133.44	12	32	107	36																																																																																																																																																																																														
39	148.15	90	35	92	133	26.25	29	148	128	134	45.81	14	69	27.84	111	141	118	69	128.8	37	1	24	148	96.69	89	141	43.94	28	33	67	61	3.11	5	139	126	96	127.17	73	34	64.45	47	16	102	118	1.32	39	148	87	5																																																																																																																																																																																														
35	68.73	6	35	54	144	137.74	131	3	27	52	119.73	126	80	50.57	6	45	15	129	111.37	122	75	143	26	54.54	101	108	31.27	96	61	50	51	73.96	86	41	21	24	129.68	130	86	133.44	43	107	40	48	44.72	26	4	121	86																																																																																																																																																																																														
42	89.54	150	137	69	2	77.08	147	147	51	78	116.87	141	25	4.31	39	30	95	60	103.75	95	34	99	27	56.17	106	140	89.93	23	87	129	1	126.24	94	5	88	5	6.21	38	136	24.65	34	50	18	51	80.97	46	108	2	134																																																																																																																																																																																														
139	6.54	56	78	7	100	35.87	56	17	128	11	101.7	140	56	43.36	81	88	133	63	110.21	119	94	137	130	69.13	6	138	32.14	110	95	102	102	148.81	128	125	84	149	140.65	70	48	37.1	50	2	89	39	36.99	73	1	69	34																																																																																																																																																																																														
25	46.35	32	57	109	65	80.25	27	66	69	120	94.89	142	49	73.52	88	76	147	17	73.63	98	95	122	62	149.74	84	53	13.6	140	96	61	30	26.86	140	110	39	31	99.07	92	99	8.8	1	147	148	20	59.32	70	142	77	31																																																																																																																																																																																														
8	110.6	15	90	32	29	93.79	81	86	141	17	43.71	100	107	6.73	105	6	67	40	100.75	61	54	67	118	116.55	7	118	91.05	96	39	55	41	143.31	12	83	67	107	66.21	134	13	94.39	92	35	9	66	103.4	104	30	73	58																																																																																																																																																																																														
44	67.9	99	23	25	135	84.31	63	88	142	77	110.57	129	128	69.51	56	120	36	150	95.85	145	136	101	16	29.08	39	21	137.83	103	140	19	51	96.85	149	65	110	38	92.15	21	131	84.62	38	9	84	64	1.72	47	106	54	143																																																																																																																																																																																														
80	126.1	40	54	53	101	139.15	76	76	2	74	23.3	141	77	125.99	36	11	10	54	132.3	122	25	27	54	134.79	17	37	31.44	149	143	51	107	35.21	82	84	142	12	17.97	117	125	99.63	142	16	25	110	111.72	88	145	68	26																																																																																																																																																																																														
4	32.91	72	114	52	53	92.93	91	56	5	114	137.49	4	96	104.24	57	131	78	149	48.82	84	118	23	9	124.09	116	101	79.53	52	63	7	39	27.93	148	86	10	28	118.52	103	106	69.54	113	101	103	64	85.19	116	92	145	12																																																																																																																																																																																														
116	91.15	88	124	128	68	91.44	133	76	91	48	23.03	135	112	4.67	139	97	6	108	100.65	141	24	78	59	81.56	18	97	45.84	45	143	142	36	15.54	64	47	90	65	106.65	80	115	57.08	21	71	143	54	73.88	57	50	91	128																																																																																																																																																																																														
121	148.82	72	35	50	111	39.03	38	3	123	53	79.41	91	2	10.33	93	60	66	5	65.41	115	145	74	7	68.57	103	61	17.17	68	18	9	115	123.65	118	24	20	71	41.53	9	5	89.76	16	14	98	139	131.14	139	113	107	135																																																																																																																																																																																														
107	28.53	22	140	13	5	141.62	107	1	137	26	126.86	115	43	44.99	78	121	86	62	23.95	124	70	50	23	46.98	147	122	26.9	54	86	31	135	106.57	96	76	101	148	89.54	95	86	51.72	14	67	29	104	127.87	28	113	111	112																																																																																																																																																																																														
4	10.7	144	79	92	123	3.54	11	38	133	86	136.3	123	147	123.3	99	14	80	137	54.07	58	91	102	78	62.37	77	95	119.18	8	96	81	139	16.29	125	98	88	139	86.81	78	131	101.24	58	37	72	90	89.45	72	2	24	15																																																																																																																																																																																														
99	110.85	85	67	77	131	67.05	137	69	76	80	37.8	16	2	34.37	38	73	21	123	40.52	149	142	18	68	97.75	19	114	102.78	12	139	65	100	106.07	43	15	138	139	84.7	96	59	39.49	88	9	13	35	17.68	18	98	111	25																																																																																																																																																																																														
136	110.13	59	8	32	13	19.98	79	45	96	6	146.86	34	126	12.27	19	36	1	20	87.69	12	115	56	82	138.94	80	11	130.02	97	14	85	127	143.55	83	48	55	116	50.62	133	72	15.25	9	105	87	139	11.51	98	141	36	53																																																																																																																																																																																														
76	21.48	141	150	41	78	124.56	49	143	30	68	121.97	18	94	8.81	115	13	71	85	140.04	122	62	66	97	41.68	112	48	91.31	64	5	2	40	126.21	40	129	69	102	146.2	130	32	67.51	46	52	41	82	7.06	44	91	27	115																																																																																																																																																																																														
41	130.18	41	8	61	90	109.28	1	86	12	58	58.7	143	5	33.68	4	126	50	13	94.36	84	81	139	109	143.31	58	7	21.94	134	81	129	102	66.93	10	86	7	8	3.9	59	41	105.34	18	91	48	112	43.51	20	8	10	82																																																																																																																																																																																														
107	85.89	68	148	31	68	65	147	32	99	125	31.31	131	20	105.11	95	76	93	149	63.5	4	106	56	112	22.05	10	94	91.53	55	42	50	47	11.96	41	140	67	112	26.98	8	31	98.61	4	141	29	52	62.32	38	106	134	25																																																																																																																																																																																														
7	146.43	113	142	47	122	34.12	53	147	83	89	102.38	25	13	87.73	10	81	131	28	92.32	136	40	145	19	104.07	134	23	121.65	30	26	81	65	94.33	76	92	85	32	129.33	37	145	18.31	99	82	108	85	86.05	87	7	129	148																																																																																																																																																																																														
87	93.01	59	112	129	134	138.05	106	115	34	31	36.39	112	10	76.93	105	129	29	14	38.38	90	115	99	142	70.62	118	84	34.65	56	6	103	114	140.07	106	44	9	118	25.66	34	88	24.96	68	21	116	134	117.87	98	70	55	31																																																																																																																																																																																														
90	18.29	55	47	57	141	55.73	95	32	58	14	22.39	31	123	86.33	111	35	62	52	117.49	129	118	14	65	28.17	99	130	124.4	128	17	129	76	8.91	93	2	9	14	72.64	115	114	56.49	42	136	105	35	32.99	86	52	80	113																																																																																																																																																																																														
120	1.46	90	105	97	107	78.24	80	76	98	124	53.08	87	26	65.29	100	24	95	148	71.23	136	135	19	78	95.97	67	35	26.48	24	68	126	45	108.94	102	33	22	20	110.53	117	69	10.38	45	38	100	114	116.19	30	91	146	59																																																																																																																																																																																														
143	7.41	72	135	8	8	121.78	30	129	134	13	125.78	49	39	6.86	87	147	84	78	95.99	62	121	52	24	34.81	83	98	65.84	72	43	144	120	90.12	68	1	47	126	98.39	133	4	32.92	54	104	53	36	97.06	67	108	129	83																																																																																																																																																																																														
89	76.29	138	18	69	18	94.55	17	70	50	68	48.55	23	62	78.57	56	81	139	2	145.45	35	22	89	142	37.04	31	33	11.58	122	118	22	31	84.73	89	141	15	38	146.14	98	38	33.03	68	11	6	35	78.46	115	146	54	116	112	11	103	92.36	26	146	23	107	20.57	8	52	105	117	32.36	47	29	81	103	85.63	117	45	70	132	22.66	113	86	48	6	95.27	76	90	92	32	130.96	111	75	74	60	93.44	33	31	31	7	138.75	106	130	86	145	120.31	31	7	28	103	74.5	73	101	126	44	96.93	139	80	5	24	108.03	40	9	96	63	102.99	45	21	17	41	39.75	33	125	113	18	42.43	38	139	143	12	13.93	70	47	39	108	64.12	44	109	67	81	109.42	16	8	57	38	19.02	144	150	140	136	132.15	150	124	20	85	93.4	8	134	115	86	109.72	143	42	23	114	119.16	100	144	145	91	76.71	59	57	86	102	40.81	83	82	2	134	96.33	51	32	13	98	5.39	108	105	36	59	99.46	41	103	38	56	148.02	18	147	35	54	16.65	65	115	96	136	142.99	52	126	54	128	103.88	26	27	24	100	72.55	131	29	99	70	53.45	126	22	150	147	6.63	72	148	26	51	25.47	6	135	76	144	110.02	33