50 240
45	126.02	142	24	48	128	77.4	90	143	135	106	45.27	41	119	73.79	85	17	43	123	19.23	100	128	150	87	130.3	104	68	71.7	17	143	121	42	138.31	135	19	99	74	107.96	141	31	35.96	57	103	88	87	12.64	15	38	26	145																																																																																																																																																																																														
149	79.77	3	48	1	53	133.1	32	110	118	72	33.89	56	124	53.61	2	107	9	38	121.03	101	84	10	70	104.41	8	53	83.15	27	69	36	26	126.49	3	108	107	47	147.33	64	142	79.28	44	138	19	135	57.82	17	108	86	135																																																																																																																																																																																														
12	74.92	82	63	51	48	92.26	149	89	97	111	137.09	1	34	55.21	85	79	43	117	9.68	81	113	86	149	41.16	6	126	143.3	110	17	80	117	68.5	51	125	65	15	6.45	92	28	25.38	110	118	13	53	95.67	139	55	125	44																																																																																																																																																																																														
8	71.03	86	105	149	94	53.39	117	46	80	124	54.9	2	138	107.55	94	140	103	131	59.68	149	125	21	91	117.23	80	29	85.29	6	89	73	91	23.59	81	32	87	110	70.12	69	62	89.55	16	65	68	95	35.52	130	7	49	7																																																																																																																																																																																														
109	57.85	23	19	138	37	146.17	66	98	150	65	55.47	105	93	16.35	80	24	22	125	111.14	15	92	106	61	32.68	85	54	58.1	62	22	92	116	7	17	124	83	87	126.13	141	6	57.94	60	71	25	89	112.36	103	24	59	58																																																																																																																																																																																														
52	99.01	146	72	50	112	16.63	101	35	96	16	103.33	146	80	7.31	55	87	43	142	109.72	132	116	65	60	59.21	127	144	35.48	90	145	133	85	42.13	135	80	34	47	148.43	107	107	129.95	120	5	12	96	62.1	83	92	123	7																																																																																																																																																																																														
68	111.46	58	43	1	70	128.52	36	24	14	108	116.65	53	59	26.29	94	4	125	6	124.36	16	29	93	11	65.13	78	35	42.83	85	91	8	125	66.4	111	124	1	135	26.68	137	67	78.41	83	89	87	4	86.4	47	70	13	82																																																																																																																																																																																														
117	29.14	85	127	100	118	144.28	23	57	5	39	98.19	150	91	149.34	124	78	122	52	44.23	59	149	8	45	61.89	88	24	111.28	107	52	114	16	144.44	26	3	35	117	132.73	5	23	14.4	72	49	91	40	1.1	17	67	7	82																																																																																																																																																																																														
46	104.69	140	58	124	70	7.67	78	90	39	147	146.97	113	65	42.61	71	8	16	82	125.95	149	66	60	92	35.99	26	120	28.41	137	103	52	19	130.63	56	34	131	150	15.23	131	93	136.82	58	25	29	99	5.71	141	3	4	123																																																																																																																																																																																														
110	41.14	20	92	115	87	99.83	85	69	23	80	83.59	49	42	85.41	50	118	14	137	17.6	142	141	118	96	141.3	5	138	5.05	137	43	77	72	26.82	44	43	52	7	1.23	25	82	6.17	91	108	84	93	25.62	10	61	59	74																																																																																																																																																																																														
110	37.18	124	147	41	106	81.45	117	30	129	61	96.56	16	25	146.84	122	131	24	127	36.03	108	98	100	26	116.25	53	121	9.16	113	143	125	114	131.7	14	61	76	101	50.47	3	41	79.13	91	49	13	14	16.38	71	51	125	30																																																																																																																																																																																														
69	104.16	68	64	135	69	12.82	99	70	132	66	97.44	131	55	89.98	50	24	105	143	81.98	29	47	58	50	116.17	146	53	146.25	56	59	149	27	27.97	95	27	71	64	83.52	27	98	123.31	81	17	133	109	106.9	96	65	49	77																																																																																																																																																																																														
16	30.04	117	50	149	100	74.3	6	72	76	148	124.46	139	101	73.58	56	122	6	81	86.24	115	133	18	96	64.7	100	75	112.86	9	29	107	49	99.61	67	63	42	88	52.38	63	6	132.54	90	128	134	30	117.62	114	10	149	23																																																																																																																																																																																														
125	84.67	138	38	101	107	112.2	80	36	70	59	56.83	80	113	72.3	52	47	5	99	65.47	89	62	29	96	47.94	94	47	137.33	18	28	115	16	80.17	97	146	83	142	12.43	67	146	81.7	59	147	53	67	37.42	98	57	16	19																																																																																																																																																																																														
83	12.99	5	141	19	42	75.31	16	11	91	123	33.92	62	140	53.96	42	64	96	87	101.41	116	6	50	31	117.99	142	107	127.96	2	41	73	75	14.15	65	1	86	104	76.9	104	146	94.81	104	86	39	149	18.83	108	80	9	81																																																																																																																																																																																														
100	90.46	71	100	53	47	39.62	29	97	79	120	33.13	43	137	147.46	117	76	82	145	7.65	20	36	57	39	66.73	129	2	112.63	23	107	8	87	17.65	14	18	110	110	3.18	16	147	13.55	141	142	77	68	30.52	71	124	50	36																																																																																																																																																																																														
62	126.9	85	47	6	104	103.57	65	139	35	14	141.74	54	85	130.37	149	114	1	88	113.25	81	22	49	2	105.87	65	64	117.41	125	29	121	61	22.48	59	39	100	84	148.18	103	105	21.94	13	52	142	126	34.12	98	114	32	32																																																																																																																																																																																														
123	136.17	15	66	59	54	41.56	15	19	27	66	30.88	95	46	58.59	149	28	131	60	134.77	64	137	130	67	92.79	127	3	1.96	76	108	62	28	132.39	99	45	47	7	21.72	100	36	103.78	36	123	113	100	2.53	75	10	34	114																																																																																																																																																																																														
103	134.82	123	6	12	30	92.58	61	38	16	142	41.88	9	33	13.96	141	141	76	30	81.73	107	79	64	15	29.25	36	24	131.92	14	110	69	44	144.48	9	68	60	26	32.82	109	33	143.6	63	18	69	103	39.68	21	115	5	88																																																																																																																																																																																														
100	116.68	73	147	66	48	66.05	123	63	59	22	77.35	141	44	65.99	31	139	60	116	77.35	105	102	132	28	82.19	67	149	24.04	127	57	21	5	93.89	138	63	98	116	90.51	49	112	54.8	125	62	15	6	141.87	84	150	124	48																																																																																																																																																																																														
25	109.11	98	108	91	48	42.96	95	52	17	73	82.62	113	46	53.84	63	85	132	136	92.93	108	75	122	81	137.82	141	55	53.24	123	13	115	63	75.07	45	39	13	62	127.06	149	52	106.93	55	56	100	96	36.43	133	63	124	105																																																																																																																																																																																														
126	3.4	2	143	123	38	67.01	14	26	46	100	142.47	110	118	53.65	80	114	43	52	70.13	96	92	73	86	90.45	64	71	3.82	8	24	111	91	132.4	117	27	85	5	4.52	80	4	84.53	26	150	127	112	30.99	111	34	61	21																																																																																																																																																																																														
145	122.44	45	63	14	62	21.42	25	1	77	7	136.36	150	48	6.51	129	35	140	146	88.25	133	128	142	21	144.25	92	68	23.95	131	53	80	12	46.31	146	29	59	113	13.33	36	148	17.91	61	74	103	108	49.78	42	3	143	141																																																																																																																																																																																														
7	10.13	64	142	34	60	24.05	77	5	60	23	79.11	126	79	35.62	26	112	66	84	82.86	112	143	144	118	27.69	110	42	16.64	40	9	12	107	85.5	26	59	26	14	127	87	2	118.23	35	127	105	23	21.68	94	129	107	33																																																																																																																																																																																														
28	44.05	127	13	142	137	20.18	145	4	14	26	33.72	73	70	34.61	2	83	86	133	90.08	140	145	59	137	104.91	70	78	41.63	77	88	57	22	29.48	73	15	138	59	69.61	124	15	73.57	39	19	94	73	137.99	112	150	40	34																																																																																																																																																																																														
55	14.28	148	25	28	147	14.92	126	111	29	42	2.89	136	33	56.97	8	36	76	13	123.36	10	138	58	7	149.97	55	21	2.76	35	14	79	148	4.54	49	139	38	20	39.95	101	79	122.1	69	39	138	18	127.11	17	23	109	92																																																																																																																																																																																														
65	73.67	96	115	47	145	76.14	25	65	62	5	95.19	80	3	122.73	123	78	30	22	30.54	55	147	23	148	148.69	105	18	126.25	7	63	36	45	136.35	122	77	56	130	57.36	97	69	4.18	129	111	71	136	83.92	86	126	74	35																																																																																																																																																																																														
66	27.31	15	44	113	123	101.47	58	100	143	91	53.14	50	141	73.2	45	130	69	101	10.65	105	44	115	10	86.69	100	121	74.88	13	84	41	56	33.89	72	149	111	40	137.03	142	86	111.56	91	25	95	104	142.27	44	12	52	135																																																																																																																																																																																														
139	72.13	62	63	34	26	26.41	85	38	10	47	70.37	129	3	134.38	119	148	18	47	56.15	83	118	118	130	110.04	60	92	41.61	92	19	56	119	95.34	60	94	68	51	51.77	20	53	150	58	43	114	120	90.81	78	73	96	5																																																																																																																																																																																														
81	116.77	49	42	142	5	25.14	117	139	52	41	136.9	142	144	125.92	21	141	35	97	43.92	2	47	107	79	64.17	45	39	89.29	71	67	137	61	88.64	10	92	55	34	19.18	115	115	51.78	23	150	125	16	111.17	138	10	53	69																																																																																																																																																																																														
69	46.1	126	67	118	99	140.45	76	79	132	21	44.66	7	18	22.43	1	144	102	24	135.58	50	135	149	21	116.3	135	133	119.04	72	24	124	137	26.85	144	53	42	126	94.2	17	50	48.01	29	148	95	83	65.83	114	37	6	135																																																																																																																																																																																														
22	111.27	68	28	138	135	49.56	29	92	68	64	100.87	114	116	29.34	55	105	86	1	17.51	73	89	120	26	121.77	60	44	110.56	17	142	16	108	100.11	114	129	111	5	55.74	149	19	70.81	52	7	99	8	94.47	148	119	48	86																																																																																																																																																																																														
66	127.09	45	123	39	136	67.43	40	112	41	18	105.14	65	5	62.94	144	28	58	35	119.87	138	55	99	62	115.49	117	60	102.64	135	134	59	142	31.26	106	143	6	93	129.14	13	47	27.7	102	49	68	85	69.6	4	40	133	123																																																																																																																																																																																														
30	69.03	121	44	143	127	95.37	18	31	109	31	2	4	95	135.26	44	44	25	131	59.34	53	63	140	38	65.1	69	102	93.6	59	18	8	55	21.25	84	41	43	86	63.16	74	31	110.1	142	62	146	1	32.2	127	92	112	23																																																																																																																																																																																														
100	10.87	65	117	8	70	50.6	11	144	141	12	103.17	149	66	128.85	10	52	23	22	101.88	71	17	75	35	120.88	34	14	36.86	131	107	67	108	73.31	99	147	53	79	104.09	88	72	76.4	102	1	87	24	68.59	60	121	55	127																																																																																																																																																																																														
130	120.68	145	105	134	9	11.4	12	3	2	108	130.13	39	95	102.95	50	3	144	122	136.34	122	127	69	82	109.1	18	141	41.45	120	62	137	73	4.6	37	108	23	74	19.54	10	58	123.69	100	110	102	23	67.26	66	118	147	124																																																																																																																																																																																														
56	54.97	24	138	65	60	62.12	13	55	71	20	145.68	71	127	127.16	74	3	114	50	118.31	84	27	18	102	124.79	98	122	38.99	74	80	85	123	48.32	27	33	145	70	64.14	41	45	15.03	30	103	78	2	115.06	66	5	35	95																																																																																																																																																																																														
33	24.67	118	99	84	88	81.62	128	7	111	70	57.21	52	50	7.83	122	59	54	107	84.74	58	68	61	7	107.77	142	111	34.38	128	53	133	145	127.88	88	102	117	70	21.16	14	38	49.83	142	50	102	28	65.29	25	93	67	72																																																																																																																																																																																														
112	119.47	133	104	114	143	78.36	103	116	38	124	9.97	13	26	47.82	88	35	125	131	121.01	112	3	32	121	109.53	41	96	51.1	73	140	132	98	19.14	58	19	138	52	2.3	141	113	29.27	130	59	79	60	38.62	71	15	118	127																																																																																																																																																																																														
102	132.4	93	141	69	92	89.73	91	87	28	148	25.12	96	122	89.7	111	129	46	114	45.48	22	83	138	130	48.01	10	65	54.03	80	114	64	146	60.09	68	85	30	48	56.36	123	57	113.72	112	51	140	21	113.94	134	74	35	124																																																																																																																																																																																														
91	110.36	77	61	48	141	12.79	133	85	32	67	16.36	117	59	108.87	95	122	96	98	105.66	4	74	138	55	38.99	132	11	148.42	53	124	8	65	130.46	100	39	29	49	59.22	73	68	71.38	84	4	132	39	149.27	42	103	1	53																																																																																																																																																																																														
92	44.96	43	79	143	11	108.08	132	95	106	63	2.32	86	135	8.84	45	113	35	108	94.27	85	23	146	71	73.19	93	91	44.59	93	105	110	15	66.27	143	68	28	89	13.24	9	135	148.87	57	119	76	61	96.98	53	122	37	24																																																																																																																																																																																														
24	97.49	115	1	33	27	61.88	72	149	114	15	133.25	136	149	39.71	132	48	122	29	64.87	69	70	97	20	100.12	40	145	66.2	146	136	37	98	32.4	112	82	57	149	66.56	91	84	24.34	50	92	123	34	69.73	111	36	67	25																																																																																																																																																																																														
29	84.07	86	79	38	1	48.05	58	68	117	46	44.74	130	10	126.24	81	95	99	128	50.07	140	74	7	66	54.26	68	73	108.67	123	121	118	105	146.84	42	2	147	65	45.87	31	147	140.41	51	31	60	99	55.74	128	103	117	80																																																																																																																																																																																														
10	12.08	1	145	74	84	83.1	96	67	35	72	108.13	94	7	127.94	64	10	143	142	86.7	23	106	65	69	87.21	61	73	122.97	119	113	97	25	45.9	144	111	65	13	42.92	42	103	26.19	10	98	136	145	114.11	140	23	85	104																																																																																																																																																																																														
79	75.71	107	117	129	16	7.37	78	22	84	46	135.63	17	105	39.68	90	102	107	32	117.05	138	131	132	42	90.68	136	125	4.44	115	125	105	83	72.91	147	123	41	4	105.82	21	30	55.9	44	126	14	133	140.81	22	69	39	41																																																																																																																																																																																														
14	3.77	79	119	108	29	35.66	115	74	28	89	46.79	14	146	145.01	9	121	91	94	108.64	84	120	45	142	90.93	105	16	75.46	46	125	66	71	61.99	132	60	46	115	44.55	121	133	116.13	14	39	54	113	48.77	89	10	122	64																																																																																																																																																																																														
29	35.53	138	88	65	68	95.42	142	114	42	52	19.64	104	92	148.77	45	1	137	7	19.71	64	26	58	37	126.84	77	19	73.3	137	22	50	63	59.22	63	118	97	125	2.98	40	75	124.71	19	35	143	87	49.06	112	96	149	128																																																																																																																																																																																														
81	66.76	134	84	17	98	15.68	139	61	36	148	48.77	65	61	48.7	104	115	73	47	73.12	140	108	75	81	34.61	95	106	33.64	124	14	6	59	69.56	57	120	134	123	9.11	120	133	3.96	33	109	69	114	113.77	137	93	18	121																																																																																																																																																																																														
69	86.69	107	133	46	32	48.15	50	140	52	52	135.14	117	107	65.91	25	96	25	69	105.52	54	93	64	141	79.21	97	58	109.96	121	75	78	72	112.78	92	80	43	63	149.59	90	118	28.56	41	147	33	147	98.26	81	47	99	112																																																																																																																																																																																														
139	102.66	33	100	120	143	7.43	77	42	68	54	113.2	133	84	94.34	140	26	29	41	139.04	53	75	130	148	2.99	147	101	18.25	7	74	65	8	122.45	119	120	76	20	18.82	144	90	84	74	17	21	121	118.1	67	20	41	57																																																																																																																																																																																														
124	106.2	120	109	24	114	53.34	113	111	81	132	78.71	116	50	112.28	102	65	98	149	139.37	129	116	48	39	119.41	65	65	32.12	122	98	69	56	106.6	61	72	139	17	27.28	64	103	125.76	48	148	107	136	32.55	104	69	114	17																																																																																																																																																																																														
65	87.64	19	57	22	120	92.38	19	18	47	39	144.04	95	75	31.3	64	24	55	135	130.42	84	126	52	96	48.89	9	49	61.18	14	21	69	63	76.07	7	98	141	142	110.23	94	38	41.91	59	88	75	40	110.96	62	65	99	145																																																																																																																																																																																														
7	60.39	121	100	150	28	144.23	81	115	146	19	103.5	145	46	7.06	146	69	12	72	133.48	14	33	93	99	111.44	137	11	20.53	58	113	2	23	65.19	73	133	28	124	126.67	103	7	93.53	45	80	136	131	132.41	84	41	40	123																																																																																																																																																																																														
76	28.79	89	58	24	8	101.37	113	108	128	99	60.17	91	4	16.79	85	145	134	137	143.64	98	62	49	40	125.47	36	105	21.12	102	15	91	116	8.68	83	129	51	31	128.28	133	112	28.2	52	18	44	134	132.93	116	95	17	17																																																																																																																																																																																														
17	25.02	139	69	32	123	1.89	122	103	74	32	102.38	44	80	113.85	28	86	10	97	146.18	147	45	21	55	119.41	110	119	120.25	77	58	62	138	106.67	97	103	57	97	11.96	135	2	145.15	4	59	110	71	149.22	65	48	4	39																																																																																																																																																																																														
17	118.64	135	123	124	8	91.91	121	41	18	106	21.46	59	49	7.55	139	109	142	48	37.81	67	48	149	88	9.53	1	119	135.76	85	51	93	69	124.18	88	48	35	123	81.14	61	126	19.73	56	114	102	111	3.19	94	13	57	65																																																																																																																																																																																														
19	46.52	99	108	9	26	128.89	102	107	98	41	122.22	116	146	113.12	133	65	125	30	10.24	79	19	107	122	141.57	47	33	61.37	105	100	27	76	39.05	119	142	121	107	78.9	141	87	103.25	14	24	135	48	49.92	13	143	99	103																																																																																																																																																																																														
129	84.3	17	67	107	143	63.58	72	89	137	31	46.67	63	124	28.17	139	45	115	43	108.8	58	121	139	100	63.82	111	149	86.13	148	138	116	117	47.54	146	108	66	74	138.55	114	70	71.49	3	61	102	75	4.8	41	45	32	111																																																																																																																																																																																														
95	53.12	45	47	26	50	41.79	104	117	123	107	129.42	110	56	38.23	118	110	102	107	53.89	42	104	140	95	43.47	69	23	61.08	58	32	43	63	45.83	47	27	24	125	124.43	121	74	145.33	5	19	100	63	132.24	81	66	138	19																																																																																																																																																																																														
26	72.69	83	79	87	98	120.45	143	60	124	57	51.39	96	119	1.61	114	119	64	127	88.76	51	115	128	104	132.32	149	106	71.18	92	126	28	120	145.77	19	58	5	83	25.47	61	16	30.04	1	87	22	105	84.43	58	98	72	149																																																																																																																																																																																														
109	140.78	144	92	141	70	51.43	72	120	39	7	142.79	99	91	85.65	33	115	73	3	144.47	52	50	121	16	65.07	29	17	80.96	39	16	115	95	109.29	63	48	92	92	44.35	128	74	105.37	55	29	131	107	147.46	61	97	25	24																																																																																																																																																																																														
150	130.94	20	40	74	141	30.39	12	136	95	73	98.67	22	98	74.38	50	145	90	35	20.11	109	40	89	86	116.55	64	82	94.22	118	40	138	108	125.71	48	80	103	88	133.71	150	34	86.85	57	46	148	91	86.35	120	35	45	131																																																																																																																																																																																														
150	60.99	91	82	89	86	80.09	94	43	124	125	79.41	145	133	113.75	51	28	71	3	147.99	71	94	125	7	142.11	3	72	72.39	115	58	71	29	9.83	3	18	105	137	143.73	40	73	86.05	43	11	93	70	67.28	60	110	59	139																																																																																																																																																																																														
59	30.31	44	118	109	150	32.57	130	92	80	24	145.53	149	147	136.72	34	71	85	33	66.16	42	64	51	106	38.3	23	84	5.28	138	133	87	51	60.55	74	114	122	124	108.14	120	81	138.7	4	4	50	118	7.21	140	125	7	80																																																																																																																																																																																														
39	71.37	112	34	129	133	124.97	112	133	66	73	95.21	127	133	101.95	28	53	90	26	125.02	69	43	150	131	34.77	6	114	38.45	62	67	127	80	20.78	89	27	25	11	38.85	54	2	115.11	109	91	146	124	41.32	109	68	127	146																																																																																																																																																																																														
143	55.53	59	106	53	57	33.69	75	135	42	143	26.97	39	99	51.94	91	17	28	9	82.26	71	120	39	89	148.79	9	50	21.85	92	126	119	62	36.71	128	36	60	150	72.85	102	45	99.62	110	63	101	31	24.77	112	23	126	70																																																																																																																																																																																														
81	139.2	72	2	111	67	96.87	20	149	35	101	146.07	145	95	70.42	56	54	25	59	99.18	145	90	136	133	5.85	21	51	95.37	145	14	46	92	60.35	47	39	95	56	6.17	148	90	106.52	42	148	137	101	18.9	30	65	124	122																																																																																																																																																																																														
47	64.44	139	85	4	120	62.93	7	107	41	36	128.06	14	118	101.4	79	108	141	126	42.85	121	80	25	98	52.31	105	123	105.93	132	24	72	45	115.48	36	36	110	68	89.98	130	98	54.41	120	145	18	57	63.56	48	65	80	17																																																																																																																																																																																														
78	54.81	127	145	122	141	47.92	118	85	93	112	53.03	149	64	107.56	4	93	83	29	61.69	24	115	97	90	69.4	37	94	67.65	136	90	4	122	40.03	46	54	101	101	82.53	82	83	49.45	140	48	149	44	88.24	75	112	143	141																																																																																																																																																																																														
1	30.2	32	59	40	82	135.43	147	107	142	134	61.41	27	11	75.1	92	90	48	82	41.2	101	118	60	18	148.44	136	87	133.77	101	109	49	50	10.65	124	122	132	113	10.96	117	71	97.69	79	20	84	101	22.1	116	70	119	82																																																																																																																																																																																														
70	127.94	61	125	43	52	39.11	42	140	48	50	41.74	96	66	138.56	140	136	75	32	114.86	47	148	42	41	40.84	116	68	14.98	80	150	27	16	19.8	4	134	115	26	82.01	138	80	122.88	108	69	132	120	112.21	68	39	26	135																																																																																																																																																																																														
99	44.89	28	32	66	96	111.19	38	95	12	82	24.44	115	80	142.1	99	45	105	78	92.31	16	101	3	16	75.32	128	141	54.98	132	137	71	10	53.2	49	99	108	19	7.06	42	30	115.23	141	108	52	63	17.94	25	50	86	141																																																																																																																																																																																														
43	16.48	3	29	90	88	100.35	146	70	57	34	127.31	93	24	3.73	137	30	75	78	22.04	128	44	127	37	93.8	36	138	37.84	137	121	75	144	12	83	1	2	94	118.65	82	81	57.52	8	58	135	12	111.51	36	124	75	58																																																																																																																																																																																														
72	108.26	72	61	19	56	114.05	111	61	113	90	48.62	55	12	13.62	127	62	57	42	115.04	12	9	142	40	83.09	51	6	48.43	67	64	64	56	61.9	31	94	142	104	79.76	85	39	109.82	137	128	117	31	47.99	144	51	24	88																																																																																																																																																																																														
19	121.89	89	27	115	113	89.43	43	108	15	147	49.53	136	114	11.24	99	147	31	84	94.93	2	120	149	60	26.85	84	82	137.89	30	2	33	147	18.2	48	34	130	106	101.51	2	116	54.92	24	66	107	28	15.27	72	63	120	18																																																																																																																																																																																														
80	21.16	14	73	59	123	25.15	137	26	19	54	19.2	13	36	31.4	93	32	73	33	48.27	23	127	30	14	74.79	147	130	44.25	93	98	121	95	134.03	89	12	140	131	89.47	127	128	139.88	3	92	140	56	20.38	67	117	47	47																																																																																																																																																																																														
28	20.97	109	63	94	139	141.28	87	43	13	96	63.95	33	56	60.91	28	90	150	83	58.13	49	129	109	47	92.18	108	50	110.08	97	111	65	46	101.15	53	53	131	121	26.21	128	37	45.21	16	111	127	74	3.19	6	100	23	6																																																																																																																																																																																														
141	34.47	78	64	140	148	56.36	66	87	55	3	21.39	26	118	23.09	94	30	37	38	62.68	72	120	50	133	36.08	4	42	149.68	102	17	131	46	20.05	40	22	126	69	23.81	126	3	21.47	135	117	7	121	105.78	149	62	34	137																																																																																																																																																																																														
90	63.22	11	42	69	147	65.64	127	74	4	116	19.61	38	47	24.66	23	141	7	89	81.41	5	66	132	1	146.95	82	93	42.82	47	8	1	111	66.94	21	34	79	131	58.34	10	124	33.7	89	102	45	34	18.62	81	84	20	23																																																																																																																																																																																														
142	105.76	11	73	12	18	65.66	37	133	23	111	63.05	24	5	121.91	129	131	15	108	2.97	12	34	47	85	118.89	149	65	63.36	91	97	49	6	102.38	44	147	105	112	119.2	63	66	149.24	76	91	93	8	105.98	45	87	112	85																																																																																																																																																																																														
80	18.14	15	64	119	127	52.53	108	11	87	114	106.77	87	138	120.94	41	92	131	48	47.69	67	16	75	83	118.78	92	58	81.86	34	10	65	114	30.21	86	70	10	139	29.67	136	95	18.77	117	52	119	119	109.55	116	3	116	61																																																																																																																																																																																														
30	103.19	86	23	73	136	96.33	27	1	9	14	49.87	89	43	140.91	120	99	94	11	67.5	8	85	28	17	109.02	57	103	7.39	73	7	120	76	128.23	66	51	129	79	99	85	51	48.23	62	58	128	32	96.74	129	107	144	73																																																																																																																																																																																														
19	87.27	119	24	3	115	91.71	6	120	137	101	20.59	8	14	98.96	43	45	78	93	3.9	85	52	93	36	8.26	69	19	93.14	13	29	56	102	142.19	48	143	113	103	74.26	55	87	71.12	124	31	129	58	135.8	46	117	91	125																																																																																																																																																																																														
91	86.24	103	63	20	63	105.75	71	55	93	133	87.11	80	58	39.35	60	117	127	62	26.39	58	148	14	137	143.17	92	106	72.43	46	96	96	10	86.2	9	3	34	112	112.96	14	92	42.79	70	83	58	55	12.93	80	112	141	86																																																																																																																																																																																														
10	51.45	66	122	18	99	39.95	52	58	95	87	87.12	48	13	76.7	83	149	123	11	103.83	149	63	141	128	30.96	110	20	146.68	147	50	111	5	102.32	36	128	7	16	81.31	133	37	140.38	94	21	103	107	14.53	59	53	124	20																																																																																																																																																																																														
88	130.36	3	69	149	112	140.46	140	114	150	144	63.81	129	25	94.25	89	148	129	68	40.46	98	107	20	60	125.56	113	127	127.38	50	20	98	62	99.61	22	56	8	25	34.83	132	11	110.2	82	145	148	116	105.76	49	75	61	54																																																																																																																																																																																														
138	88.87	145	139	87	69	12.89	62	101	134	32	8.44	126	77	13.76	86	111	36	7	24.43	150	146	59	5	91.7	80	35	40.25	67	115	18	84	115.29	24	148	87	140	77.12	40	6	145.09	110	114	90	145	5.82	142	15	69	97																																																																																																																																																																																														
73	12.93	34	63	131	134	70.77	5	101	27	96	119.42	15	58	60.61	102	56	76	86	28.27	49	51	27	150	62.5	69	76	4.64	84	112	104	26	128.92	32	19	24	16	27.88	2	68	122.15	6	28	144	99	100.6	139	41	134	121																																																																																																																																																																																														
110	130.63	80	48	16	73	118.6	104	65	68	96	137.56	25	60	47.05	107	50	95	85	73.38	150	9	102	97	17.86	21	66	110.25	123	105	133	69	96.71	70	16	73	39	24.33	126	53	64.87	91	82	127	42	27.84	131	140	8	16																																																																																																																																																																																														
33	81.49	67	146	89	35	113.84	28	85	99	59	129.83	45	8	133.51	57	76	99	70	127.23	42	81	88	71	95.09	122	115	104.53	56	110	21	78	57.24	130	36	58	94	28.32	88	73	36.81	90	86	32	134	49.48	12	26	109	133																																																																																																																																																																																														
54	22.41	108	58	30	54	142.31	130	33	4	52	77.8	3	14	10.15	147	87	107	16	63.34	2	10	24	112	39.08	87	68	88.48	18	146	104	129	19.96	133	4	23	50	123.48	116	26	52.25	22	35	107	97	86.7	147	75	3	103																																																																																																																																																																																														
6	5.93	33	13	52	119	11.05	147	42	64	67	19.09	35	20	148.96	93	95	50	125	119.72	133	82	30	15	119.73	123	140	97.9	48	67	61	77	15.83	144	147	51	129	3.75	150	72	5.1	63	89	112	60	89.75	58	84	83	109																																																																																																																																																																																														
106	26.87	122	12	107	146	107.98	44	105	33	62	3.82	132	45	69.51	105	2	45	23	119.23	126	108	27	85	71.16	65	90	1.4	114	34	99	124	108.6	44	131	67	64	58.39	40	140	45.08	103	132	4	65	55.41	63	133	4	65																																																																																																																																																																																														
91	29.19	96	76	136	19	43.81	12	142	120	27	123.75	115	102	143.24	138	50	83	59	48.73	7	2	133	108	35.36	117	89	49.01	37	23	143	67	26.37	41	101	79	142	31.56	131	145	128.4	37	34	37	26	26.14	124	149	111	56																																																																																																																																																																																														
107	142.05	125	63	35	106	83.16	19	78	81	110	26.24	53	113	137.66	16	24	143	12	46.28	88	112	38	21	87.61	5	63	55.73	118	142	124	34	74.19	90	98	112	20	100.87	64	10	16.36	36	64	141	12	96.15	46	7	14	72																																																																																																																																																																																														
14	26.29	35	91	131	136	21.94	47	93	61	44	29.46	143	58	55.12	46	9	56	130	88.33	80	110	121	126	95.13	46	148	147.34	111	112	31	126	114.74	53	44	2	74	22.77	139	101	46.13	113	88	119	63	90.7	144	74	37	44																																																																																																																																																																																														
7	29.74	21	78	49	85	125.2	90	69	123	148	139.93	86	143	80.17	10	120	76	98	77.61	142	29	10	91	97.22	12	20	115.93	116	105	63	11	32.06	103	74	72	48	95.27	4	100	106.71	71	134	3	113	72.5	38	148	30	59																																																																																																																																																																																														
120	135.87	112	135	89	25	53.73	54	47	113	58	132.38	9	62	104.77	141	140	47	23	25.27	114	70	146	111	80.56	97	123	54.13	101	72	106	41	82.75	105	125	86	69	134.31	25	129	119.96	136	8	147	134	23.45	65	71	150	21																																																																																																																																																																																														
122	26.02	106	102	91	29	7.12	93	84	125	134	102.87	33	60	114.74	17	76	115	39	3.88	46	109	12	109	2.01	76	106	17.58	20	138	55	38	109.89	55	7	74	74	23.04	147	54	60.94	78	127	80	24	67.83	147	18	150	100																																																																																																																																																																																														
82	67.07	24	114	89	9	24.38	141	128	101	25	3.16	45	147	136	69	73	45	33	74.98	87	36	144	90	138.4	70	72	109.01	58	9	26	133	100.2	23	137	25	147	131.82	52	11	68.27	21	24	86	39	95.07	101	22	94	84																																																																																																																																																																																														
110	17	137	9	105	24	87.74	141	21	42	31	79.38	38	53	69.34	40	12	126	13	3.7	141	114	140	145	2.39	56	35	16.03	69	132	43	116	79.62	53	12	8	78	132.63	132	105	84.29	65	76	30	25	89.93	46	148	73	115																																																																																																																																																																																														
138	141.5	1	27	36	4	64.01	54	88	75	113	127.73	46	131	107.69	125	136	68	77	52.81	19	28	147	71	130.23	24	85	41.1	20	109	85	102	62.05	93	75	147	139	12.42	106	47	87.66	100	9	11	92	145.51	3	40	136	76																																																																																																																																																																																														
81	55.94	23	145	108	120	33.08	105	38	137	5	94.67	141	5	72.88	102	100	106	148	76.93	14	70	116	48	9.51	59	113	51.64	8	102	111	12	21.99	109	55	2	27	65.43	48	140	69.65	132	90	3	48	65.7	134	72	62	32																																																																																																																																																																																														
113	109.9	121	21	11	14	113.67	85	36	65	57	63.42	17	127	36.31	91	87	130	59	100.24	99	13	103	146	44.53	148	94	36.4	6	109	30	88	72.95	56	73	26	71	60.79	105	39	58.66	10	43	149	67	91.49	3	140	90	64																																																																																																																																																																																														
14	140.57	116	14	102	126	14.2	121	31	12	104	113.99	70	149	101.75	129	110	105	100	106.99	141	36	142	95	135.63	3	39	36.56	83	17	50	12	146.36	1	106	119	52	75.09	12	123	116.09	44	46	24	73	115.67	113	43	39	135																																																																																																																																																																																														
49	137.55	147	149	47	107	66.27	1	102	98	117	148.04	92	64	111.32	100	49	96	78	51.06	87	90	62	40	18.48	129	47	81.28	39	46	8	4	61.43	21	84	52	137	18.11	80	105	21.06	134	126	5	72	134.82	146	107	67	30																																																																																																																																																																																														
56	4.9	107	40	70	76	38.84	71	67	121	67	59.37	11	118	61.37	58	50	146	91	10.58	131	110	96	85	19.42	71	73	127.05	92	86	17	8	149.39	104	91	18	130	56.99	130	47	102.39	77	81	52	58	3.77	101	101	52	24																																																																																																																																																																																														
135	68.72	118	114	49	104	42.06	132	42	115	95	133.85	124	102	121.25	56	65	3	103	73.26	96	65	142	44	20.77	78	39	111.66	130	70	98	84	79.65	111	77	58	139	149.63	88	87	80.18	122	7	78	134	30.62	80	125	16	39																																																																																																																																																																																														
27	16.92	139	94	58	33	9.05	23	50	53	67	141.25	129	88	3.51	149	24	142	90	107.53	79	73	70	66	39.44	40	12	72.63	88	73	24	39	96.39	122	97	101	86	77.97	53	54	143.73	121	27	40	82	32.82	125	134	106	94																																																																																																																																																																																														
116	106.94	8	9	113	113	34.94	137	63	101	109	93.96	103	56	139.38	25	144	130	17	37.75	22	128	105	67	119.29	69	63	54.71	145	1	39	26	69.5	100	38	143	93	144.03	6	18	3.19	137	84	110	73	62.75	136	140	84	126																																																																																																																																																																																														
83	59.01	134	55	114	22	82.91	85	136	140	2	49.92	132	45	52.31	75	18	117	1	135.05	74	88	131	130	59.75	124	21	58	8	95	5	108	17.49	82	115	7	37	96.47	108	98	104.93	60	15	42	27	25.68	80	131	29	142																																																																																																																																																																																														
113	99.61	10	143	17	136	34.62	2	8	82	128	8.89	113	5	41.16	128	83	114	69	17.56	41	101	113	138	90.27	134	23	93.13	28	90	68	34	135.87	16	74	119	59	104.57	70	45	37.32	34	71	68	133	113.54	131	80	5	132																																																																																																																																																																																														
28	25	90	59	94	50	141.77	1	7	90	46	26.31	75	82	55.22	28	113	128	145	71	72	40	59	4	48.8	134	118	97.37	82	12	22	59	69.92	28	22	52	94	77.96	79	103	116.56	139	30	9	30	120.69	63	27	94	79																																																																																																																																																																																														
51	56.08	22	39	74	2	146.25	4	25	24	73	57.44	41	134	70.61	65	139	39	34	58.56	106	35	26	111	23.55	121	43	32.78	148	123	112	29	149.01	93	17	87	51	55.25	7	135	101.33	104	72	22	77	79.98	35	92	87	88																																																																																																																																																																																														
104	36.2	28	5	36	128	103.61	105	80	105	79	94.63	76	8	60.04	42	110	124	144	32.51	61	39	63	33	45.76	17	57	140.78	14	65	141	118	147.15	4	112	63	47	110.48	145	87	38.89	33	94	12	27	115.59	65	35	33	66																																																																																																																																																																																														
113	44.86	78	122	146	62	19.59	77	127	69	49	3.32	89	83	86.65	44	133	150	110	83.91	107	127	140	45	11.97	2	6	138.5	76	100	70	3	23.12	43	12	125	116	94.57	141	73	56.28	104	58	41	137	12.33	121	27	122	126																																																																																																																																																																																														
21	48.1	101	119	139	13	133.77	37	145	64	132	86.5	125	71	117.02	16	123	41	88	114.64	71	83	70	127	147.12	83	56	130.36	141	131	58	124	134.3	11	34	149	130	100.87	109	143	140.97	51	65	53	39	49.78	98	43	122	54																																																																																																																																																																																														
43	70.72	50	84	108	114	121.33	83	101	142	28	78.23	45	107	22.25	110	26	108	59	67.61	145	92	107	21	32.13	115	14	89.85	136	57	72	133	136.54	23	5	103	69	84.45	9	87	125.38	136	145	145	106	115.79	66	19	28	37																																																																																																																																																																																														
150	123.92	146	83	125	90	137.44	129	124	24	119	115.92	76	96	142.71	10	129	37	145	58.04	60	120	88	8	81.91	99	87	82.47	114	143	81	37	130.17	43	69	92	19	21.86	42	8	33.19	128	131	121	27	89.38	85	19	121	147																																																																																																																																																																																														
103	85.61	45	57	38	52	9.63	107	16	146	2	120.87	110	148	96.85	96	90	114	67	79.82	9	17	102	56	98.69	30	37	117.96	37	53	109	24	81.62	114	131	129	131	125.15	88	55	3.6	16	25	137	144	46.31	39	65	87	66																																																																																																																																																																																														
113	111.19	23	94	128	150	17.36	130	87	61	29	10.7	72	125	12.01	29	80	113	53	13.26	124	85	3	39	99.04	41	2	67.24	126	100	6	83	63.14	124	53	35	20	41.68	148	103	6.71	112	109	110	130	56.58	94	31	108	129																																																																																																																																																																																														
76	24.16	56	129	12	3	21.25	40	93	137	106	73.96	44	10	140.99	117	125	108	31	68.12	88	25	25	120	139.91	62	150	109.48	65	70	36	23	81.38	135	25	143	30	106.56	142	9	26	63	97	8	81	118.52	71	9	137	35																																																																																																																																																																																														
8	61.55	19	31	56	114	58.29	107	55	109	139	59.68	40	75	14.18	150	12	91	149	129.47	40	132	144	14	32.26	80	119	60.57	130	28	123	68	2.03	17	138	116	138	71.45	93	74	69.67	33	55	133	31	124.02	39	63	45	11																																																																																																																																																																																														
31	56.33	16	62	59	83	46.89	65	137	131	27	100.5	109	142	93.31	36	17	19	21	34.43	50	144	145	110	66.82	49	130	125.7	2	54	5	148	93.42	5	100	83	39	145.14	6	41	122.33	35	5	121	33	97.9	128	57	111	4																																																																																																																																																																																														
16	92.25	6	60	3	83	47.94	76	1	69	34	30.55	28	52	128.21	53	101	147	150	27	143	5	76	6	103.01	55	60	130.87	143	65	145	66	115.92	107	72	73	25	9.27	132	16	81.13	96	91	115	114	13.42	135	148	111	130																																																																																																																																																																																														
41	143.11	120	59	45	65	56.95	131	15	56	111	43.17	7	79	112.53	135	99	39	23	113.27	2	76	149	8	14.2	74	13	124.33	14	142	141	55	30.11	111	59	52	43	70.64	137	123	116.77	143	67	61	47	22.6	18	139	149	133																																																																																																																																																																																														
61	27.48	71	88	86	129	8.46	78	40	10	12	129.61	150	50	42.87	124	97	47	104	63.71	145	10	101	17	71.44	119	142	103.74	65	147	8	91	92.19	149	18	103	93	64.42	4	64	137.17	104	26	56	23	83.69	125	98	34	58																																																																																																																																																																																														
2	94.88	76	73	73	111	67.5	42	27	134	54	31.56	110	98	112.42	144	25	96	14	20.4	42	119	48	28	95.08	27	110	132.9	66	80	2	13	53.49	141	24	45	53	25.22	65	132	54.44	99	104	68	120	70.31	42	116	65	104																																																																																																																																																																																														
105	84.17	77	66	45	59	107.24	41	148	7	68	17.17	88	149	110.05	115	39	57	121	134.03	31	29	106	104	131.94	58	64	106.68	82	3	115	15	143.23	91	72	113	139	113.72	80	18	89.14	131	109	75	115	2.9	23	30	25	19																																																																																																																																																																																														
144	40.13	23	125	145	31	80.46	126	55	113	145	125.83	55	108	139.91	117	76	131	48	69.91	84	150	77	86	36.86	79	6	60.88	33	108	104	74	3.71	58	120	5	142	67.82	39	76	121.77	68	2	113	1	6.63	119	31	81	128																																																																																																																																																																																														
41	8.01	67	109	46	62	64.69	27	51	42	66	68.26	110	101	148.32	32	63	82	142	129.2	53	51	4	97	124.66	83	66	65.95	87	96	143	87	129.8	61	89	96	117	70.23	19	110	69.19	25	64	139	51	125.55	133	36	1	55																																																																																																																																																																																														
107	100.27	18	118	79	32	14.31	18	79	107	106	60.68	92	27	54.48	16	106	34	16	88.66	66	49	7	23	19.89	132	28	52.94	117	146	62	49	126.16	133	12	53	117	125.58	124	52	76.18	22	60	4	18	122.45	45	87	80	120																																																																																																																																																																																														
86	32.61	149	120	68	131	87.82	117	85	132	105	62.19	26	69	33.96	36	58	100	87	114.8	138	92	33	45	89.75	49	105	124.05	85	137	50	64	68.2	72	47	150	62	87.8	16	87	124.5	9	86	18	115	57.03	150	3	44	81																																																																																																																																																																																														
55	50.54	32	63	129	108	139.14	104	147	11	83	102.18	150	68	125.52	37	5	97	117	12.3	116	139	102	63	27.73	84	101	11.16	127	31	114	53	66.35	47	118	26	132	15.4	120	30	47.52	85	126	29	20	68.35	25	45	112	148																																																																																																																																																																																														
136	63.58	50	35	67	136	93.04	96	10	81	62	127.09	100	19	99.75	96	125	125	16	97.31	123	77	108	45	10.83	10	76	72.98	81	66	124	53	44	139	86	49	84	82.04	67	146	135.88	48	50	48	43	149.54	43	79	38	69																																																																																																																																																																																														
36	49.36	51	146	71	61	28.99	35	63	89	55	149.56	9	77	109.03	27	89	98	62	112.77	22	43	32	76	131.95	116	47	65.78	107	130	30	67	67.99	144	92	89	105	145.41	4	78	2.25	7	64	69	108	120.2	144	118	58	49																																																																																																																																																																																														
143	121.14	31	85	147	49	148.59	15	45	139	126	10.82	29	95	33.11	124	33	89	31	126.06	21	22	114	19	136.68	59	144	134.72	10	69	145	31	115.91	144	91	3	21	97.23	42	128	144.4	59	124	5	94	3.81	41	30	110	92																																																																																																																																																																																														
149	33.75	144	33	128	74	90.63	79	130	103	113	73.76	98	42	124.07	19	46	23	134	28.64	78	45	28	72	2.33	10	146	7.44	93	29	60	22	101.79	58	148	112	147	14.13	137	6	99.91	113	64	7	27	125.97	90	89	149	70																																																																																																																																																																																														
70	26.16	48	5	55	40	5.63	112	91	7	115	51.39	71	12	52.56	59	130	120	42	104.42	65	119	117	69	99.32	12	132	124.54	36	149	114	75	32.29	135	9	11	40	72.88	103	41	11.1	22	81	69	113	36.65	143	109	108	56																																																																																																																																																																																														
14	77.39	6	10	134	145	16.92	66	87	105	96	46.95	76	82	96.62	19	71	71	62	73.23	58	57	115	45	111.71	107	145	51.66	112	44	86	1	28.84	59	17	89	37	87.92	124	103	103.02	59	143	33	108	10.69	48	137	142	143																																																																																																																																																																																														
62	123.21	135	8	79	34	136.47	69	4	124	54	74.83	55	11	92.52	45	148	109	44	22.72	1	29	14	93	90.96	34	83	124.89	24	111	149	16	17.29	123	139	136	139	96.15	67	46	117.43	20	48	74	125	105.69	46	145	99	3																																																																																																																																																																																														
134	148.26	105	87	28	26	84.67	99	10	81	116	127.71	85	137	46.48	8	106	16	10	2.78	85	129	72	18	66.48	98	95	111.8	72	62	127	138	16.04	130	68	142	106	64.03	20	132	143.51	120	79	95	126	1.99	11	101	14	38																																																																																																																																																																																														
4	87.31	140	69	94	71	132.56	74	140	29	41	6.91	66	5	81.91	53	129	2	8	79.36	11	38	20	144	41.36	106	111	51.21	129	34	109	74	144.52	77	29	2	52	1.6	112	67	5.26	65	143	98	148	122.49	124	148	95	27																																																																																																																																																																																														
115	6.28	70	122	25	96	23.47	13	111	4	62	67.43	3	51	101.4	77	35	105	122	138.19	61	108	55	96	10.07	78	80	128.31	108	146	139	87	122.69	119	29	38	66	70.33	117	130	103.99	114	103	106	17	6.55	31	118	77	124																																																																																																																																																																																														
137	33.12	88	127	120	90	20.7	50	96	108	134	84.89	89	77	47.72	34	48	127	136	49.1	17	111	88	103	134.6	34	92	62.14	33	6	101	38	98.43	149	40	113	88	82.24	25	8	53.9	104	120	41	145	98.95	60	3	13	66																																																																																																																																																																																														
62	106.56	18	137	126	45	81.54	85	112	115	3	110.05	66	92	43.24	13	25	2	31	80.01	23	91	114	72	53.16	37	17	16.68	134	23	108	57	102.14	145	108	12	125	131.93	132	81	13.77	75	44	57	51	2.62	2	146	2	106																																																																																																																																																																																														
149	91.2	99	142	147	58	35.68	15	34	65	150	81.89	35	85	5.4	77	2	117	3	17.59	40	125	47	25	140.44	101	51	62.89	8	73	90	76	88.73	135	65	94	4	77.05	126	71	109.84	80	32	37	11	83.32	64	9	119	77																																																																																																																																																																																														
15	70.44	143	58	33	70	12.79	2	100	114	23	148.98	26	72	36.42	60	144	93	84	76.09	32	120	94	112	119.95	8	131	135.47	12	4	54	34	85.82	9	32	20	40	27.32	52	67	90.17	74	49	119	78	67.87	39	118	39	45																																																																																																																																																																																														
61	14.21	10	126	40	124	70.17	41	137	68	43	76.17	150	91	113.95	49	65	49	60	135.55	14	120	122	79	48.47	112	149	91.3	107	24	119	27	87.7	106	141	112	139	133.16	134	5	101.52	81	42	23	23	79.6	33	149	148	78																																																																																																																																																																																														
138	22.82	109	95	140	101	148.27	98	101	94	30	50.43	34	89	17.38	147	89	86	83	111.33	147	104	22	70	136.74	66	52	12.84	103	112	120	17	98.59	56	58	149	77	14.23	127	77	2.19	4	45	121	74	148.64	117	132	75	125																																																																																																																																																																																														
127	22.71	69	134	24	21	101.9	106	135	134	2	99.01	36	79	111.44	113	145	37	78	120.92	146	124	86	76	64.35	144	31	35.77	48	10	123	21	101.04	2	146	97	122	10.97	116	52	29.2	145	35	51	136	15.46	7	125	64	71																																																																																																																																																																																														
148	26.79	125	5	39	82	85.91	47	39	115	14	134.6	14	121	108.93	143	141	104	139	67.13	50	40	143	92	82.92	30	96	117.14	115	127	129	135	126.31	81	13	94	70	110.63	26	66	7.62	147	2	62	60	79.62	65	42	38	105																																																																																																																																																																																														
144	67.47	69	129	75	114	81.39	53	40	73	75	63.76	78	5	42.4	52	129	80	21	6.5	69	53	104	128	115.34	105	24	69.77	125	34	57	39	90.62	52	70	10	12	146.7	15	146	35.57	9	145	107	142	146.79	19	48	51	43																																																																																																																																																																																														
40	138.88	144	110	4	123	128.93	23	63	62	130	89.97	111	75	99.95	141	28	48	141	83.01	13	134	40	144	120.76	13	42	84.65	30	132	109	95	123.1	53	115	67	45	61.79	89	73	65.11	76	145	84	73	107.26	10	123	68	115																																																																																																																																																																																														
45	66.92	117	11	139	23	82.07	32	82	20	19	84.78	115	11	4.02	45	92	122	1	1.86	21	61	63	11	148.96	105	145	111.3	147	49	68	52	62.19	137	104	4	139	42.26	109	57	27.52	47	94	45	120	106.44	45	132	35	115																																																																																																																																																																																														
121	118.65	38	78	45	120	131.95	4	91	128	26	132.15	102	90	139.12	146	136	91	116	26.96	110	62	31	45	81.92	26	140	149.28	7	9	44	90	28.61	104	80	65	69	143.94	131	80	64.8	16	137	62	12	124.14	49	50	68	126																																																																																																																																																																																														
148	42.28	106	111	79	125	129.59	16	80	138	27	1.63	89	148	10.81	73	14	94	85	57.22	11	148	67	122	38.37	93	105	10.73	82	129	92	113	37.85	131	90	138	105	73.18	111	91	9.48	109	16	98	67	145.35	94	85	55	91																																																																																																																																																																																														
19	113.2	42	141	6	74	1.89	116	142	22	1	123.58	94	118	72.59	139	94	15	24	63.92	142	90	140	74	49.62	25	95	107.8	141	100	117	101	146.64	12	50	89	57	101.05	112	69	1.18	148	50	80	128	123.79	107	38	38	51																																																																																																																																																																																														
7	30.7	125	46	65	43	4.22	34	83	1	130	42.31	126	4	50.92	66	27	34	103	103.54	78	27	121	41	137.36	131	96	144.78	140	10	11	119	101.2	107	107	124	144	57.96	142	24	105.49	134	90	95	142	136.63	136	36	16	48																																																																																																																																																																																														
36	16.97	4	14	129	71	65.6	28	74	27	107	70.23	89	103	82.82	106	102	64	113	24.64	150	12	104	105	79.89	92	102	44.07	119	4	55	22	93.61	29	140	107	65	126.17	103	93	147.51	146	139	126	74	128.79	64	40	99	2																																																																																																																																																																																														
26	146.09	114	112	138	86	1.38	28	102	100	38	100.16	73	7	44.08	46	43	104	5	21.42	103	134	6	130	11.63	36	12	26.85	88	63	147	104	138.6	36	109	111	137	125.09	7	145	41.06	96	137	19	15	67.84	55	118	110	146																																																																																																																																																																																														
3	145.34	27	25	146	64	36.36	122	142	99	76	112.6	147	1	149.99	150	130	35	126	97.4	46	149	58	106	2.01	10	54	119.36	117	51	64	121	52.67	148	143	147	140	34.91	60	96	133.67	101	116	124	98	48.5	124	22	26	6																																																																																																																																																																																														
91	90.59	110	144	138	138	102.97	47	56	116	117	63.5	14	37	47.72	29	66	23	141	25.72	17	63	142	123	145.17	49	86	135.61	45	128	2	5	75.47	30	110	63	106	126.28	132	2	22.66	134	38	130	102	129.05	90	97	129	125																																																																																																																																																																																														
9	39.59	141	132	121	63	54.16	105	127	132	24	46.73	119	149	122.27	17	5	101	103	34.54	53	36	63	13	2.06	6	132	60.18	82	79	99	19	27.99	124	106	132	147	99.71	18	76	71.88	112	87	103	124	129.87	96	117	96	18																																																																																																																																																																																														
116	72.71	123	104	17	70	47.14	75	34	137	20	36.16	125	107	70.44	80	75	50	61	44.22	101	98	47	150	67.58	5	141	95.99	16	115	132	97	44.2	139	39	105	127	74.11	23	147	77.75	137	132	6	28	34.74	81	26	139	147																																																																																																																																																																																														
40	67.62	149	141	70	10	54.01	22	66	28	39	78.64	66	137	145.52	149	62	74	70	89.83	111	104	13	64	71.41	118	22	105.44	19	89	58	86	143.43	142	41	24	144	135.17	46	63	31.87	109	124	54	72	39.82	101	141	59	110																																																																																																																																																																																														
52	106.23	68	69	45	53	149.36	19	21	20	61	120.29	98	50	83.09	122	85	117	109	148.65	60	7	36	137	128.9	66	150	85.86	56	14	43	41	88.79	80	21	37	4	143.06	46	45	33.78	137	150	61	9	108.9	92	115	32	139																																																																																																																																																																																														
101	144.53	27	93	107	17	64.89	78	55	59	95	80.16	133	98	36.21	75	79	29	95	73.9	135	59	7	125	3.57	106	82	20.61	4	80	14	5	88.11	96	36	19	3	123.03	47	128	8.4	136	66	94	111	32.35	1	67	13	76																																																																																																																																																																																														
83	62.52	92	94	148	85	86.1	72	56	30	16	37.9	56	95	119.45	59	34	129	87	71.47	22	54	27	6	51.2	36	74	9.39	146	110	108	150	51.76	130	46	124	103	36.73	77	78	148.42	63	13	40	103	43.45	26	70	7	122																																																																																																																																																																																														
96	98.49	87	116	136	112	112.51	21	101	97	14	76.4	4	63	138.25	44	146	50	17	90.61	23	80	118	116	15.78	40	71	71.85	148	117	119	57	101.07	120	86	106	8	59.18	130	11	126.75	39	77	72	149	32.06	87	84	127	19																																																																																																																																																																																														
109	136.16	88	53	58	45	7.82	109	37	10	45	100.96	69	39	10.82	136	119	129	136	94.86	110	143	22	117	97.08	9	111	65.31	56	114	65	102	72.55	21	82	118	24	130.01	135	136	67.29	83	133	70	65	49.88	103	26	122	99																																																																																																																																																																																														
107	38.21	28	54	56	71	54.62	3	144	54	112	133.04	88	53	40.96	38	48	128	45	16.06	39	148	60	115	141.53	56	33	133.37	111	60	93	107	124.72	71	106	38	109	63.01	18	1	94.43	150	95	92	43	81.98	92	96	105	27																																																																																																																																																																																														
127	39.77	102	41	127	68	6.01	73	103	26	48	131.49	55	92	47.65	120	18	146	50	94.83	118	9	24	56	67.74	125	107	73.67	97	44	92	65	79.83	131	86	52	61	90.07	11	92	16.1	26	22	149	129	76.46	145	149	148	114																																																																																																																																																																																														
51	89.29	122	136	143	27	76.59	14	30	136	45	40.67	67	125	30	27	89	136	120	128.61	124	28	39	63	110	56	29	40.22	6	126	30	69	118.5	112	20	11	57	99.26	70	64	2.32	66	31	76	3	53.66	31	70	13	22																																																																																																																																																																																														
98	82.44	79	55	48	81	144.27	87	44	114	56	59.53	105	47	109.93	46	128	138	64	66.52	46	67	31	115	20.06	114	148	34.41	113	117	41	80	134	128	58	90	87	146.03	99	45	30.57	75	88	98	90	116.39	87	14	28	12																																																																																																																																																																																														
70	98.69	121	53	40	70	86	82	90	13	94	87.23	7	40	98.45	74	55	29	46	53.65	45	104	58	126	28.72	47	56	40.67	51	95	17	102	125.2	60	76	45	126	66.25	30	40	100.46	44	58	6	45	109.36	22	143	113	51																																																																																																																																																																																														
109	75.97	123	65	72	64	110.97	125	40	139	99	27.54	119	150	70.93	79	93	79	40	24.82	27	28	74	13	50.62	139	10	51.77	67	81	8	17	29.81	15	16	111	128	37.3	42	122	75.25	3	22	56	57	124.25	31	85	106	106																																																																																																																																																																																														
66	91.96	96	119	21	62	44.74	77	22	140	55	11.18	34	47	21.54	98	80	11	13	85.18	82	66	74	93	94.08	62	49	98.59	86	75	46	106	109.39	125	75	145	47	73.56	19	140	63.86	135	52	147	145	19.89	63	33	32	3																																																																																																																																																																																														
62	46.31	107	1	14	66	51.95	126	126	117	34	40.72	148	129	76.94	31	137	23	35	8.19	70	17	3	21	127.68	62	59	2.32	43	37	70	25	118.9	42	121	76	47	43.65	146	16	5.69	24	71	134	100	113.57	19	89	99	106																																																																																																																																																																																														
62	31.71	102	100	114	88	142.94	85	107	25	93	34.72	45	43	87.65	100	127	110	2	146	98	14	33	110	92.4	115	74	9.61	53	34	75	37	70.23	19	79	44	136	80.84	127	63	118.09	92	64	83	34	42.56	127	120	49	55																																																																																																																																																																																														
24	119.88	54	83	93	28	120.61	80	114	94	42	7.89	138	46	42.61	91	80	49	102	1.58	148	50	136	20	113.98	23	49	146.02	98	30	132	5	61.95	132	112	132	16	133.71	8	105	10.04	111	65	105	39	3.94	58	119	54	5																																																																																																																																																																																														
7	118.27	113	127	74	64	7.08	111	6	14	59	32.18	93	116	65.05	45	133	55	111	72.73	70	20	84	150	76.63	16	43	114.73	136	64	143	5	14.94	111	44	146	13	36.85	56	48	29.8	32	86	142	13	27.18	81	150	130	96																																																																																																																																																																																														
134	34.83	50	6	16	11	139.18	98	8	111	131	133.92	106	7	98.57	4	15	141	138	78.94	28	140	137	49	84.31	67	89	61.2	35	93	4	47	14.07	64	18	141	103	15.47	71	140	135.47	136	142	38	111	10.75	64	94	113	131																																																																																																																																																																																														
83	12.04	46	149	73	34	71.26	59	61	128	35	44.29	75	42	94.43	72	40	31	31	146.41	113	72	48	150	50.95	45	9	2.06	104	98	90	118	16.1	98	140	124	73	146.89	41	130	107.86	14	48	66	90	50.51	113	28	2	53																																																																																																																																																																																														
35	25.19	13	84	82	32	136.79	2	47	140	106	40.95	97	138	82.41	59	144	13	45	12.86	16	129	35	31	133.79	31	70	74.64	59	121	130	123	97.83	43	116	101	142	103.77	59	46	69.49	41	124	87	14	53.01	41	71	83	99																																																																																																																																																																																														
84	79.01	24	129	136	101	22.11	41	9	85	29	131.11	64	107	125.73	69	47	87	148	67.86	117	123	95	76	39.67	134	137	20.47	12	112	11	139	48.18	88	4	48	90	91.29	97	58	26.99	42	26	144	121	58.5	49	62	130	54																																																																																																																																																																																														
89	137.79	27	114	139	96	7.43	19	102	138	119	5.21	129	44	58.69	54	52	67	80	88.02	56	45	68	133	71.49	21	98	145.34	139	100	148	148	68.6	59	73	82	135	83.14	49	128	5.92	56	130	40	138	25.25	6	98	83	39																																																																																																																																																																																														
27	137.01	32	34	70	51	100.75	138	20	45	55	28.28	138	103	89.05	77	132	67	24	68.78	39	128	149	113	105.88	26	60	118.15	15	107	104	136	148.36	141	2	106	36	39.08	14	38	45.95	29	3	7	89	89.89	109	127	20	5																																																																																																																																																																																														
66	146.77	61	42	29	39	4.92	78	57	21	145	128.09	79	55	108.79	131	21	127	85	73.18	6	59	102	135	34.37	62	150	124.08	29	11	54	34	128.35	21	42	150	36	71.85	116	85	37.14	138	32	39	146	97.99	123	36	130	115																																																																																																																																																																																														
146	93.63	37	57	99	53	65.44	84	144	7	46	86.34	17	119	14.68	108	16	124	112	43.67	41	16	12	89	71.38	22	59	51.56	118	15	53	10	76.59	57	64	133	98	95.81	5	138	107.91	128	66	111	88	86.43	56	1	25	93																																																																																																																																																																																														
146	117.65	53	104	89	20	45.46	64	53	78	102	62.98	27	104	111.78	87	52	55	123	141.86	31	1	28	25	33.72	131	95	88.18	98	40	79	13	123.93	47	44	2	52	24.06	51	12	63.31	127	83	59	141	34.62	133	62	10	73																																																																																																																																																																																														
27	35.69	73	107	60	45	109.86	92	8	6	137	39.31	124	64	143.39	131	29	2	1	142.07	47	25	31	18	3.39	72	43	131.98	28	3	7	75	84.94	20	105	80	21	95.55	6	65	109.19	57	96	42	49	124.25	3	141	43	6																																																																																																																																																																																														
79	125.85	19	45	33	84	47.82	22	124	84	30	120.77	94	7	67.25	145	43	121	51	77.81	119	91	106	135	121.18	53	95	18.07	78	61	69	84	48.47	143	57	22	64	103.48	38	123	50.44	38	18	93	12	105.65	76	134	44	20																																																																																																																																																																																														
52	12.69	97	98	4	27	21.16	123	37	53	11	81.99	120	27	112.62	138	133	100	85	118.11	82	27	34	21	146.71	56	110	112.63	81	39	141	106	128.08	147	97	143	83	96.61	2	11	68.44	94	127	2	31	117.21	33	103	16	104																																																																																																																																																																																														
41	49.01	84	103	135	45	147.61	55	72	7	16	70.73	91	129	11.69	70	77	46	88	79.13	122	103	133	36	120.52	2	122	82.98	119	77	119	135	120.87	67	93	106	65	76.66	1	5	70.37	132	137	54	134	31.21	147	127	126	95																																																																																																																																																																																														
69	126.52	43	68	90	21	100.7	110	109	24	141	46.81	39	60	17.2	113	36	23	145	104.85	145	80	14	137	122.77	131	116	42.27	55	148	124	138	70.04	41	80	77	101	144.35	136	12	143.06	150	100	103	75	112	101	69	140	71																																																																																																																																																																																														
37	102.47	62	32	71	134	1.88	60	6	40	89	76.15	18	6	59.3	130	30	102	61	131.68	53	41	2	1	15.9	56	15	98.42	3	46	150	77	37.16	35	70	126	149	125.31	117	87	57.59	78	91	149	8	3.46	88	140	46	64																																																																																																																																																																																														
49	134.74	65	73	17	43	33.24	93	128	62	81	117.32	73	129	39.03	89	146	116	85	54.17	96	63	110	30	6.14	40	32	44.17	64	127	57	144	137.65	70	32	87	41	105.77	146	101	103.57	69	40	75	70	115.84	65	65	123	14																																																																																																																																																																																														
134	20.34	138	90	146	52	7.16	115	48	74	142	116.51	58	26	46.01	92	119	8	82	99.14	103	32	116	3	135.85	109	113	7.83	71	83	54	128	143.33	145	138	144	141	26.4	70	121	40.49	17	116	66	108	96.11	69	117	16	107																																																																																																																																																																																														
148	28.06	117	70	48	59	48.55	121	43	150	57	135.83	91	134	89.34	110	73	112	67	133.48	108	143	146	45	22.74	98	111	136.76	55	32	30	71	20.73	40	35	118	2	42.12	51	61	98.37	143	87	149	24	123.31	107	129	44	114																																																																																																																																																																																														
13	3.83	101	23	96	14	62.58	84	12	68	140	80.39	118	104	27	110	66	5	34	98.99	114	46	108	68	74.1	129	20	11.48	150	135	113	63	49.59	117	131	64	70	48.65	147	136	136.57	95	19	142	89	69.14	74	87	63	73																																																																																																																																																																																														
131	17.49	99	29	144	105	7.27	73	3	136	94	29.56	92	21	95.24	21	46	57	24	65.38	12	12	28	107	27.6	90	149	3.71	54	56	115	142	122.16	91	41	4	137	95.31	116	93	104.07	73	12	126	74	10.42	120	25	80	111																																																																																																																																																																																														
58	28.82	98	82	33	141	32.65	113	31	22	39	62.79	78	142	7.33	84	127	143	1	137.49	109	137	97	78	141.75	14	101	15.89	144	54	67	26	113.33	33	52	31	45	144.32	115	18	33.8	33	107	110	3	23.13	88	115	44	3																																																																																																																																																																																														
148	113.3	36	119	122	127	21.71	132	3	96	76	100.74	29	128	9.06	17	52	126	141	10.94	76	37	13	1	99.58	3	26	106.99	147	110	135	94	4.94	3	20	40	126	147.79	29	117	149.15	1	27	148	59	104.42	100	85	43	144																																																																																																																																																																																														
40	78.89	89	31	118	84	27.37	60	77	35	74	71.21	122	134	8.28	2	42	2	38	46.17	110	66	21	139	105.39	40	47	118.28	30	59	33	71	11.25	119	6	136	7	73.6	147	111	86.04	73	82	97	131	93.22	36	31	34	5																																																																																																																																																																																														
141	90.82	24	94	76	111	111.91	112	14	115	129	4.82	74	117	149.23	59	104	23	3	136.72	99	12	68	130	105.73	49	23	58.02	146	22	37	106	15.86	91	64	150	125	147.2	106	35	72.16	132	91	8	69	28.81	136	11	89	117																																																																																																																																																																																														
121	74.07	11	97	47	39	113.99	64	143	46	30	4.3	13	94	147.7	59	149	148	123	48.58	96	37	53	114	71.65	137	16	71.44	106	48	31	101	11.81	146	141	20	71	3.34	103	127	41.32	27	10	53	130	99.83	22	26	48	120																																																																																																																																																																																														
94	12.03	138	140	16	150	44.04	81	22	54	30	88.45	76	122	68.01	11	106	7	125	112.46	91	45	5	133	149.17	138	110	30.17	137	67	56	29	81.78	48	82	14	148	28.49	6	103	86.09	24	70	6	94	141.52	24	122	136	97																																																																																																																																																																																														
89	58.43	61	6	102	30	91.61	1	83	22	34	100.05	78	93	142.92	143	112	115	38	52.09	3	137	84	115	149.89	37	17	121.27	112	78	52	32	65.95	13	41	92	131	94.2	43	52	83.91	80	128	146	135	70.95	17	72	16	73																																																																																																																																																																																														
125	32.45	37	143	55	10	116.93	66	9	23	34	98.13	110	123	105.73	60	98	57	63	12.57	8	142	128	20	139.94	102	123	55.97	20	107	86	10	53.7	17	94	109	1	39.38	126	12	29.31	61	69	118	92	16.48	37	27	136	26																																																																																																																																																																																														
45	49.29	80	81	108	87	26.42	45	41	119	29	125.73	41	136	60.28	52	72	86	10	72.49	51	92	34	56	67.91	56	11	8.78	115	24	90	133	50.38	26	2	121	112	46.89	53	117	127.93	147	19	56	120	9.31	38	23	111	114																																																																																																																																																																																														
45	53.11	68	45	123	1	1.01	40	108	146	62	73.47	20	106	136.49	39	48	135	16	18.53	51	137	15	148	42.1	30	19	103.15	89	141	120	116	108.76	101	121	116	73	31.42	133	131	98.39	129	150	150	149	77.39	14	91	89	16																																																																																																																																																																																														
144	110.97	110	2	94	28	56.11	51	92	112	141	119.81	67	7	134.43	122	136	93	33	107.49	91	12	125	75	68.83	114	12	92.78	122	28	142	65	110.01	94	9	30	65	96.13	55	90	149.55	109	32	90	75	46.16	117	48	59	48																																																																																																																																																																																														
79	125.62	58	76	24	114	81.41	65	89	141	140	102.71	145	137	84.49	7	144	100	99	15.27	95	82	2	54	138.87	129	23	2.85	39	145	121	76	107.81	58	122	1	127	138.83	8	121	98.68	54	87	149	10	34.77	40	61	3	75																																																																																																																																																																																														
58	78.6	5	128	9	26	130.01	3	49	23	88	80.15	6	63	132.41	119	127	146	119	70.56	71	103	102	57	25.1	50	8	53.84	10	62	130	43	108.22	22	65	54	12	26.67	138	8	140.72	67	48	7	29	111.05	80	123	90	81																																																																																																																																																																																														
33	29.39	87	61	137	48	33.35	113	24	15	150	3.42	19	60	67.99	34	129	20	129	26.88	33	114	84	25	32.17	119	62	60.57	1	131	49	58	60.22	94	99	147	36	117.16	89	129	80.56	97	137	148	45	6.06	50	4	59	19																																																																																																																																																																																														
133	114.68	74	46	101	9	101.11	74	45	10	57	111.7	142	78	80.88	101	68	145	137	75.95	2	63	140	109	23.06	100	66	1.32	32	137	17	16	141.98	132	25	78	76	140.08	145	36	34.9	11	5	149	70	82.54	41	83	82	8																																																																																																																																																																																														
81	6.53	90	84	10	88	21.4	10	29	37	84	7.08	37	97	113.11	45	29	60	62	16.7	116	96	123	145	90.19	104	50	9.07	72	101	112	139	73.4	14	116	7	95	137.29	134	145	110.91	26	130	83	36	42.75	52	148	31	59																																																																																																																																																																																														
91	21.24	104	4	102	104	120.65	56	62	129	139	117.21	60	129	17.65	35	117	55	36	65.34	91	112	147	64	117.06	7	38	147.28	107	69	25	91	80.06	134	10	145	131	74.5	98	30	122.93	74	97	25	52	14.98	148	36	20	144																																																																																																																																																																																														
13	103.84	56	29	113	149	1.67	147	121	101	93	39.96	56	98	77.56	36	3	137	126	130.66	116	31	62	6	28.63	112	77	57.61	109	22	130	43	14.6	75	33	16	71	3.49	99	99	78.08	75	14	29	28	94.38	41	123	10	109																																																																																																																																																																																														
138	35.4	80	16	87	41	119.12	134	4	22	76	132.78	8	90	95.1	105	57	23	75	31.71	129	38	88	27	21.25	11	118	6.92	147	110	13	76	46.24	50	105	23	73	73.67	137	129	47.29	27	46	31	101	86.6	26	117	78	107																																																																																																																																																																																														
28	125.67	69	146	53	11	18.09	25	145	20	114	23.17	51	113	72.52	5	116	33	19	54.38	146	112	132	55	2.31	141	51	64.66	130	107	12	86	111.95	94	13	103	47	27.58	47	133	145.33	125	129	63	110	100.69	39	132	10	100																																																																																																																																																																																														
8	57.51	74	101	120	36	50.93	139	91	29	50	48.41	48	141	62.12	132	57	94	138	25.92	14	46	117	49	50.11	121	25	70.82	120	89	49	135	27.44	85	35	82	61	135.73	75	70	51.3	10	79	143	120	91.32	130	56	108	78																																																																																																																																																																																														
12	44.93	18	39	71	11	46.37	115	83	146	101	28.59	44	83	126.43	111	93	67	53	83.15	112	149	63	70	29.87	96	136	2.31	22	94	120	57	22.3	143	78	109	18	66.24	51	145	38.25	93	23	136	46	104.95	80	131	50	67																																																																																																																																																																																														
55	128.66	38	132	127	119	75.6	86	37	69	91	35.41	62	38	58.16	16	35	89	140	69.46	17	33	74	89	41.41	93	36	148.63	94	135	127	3	66.44	132	134	32	33	103.54	79	23	73.74	21	9	4	107	5.45	148	126	66	117																																																																																																																																																																																														
123	70.02	130	107	32	30	114.48	5	121	68	16	28.67	29	30	149.86	106	3	56	56	2.27	112	105	77	93	114.61	5	31	137.54	30	146	56	41	80.59	67	76	110	122	46.61	148	13	54.44	38	78	61	106	20.42	132	122	64	88																																																																																																																																																																																														
111	147.42	112	24	12	89	149.39	19	12	77	31	136.81	103	69	63.72	121	112	149	83	108.25	17	4	88	42	135.2	38	44	98.45	69	87	123	103	149.75	140	18	72	47	58.18	71	41	136.82	46	29	44	33	95.63	43	140	49	92																																																																																																																																																																																														
49	86.6	78	101	48	28	88.69	117	64	97	148	112.35	34	41	37.95	126	22	142	12	110.92	60	36	8	111	10.35	24	14	22.53	64	35	7	141	71.72	70	1	9	70	119.13	114	120	145.65	39	54	11	59	20.45	85	78	48	150																																																																																																																																																																																														
65	148.95	113	92	74	116	133.91	56	33	143	141	141.94	2	28	97.22	53	147	146	34	131.55	106	51	75	102	118.27	42	56	123.76	2	86	30	59	22.72	136	43	19	133	106.95	134	102	101.97	125	28	88	99	7.44	31	72	11	58																																																																																																																																																																																														
139	6.35	108	60	78	133	48.89	69	118	17	94	83.92	35	140	16.14	66	84	85	75	44.22	22	65	72	98	49.16	110	122	45.29	45	10	28	3	73.56	123	119	150	118	59.35	47	124	68.42	11	102	41	121	90.3	38	18	71	59																																																																																																																																																																																														
110	23.33	78	122	142	145	117.91	24	63	6	71	40.35	108	12	5.74	140	34	35	63	116.89	100	29	136	116	92.73	10	1	48.28	109	30	32	96	112.11	102	132	85	50	14.49	94	103	45.18	134	98	61	50	15.68	75	33	111	102																																																																																																																																																																																														
9	70.67	150	114	22	143	13.76	141	39	64	46	34.8	28	117	90.2	107	141	104	82	43.12	43	44	49	115	126.41	89	105	72.1	42	150	97	5	114.27	147	76	114	129	37.2	137	133	33.87	15	64	55	148	53.44	12	60	128	33																																																																																																																																																																																														
141	129.46	79	112	145	103	32.48	13	140	42	2	52.35	5	17	67.81	20	150	64	117	60.35	7	30	32	3	126.89	115	33	137.15	49	111	91	60	125.8	98	109	101	19	15.18	65	45	85.37	13	13	35	11	29.04	71	33	131	142																																																																																																																																																																																														
36	64.74	15	125	124	106	114.75	56	90	12	10	89.78	81	9	90.2	77	116	126	140	24.24	41	117	101	47	49.24	52	35	145.23	72	107	81	23	67.99	11	8	149	129	34.23	32	20	141.85	126	97	76	94	138.85	133	117	76	91																																																																																																																																																																																														
5	24.55	120	9	89	8	19.84	70	24	49	108	121.44	23	140	39.69	94	38	141	3	115.28	41	59	142	73	60.41	46	96	136.65	125	101	4	97	4.87	124	14	34	44	57.99	86	122	101.44	80	138	133	19	59.76	78	125	23	83																																																																																																																																																																																														
64	14.22	137	12	124	2	40.57	38	15	148	74	104.33	50	135	4.94	62	108	133	24	48.35	133	132	62	50	7.14	105	65	148.1	7	99	145	22	82.52	130	26	61	76	133.43	2	63	34.52	24	15	15	64	81.06	103	140	46	85																																																																																																																																																																																														
16	27.01	46	35	3	139	40.24	121	128	19	41	94.12	88	66	120.02	29	101	105	74	9.61	68	65	30	57	143.82	14	60	130.17	20	16	60	17	3.39	110	51	145	105	94.25	14	9	21.41	145	87	148	13	92.12	21	42	38	47																																																																																																																																																																																														
71	144.74	31	80	114	60	126.53	39	125	18	89	63.3	40	66	144.59	101	111	63	10	143.49	98	70	108	121	109.23	61	124	22.38	84	133	15	16	116.28	117	76	118	150	32.52	19	26	10.63	48	31	45	115	87.37	145	140	10	117																																																																																																																																																																																														
102	106.37	83	128	90	136	111.03	114	135	34	12	116.75	62	133	46.99	102	74	141	113	89	29	141	56	121	77.6	150	110	36.68	92	116	68	24	83.18	89	150	12	104	55.75	4	121	26.35	28	146	13	69	139.47	55	139	2	102																																																																																																																																																																																														
93	106.71	122	54	3	17	107.7	103	149	11	118	30.84	47	103	59.41	108	70	80	150	15.99	142	146	123	21	132.18	135	101	140.87	144	139	24	38	115.88	90	1	77	24	51.52	133	94	136.07	18	100	102	2	138.93	110	106	66	145	70	88	110	55.53	108	44	54	96	107.18	47	50	148	44	33.37	57	122	36	123	55.54	108	35	56	89	118.39	72	85	4	40	80.21	111	150	142	147	144.29	125	104	129	48	38.86	82	13	33	23	36.84	99	84	106	94	127.81	35	64	17	52	109.43	40	44	7	97	145.92	112	89	74	7	85.86	138	135	9	36	32.26	83	45	147	33	145.4	8	13	120	76	88.88	101	85	87	107	117.49	96	17	108	13	146.29	9	50	69	82	109.72	20	2	54	44	75.55	140	99	70	92	8.47	95	12	118	145	35.08	143	73	128	119	75.57	81	150	125	112	56.03	17	119	144	138	65.08	142	125	48	105	63.92	63	59	24	54	52.05	99	76	82	148	118.53	95	31	24	97	101.95	109	126	70	50	39.69	64	10	149	18	139.83	31	120	142	67	43.19	84	43	86	112	130.3	62	101	15	11	96.89	30	30	101	140	127.44	4	47	15	149	15.11	47	130	26	128	144.77	30	46	54	82	64.69	6
