50 240
129	62.66	36	25	57	83	128.72	135	56	150	100	117.52	148	128	5.18	46	42	25	28	138.37	5	6	31	9	87.3	115	86	131.53	39	92	149	59	73.38	92	111	8	122	54.29	29	75	86.07	7	77	1	4	37.93	96	94	64	100																																																																																																																																																																																														
14	61.68	76	110	82	17	11.01	11	132	7	103	9.86	48	103	113.56	115	113	52	14	15.83	57	121	6	1	148.92	123	17	115.69	134	148	41	25	148.57	54	145	46	52	82.3	114	36	109.02	30	54	119	76	73.77	102	131	100	33																																																																																																																																																																																														
147	97.3	117	131	107	64	78.24	62	59	84	25	75.7	51	65	63.67	37	47	82	77	84.03	57	54	1	49	123.05	143	51	2.66	7	59	137	97	21.98	134	25	118	22	117.65	20	1	87.76	102	61	30	85	65.55	93	39	145	18																																																																																																																																																																																														
133	48.12	120	62	95	85	138.21	41	56	88	148	71.75	7	104	32.8	139	147	115	37	114.14	72	26	145	122	78.63	14	113	107.87	27	42	83	88	5.75	20	6	98	122	74.49	51	22	11.57	28	49	24	125	74.68	55	112	89	149																																																																																																																																																																																														
25	55.23	104	61	25	62	97.87	86	77	98	108	12.92	96	73	135.56	128	24	69	105	118.43	121	60	110	83	36.34	14	57	129.87	88	91	118	26	2.87	36	84	64	92	48.36	67	14	45.05	119	66	8	29	11.72	38	36	53	81																																																																																																																																																																																														
21	5.86	122	62	123	100	56.22	96	92	5	85	78.6	136	23	127.3	24	112	132	128	102.97	99	36	74	80	70.47	131	16	136.68	66	86	32	105	53.71	91	86	125	76	112.13	10	92	54.87	80	45	110	85	4.79	79	105	80	32																																																																																																																																																																																														
44	58.42	71	143	15	52	88	12	17	31	8	91.56	65	84	86.65	71	41	110	16	37.02	42	46	85	110	35.88	15	129	44.86	98	85	57	144	106.46	51	61	9	1	150	1	59	56.86	75	38	30	20	95.31	85	143	48	111																																																																																																																																																																																														
57	77.31	92	7	118	76	148.67	2	50	140	47	9.28	133	30	19.02	100	26	149	111	1.82	16	56	107	4	23.04	90	139	110.99	110	103	112	63	35.5	110	111	148	10	143.5	132	94	71.74	34	119	93	110	144.38	132	59	150	49																																																																																																																																																																																														
118	122.32	51	4	135	98	49.15	29	81	99	37	68.31	14	32	1.89	124	25	2	41	112.83	51	150	62	23	87.67	28	118	42.27	112	131	131	114	121.35	12	52	61	104	53.89	48	55	133.63	128	133	96	59	61.92	22	20	55	120																																																																																																																																																																																														
20	110.85	112	150	111	21	76.93	141	120	130	11	105.19	64	17	122.05	48	147	56	42	60.06	107	94	143	103	114.66	97	121	36.81	38	138	91	32	82.32	40	51	6	113	16.71	128	123	91.57	13	55	6	128	132.28	12	73	108	67																																																																																																																																																																																														
89	34.71	2	110	54	74	117.22	45	109	116	112	99.88	90	7	76.36	96	124	123	6	46.45	146	124	105	88	82.39	97	66	82.97	114	41	22	62	94.82	142	101	85	93	62.1	56	8	25.05	63	41	15	132	95.54	144	147	98	51																																																																																																																																																																																														
88	64.12	16	12	110	49	129.67	35	52	88	28	114.24	54	20	43.71	62	117	119	8	90	97	10	138	30	139.13	128	32	137.47	87	129	58	27	74.08	117	144	76	93	24.86	91	67	55.56	81	123	75	95	108.74	148	116	133	92																																																																																																																																																																																														
48	27.8	26	138	144	29	147.55	135	22	85	114	134.67	91	30	79.32	121	86	100	65	32.09	69	125	124	23	67.37	118	148	143.22	137	11	4	7	58.06	131	67	111	59	28.48	63	27	33.03	17	44	128	5	92.52	52	56	131	122																																																																																																																																																																																														
38	49.61	102	65	22	128	6.78	68	48	52	84	107.91	103	16	17.42	46	82	27	42	100.47	77	37	50	28	112.58	92	61	23.65	58	10	134	68	148.44	71	49	128	26	67.02	110	10	76.88	3	120	74	107	90.09	105	137	32	73																																																																																																																																																																																														
127	128.82	134	83	72	49	50.91	100	37	31	25	15.54	69	142	29.92	33	43	54	2	24.77	3	53	18	133	116.83	139	129	79.89	51	112	68	135	49.86	43	114	35	114	110.86	28	150	45.19	86	24	29	38	33.87	28	11	17	60																																																																																																																																																																																														
48	31.76	26	79	83	58	31.94	136	145	22	67	57.63	33	103	137.04	131	2	122	68	99.28	74	21	95	34	72.12	20	67	68.11	122	50	4	57	34.26	134	145	102	38	74.99	129	109	96.93	110	24	112	80	67.17	95	76	57	73																																																																																																																																																																																														
79	132.47	31	122	142	37	5.3	127	18	50	26	22.23	29	138	61.2	41	149	74	26	55.11	95	10	131	93	95.75	19	80	72.66	88	38	48	43	142.65	94	101	53	139	5.96	11	9	12.07	63	118	112	28	72.59	23	13	23	12																																																																																																																																																																																														
125	29.04	45	44	101	36	120.71	42	114	55	60	63.51	27	47	2.16	15	54	139	116	82.41	36	70	45	145	92.49	36	43	35.14	147	9	72	71	5.23	71	23	8	101	22.69	55	67	104.18	131	106	104	2	32.53	142	145	55	35																																																																																																																																																																																														
113	59.47	138	63	127	42	62.12	10	43	60	33	97.72	8	138	41.35	96	83	109	12	50.67	118	77	57	123	100.36	73	111	86.57	10	6	62	2	27.92	122	46	89	57	148.07	81	19	124.92	58	68	17	102	117.55	147	117	110	126																																																																																																																																																																																														
9	123.34	63	42	89	141	28.82	91	83	74	34	12.76	84	138	31.32	97	127	98	73	99.72	102	70	30	26	11.49	130	96	88.17	8	146	24	103	110.33	97	116	12	135	30.69	133	30	120.87	99	140	32	105	130.7	125	122	32	57																																																																																																																																																																																														
14	130.04	20	49	68	35	51.92	47	131	50	28	20.66	71	47	39.91	103	109	56	87	149.43	61	81	53	52	24.51	7	67	126.47	93	112	99	28	125.58	3	95	30	63	91.98	87	86	121.33	111	107	15	28	144.41	27	63	116	6																																																																																																																																																																																														
55	80.37	110	86	40	18	140.95	74	9	41	75	125.33	74	13	21.42	149	44	94	82	128.17	75	57	69	149	99.63	25	106	6.19	113	42	120	15	121.81	97	84	17	25	14.4	14	12	110.8	120	80	14	82	7.17	148	147	24	76																																																																																																																																																																																														
11	45.45	107	77	101	64	33.22	18	80	106	82	15.06	27	19	90.3	102	47	84	103	124.46	147	139	138	97	44.63	114	65	118.79	143	92	70	148	115.96	34	10	47	60	91.18	44	139	32.58	94	82	122	143	99.04	91	56	30	121																																																																																																																																																																																														
91	18.16	56	119	77	77	17.12	98	112	117	118	26.86	10	3	69.78	10	70	52	84	98.44	110	127	67	1	84.2	40	120	42.21	69	84	135	118	50.13	44	126	116	148	32.58	141	24	101.16	148	23	92	1	45.53	112	17	20	8																																																																																																																																																																																														
145	106.88	68	24	140	72	46.14	112	57	6	56	117.68	119	110	51.75	22	110	61	28	56.15	41	93	147	75	18.77	59	64	23.28	123	5	38	63	65.61	42	20	38	129	112.17	120	38	73.41	146	43	134	53	30.96	13	60	102	29																																																																																																																																																																																														
137	121.77	89	99	9	119	86.84	145	116	80	135	14.29	6	134	121.18	48	43	89	37	133.03	119	90	27	1	117.25	12	27	70.7	93	119	101	150	125.66	117	12	19	59	78.55	111	83	126.4	125	11	109	118	131.07	48	55	41	149																																																																																																																																																																																														
117	114.55	143	102	94	70	128.71	111	65	71	2	103.34	135	47	109.1	88	139	132	118	147.21	137	36	114	20	3.64	137	87	92.71	66	65	23	102	136.83	95	3	115	60	49.33	147	139	27.05	44	28	128	141	133.08	147	59	141	100																																																																																																																																																																																														
141	68.22	99	34	124	73	122.33	5	107	25	78	117.94	118	144	106.09	101	112	37	41	62.97	117	126	42	119	40.81	54	30	92.37	75	110	112	86	87.65	129	43	93	54	110.3	145	29	75.69	82	13	150	147	25.33	18	32	47	135																																																																																																																																																																																														
91	131.94	54	147	75	144	93.72	101	136	129	36	122.07	22	18	49.72	107	36	62	114	43.92	17	34	80	150	110.28	80	26	84.29	55	70	28	108	9.32	31	83	85	122	123.74	47	145	17.78	5	24	72	33	114.74	143	83	130	150																																																																																																																																																																																														
100	93.82	77	88	80	88	130.58	125	126	70	114	77.62	33	80	60.84	90	37	53	119	149.72	78	73	16	2	3.47	58	64	132.65	117	141	71	119	20.33	71	6	91	90	88.55	28	41	78.81	128	68	20	87	19.85	34	31	89	27																																																																																																																																																																																														
79	73.01	36	27	140	111	88.96	21	79	56	89	111.24	50	126	11.89	16	35	134	57	126.38	58	99	110	17	17.26	5	138	38.49	25	150	144	83	73.66	146	38	54	27	113.29	9	120	45.94	100	10	82	107	55.49	79	123	4	99																																																																																																																																																																																														
43	113.47	6	21	105	28	44.36	94	37	87	15	42.55	61	133	136.84	143	7	21	143	54.22	135	19	134	86	121.48	95	144	115.49	70	111	71	103	39.31	106	63	5	57	26.28	7	64	91.78	79	14	34	14	12.09	113	138	134	51																																																																																																																																																																																														
20	94.62	60	84	12	133	37.42	67	35	21	42	63.86	149	84	62.53	47	34	38	9	17.41	90	42	97	76	2.23	106	55	44.84	68	112	26	62	125.69	89	41	21	76	80.57	54	65	66.31	131	28	134	133	129.53	7	45	32	107																																																																																																																																																																																														
119	142.35	78	7	31	51	95.2	133	81	6	84	22.01	103	62	148.39	22	12	61	85	112.55	49	2	99	50	56.33	74	144	16.69	35	102	18	83	104.3	127	133	22	26	8.96	49	80	52.98	10	112	2	71	69.09	63	89	103	134																																																																																																																																																																																														
60	38.77	139	60	50	6	125.3	135	1	39	85	45.07	75	12	33.52	107	31	13	53	16.71	85	9	100	41	142.32	17	144	145.95	44	126	124	87	77.2	13	111	33	59	119.27	64	39	101.82	26	27	124	119	106.35	107	83	134	39																																																																																																																																																																																														
128	37.67	102	90	31	107	115.39	132	123	93	20	22.93	117	66	57.06	135	60	59	115	48.65	88	128	108	125	82.47	101	142	73.99	38	52	69	57	80.47	132	30	78	67	8.64	125	141	46.32	106	32	149	81	94.88	34	104	95	66																																																																																																																																																																																														
95	97	143	117	97	84	61.4	116	121	10	23	14.44	130	110	117.75	131	69	34	63	70.28	31	49	17	8	6.89	95	84	49.34	12	80	29	126	57.44	67	123	102	95	74.3	31	57	5.36	92	14	142	40	124.41	108	24	131	128																																																																																																																																																																																														
149	47.63	123	56	80	12	128.14	46	6	72	115	97.41	53	91	60.63	109	105	133	85	80.61	132	93	53	83	14.55	73	64	81.77	96	133	96	19	58.03	106	140	57	86	130.39	95	143	111.38	50	133	10	148	3.78	36	22	83	58																																																																																																																																																																																														
11	16.87	78	64	108	92	87.76	8	1	127	3	101.17	149	62	41.68	2	100	26	33	134.56	121	13	146	53	60.08	120	92	6.93	131	74	57	16	138.42	146	102	102	134	136.26	17	37	63.44	38	62	110	33	133.7	146	147	139	4																																																																																																																																																																																														
136	16.02	121	30	143	105	71.67	57	127	114	55	141.54	126	144	144.73	121	93	137	23	64.28	82	131	8	27	66.16	116	5	128.58	143	27	99	4	28.14	127	10	91	100	124.41	15	16	125.68	103	81	87	133	145.56	149	117	48	147																																																																																																																																																																																														
24	8.33	104	73	136	117	22.63	116	106	10	70	2.87	130	5	38.5	127	52	11	27	72.56	66	74	22	48	134.56	85	148	19.63	83	16	116	87	48.46	81	146	127	8	71.41	8	30	10.1	132	45	127	4	26.44	15	79	75	62																																																																																																																																																																																														
38	79.74	119	93	148	119	53.38	33	143	36	25	1.09	11	79	81.99	47	76	64	70	61.18	7	29	14	96	19.53	31	123	40.98	39	27	85	104	26.09	6	149	118	147	51.2	83	118	113.9	25	100	10	113	60.84	145	115	107	69																																																																																																																																																																																														
122	54.4	12	63	23	40	13.54	39	103	150	3	18.32	131	22	97.42	29	46	54	32	138.57	57	50	1	106	75.04	32	96	44.02	52	135	35	31	30.9	29	84	32	76	91.19	40	6	31.85	107	75	25	95	30.22	98	36	49	23																																																																																																																																																																																														
77	12.44	127	62	15	70	140.29	68	28	124	123	106.04	41	147	103.16	114	59	24	122	119.99	104	87	30	134	130.82	135	65	121.41	9	30	136	43	134.16	66	69	66	76	17.28	58	2	51.21	45	112	92	88	21.76	102	2	134	139																																																																																																																																																																																														
100	63.98	73	50	61	19	133.58	25	34	90	63	1.73	69	81	101.93	9	148	3	36	114.36	71	15	54	26	46.63	64	135	91.14	10	2	8	124	146.28	63	104	125	86	88.58	34	142	100.91	68	67	2	74	46.56	68	87	112	134																																																																																																																																																																																														
134	97.75	37	89	60	36	86.96	72	138	56	118	10.71	133	65	84.51	17	142	33	129	25.94	75	136	7	52	15.49	103	6	96.13	148	101	57	11	90.83	147	144	68	68	20.02	27	22	133.56	6	115	5	129	33.61	72	63	91	148																																																																																																																																																																																														
116	82.1	4	132	19	75	102.68	83	24	125	145	29.73	36	141	54.37	110	78	100	130	17.14	144	44	94	36	35.85	128	1	59.94	81	54	54	148	40.6	98	78	56	119	104.45	60	19	133.05	10	135	4	134	78.05	2	16	132	41																																																																																																																																																																																														
35	125.43	106	89	124	77	67.36	41	17	92	9	33.45	107	120	54.5	93	68	53	59	124.72	50	42	105	83	74.74	12	34	81.57	74	76	120	141	4.48	46	47	136	61	81.79	71	129	72.7	24	66	76	145	118.48	139	125	11	30																																																																																																																																																																																														
56	15.31	112	124	56	66	20.98	68	107	106	83	37.46	35	48	60.75	113	43	25	14	94.02	109	107	83	88	88.43	141	129	116.12	144	124	124	139	100.11	51	34	32	3	50.25	140	59	5.05	49	11	140	135	28	39	88	106	42																																																																																																																																																																																														
70	41.34	74	6	13	57	19.64	130	139	52	73	80.44	52	113	36.98	118	53	70	131	147.89	99	64	88	44	100.66	99	40	14.46	144	149	104	49	138.49	140	25	35	73	26.45	11	67	39.19	124	133	109	59	132.91	26	76	119	76																																																																																																																																																																																														
61	44	104	11	105	5	97.62	82	56	107	98	79.1	51	111	38.63	96	17	26	23	6.82	28	7	149	131	135.76	26	86	37.72	83	34	27	3	35.43	91	112	21	3	120.48	106	62	102.24	11	118	86	17	64.66	100	30	147	101																																																																																																																																																																																														
3	1.52	95	86	35	2	40.32	5	17	47	14	79.81	67	54	74.39	79	30	96	91	51.45	144	14	122	150	125.32	81	138	60.11	97	100	49	102	140.26	48	17	141	4	104.27	91	106	134.08	111	17	146	29	56.32	145	16	40	2																																																																																																																																																																																														
15	89.24	82	119	125	21	110.9	102	115	110	36	26.03	28	31	103.11	126	20	115	103	25.53	2	9	49	110	79.36	122	95	2.39	65	63	15	24	54.49	30	69	118	42	43.9	143	137	82.34	77	75	97	113	100.88	70	97	130	112																																																																																																																																																																																														
52	138.58	78	122	112	12	14.43	5	150	6	11	49.85	4	139	99.35	147	27	80	23	44.64	46	61	132	143	45.78	63	127	5.81	11	107	2	4	148	47	64	61	17	84.5	97	22	110.06	149	54	131	73	71.77	56	139	129	90																																																																																																																																																																																														
45	49.86	2	28	69	116	3.14	36	14	111	67	126.1	54	104	38.73	6	21	15	113	35.06	57	9	18	78	27.54	95	134	139.26	12	105	89	95	2.87	118	22	135	142	31.83	6	150	99.43	99	93	60	75	36.81	145	18	140	54																																																																																																																																																																																														
147	119.05	31	55	65	45	105.27	119	8	98	39	145.88	129	145	86.21	10	130	59	19	24.87	53	9	63	56	110.23	2	133	145.17	58	85	94	55	117.18	68	109	63	111	84.08	15	113	76.97	128	56	134	63	18.76	48	104	23	107																																																																																																																																																																																														
129	105.1	39	68	59	131	125.4	67	11	101	109	112.96	4	85	34.16	73	54	115	69	13.96	85	68	30	60	46.24	99	67	96.81	90	85	42	131	90.71	123	69	135	38	120.47	23	50	125.17	80	75	133	134	12.46	11	148	88	1																																																																																																																																																																																														
117	137.45	125	25	117	106	90.57	65	117	74	142	149.39	58	54	105.72	132	117	18	44	80.35	78	77	145	92	19.07	7	80	98.59	86	33	122	129	98.9	80	136	44	67	43.7	49	38	61.21	131	49	1	102	43.92	67	46	120	68																																																																																																																																																																																														
49	143.96	146	148	7	23	54.2	23	112	99	86	144.71	8	56	96.7	87	113	150	81	64.23	100	74	142	14	135.02	81	92	59.14	77	60	52	128	51.87	85	102	114	32	128.82	57	117	116.91	55	83	3	150	87.5	67	86	30	126																																																																																																																																																																																														
91	137.11	107	44	85	34	119.45	18	87	75	103	7.73	57	24	6.03	21	139	114	67	142.43	150	12	24	112	32.92	139	12	29.58	52	11	56	113	41.35	72	120	106	45	43.58	96	24	50.61	15	14	21	56	128.04	62	121	34	25																																																																																																																																																																																														
9	124.57	50	7	89	30	81.1	103	114	19	34	53.49	45	128	98.32	140	115	108	74	149.32	55	95	62	15	36.8	45	101	49.32	148	134	94	70	37.17	77	66	25	1	5.12	64	84	61.18	66	84	76	71	102.44	108	45	102	97																																																																																																																																																																																														
92	13.75	3	101	59	145	67.56	131	149	98	42	25.22	121	149	142.53	107	106	28	118	93.95	116	55	59	58	31.22	58	108	32.44	24	10	120	47	144.23	112	120	127	62	45.28	57	89	80.39	22	53	131	106	102.21	77	94	121	146																																																																																																																																																																																														
73	137.68	15	7	6	53	90.73	108	22	20	142	93.2	127	102	81.76	121	107	54	24	79.8	49	54	43	23	43.71	148	90	74.16	56	76	27	12	37.73	100	80	17	135	139.75	39	66	60.28	63	133	144	99	31.14	67	107	19	49																																																																																																																																																																																														
2	136.16	5	57	81	53	95.73	13	119	66	66	94.49	25	64	142.45	15	64	130	83	95.21	12	47	39	1	73.79	150	149	39.81	58	4	110	14	6.15	37	125	17	126	135.13	12	40	12.12	46	24	17	117	68.7	23	143	76	101																																																																																																																																																																																														
85	67.99	72	142	127	54	89.55	97	79	110	125	57.16	68	132	94.57	1	34	86	26	135.98	150	136	149	32	116.89	145	131	98.82	15	8	26	3	80.72	127	27	125	118	24.97	1	81	122.96	83	7	115	130	89	121	84	81	33																																																																																																																																																																																														
40	99	69	104	20	86	96.59	136	30	101	81	2.24	80	13	80.68	109	107	100	133	98.34	37	145	104	101	17.51	126	138	12.45	13	18	98	63	142.63	104	114	84	62	2.26	89	47	55.82	130	116	121	44	7.46	26	33	26	98																																																																																																																																																																																														
5	105.14	32	94	24	93	22.68	54	2	141	40	13.32	35	88	127.73	6	27	146	92	104.32	135	140	4	6	20.5	10	4	67.49	31	141	93	59	46.95	23	132	128	13	70.16	107	51	32.38	21	113	32	133	43.39	14	112	60	16																																																																																																																																																																																														
66	134.7	44	92	45	114	121.7	129	117	48	130	141.5	8	78	86.07	55	58	134	138	134.35	145	124	82	126	102.47	33	141	22.2	49	103	116	106	127.87	88	132	63	42	64.33	66	22	2.32	57	102	59	142	119.67	129	2	47	140																																																																																																																																																																																														
5	98.19	103	142	112	66	140.43	118	145	71	22	49.91	12	139	141.6	78	25	24	104	38.32	37	90	13	25	121.61	48	61	132.65	74	106	86	66	46.62	70	34	121	18	57.02	133	83	20.59	47	92	69	134	105.76	144	18	118	36																																																																																																																																																																																														
3	19.29	103	139	60	25	41.76	140	147	30	50	63.14	82	136	128.28	17	54	58	117	4	49	12	112	112	79.34	143	7	26.46	96	54	1	120	144.3	32	136	16	103	54.28	52	13	19.86	11	60	80	69	41.66	114	56	22	45																																																																																																																																																																																														
105	23.13	129	30	115	149	107.35	133	80	22	75	14.47	146	2	95.03	67	99	94	117	120.49	27	13	116	40	59.39	75	133	26.62	53	110	53	44	69.76	55	111	140	94	11.04	53	139	79.56	19	64	92	71	81.91	115	118	4	134																																																																																																																																																																																														
142	56.74	111	8	4	81	132.73	62	45	72	104	22.57	85	82	51.15	47	59	11	50	146.53	9	45	87	7	107.83	21	5	58.3	89	110	140	65	146.82	83	119	88	84	36.53	41	94	34.8	106	75	15	76	147.81	34	120	59	140																																																																																																																																																																																														
96	127.18	84	141	106	127	69.89	126	52	75	105	24.41	93	110	14.75	22	102	86	28	94.09	14	115	119	141	47.17	122	72	136.78	67	56	106	60	17.67	24	125	61	129	119.77	131	147	115.8	97	115	87	142	130.54	91	148	5	64																																																																																																																																																																																														
43	83.98	8	73	113	81	71.03	92	8	97	5	93.3	10	6	104.56	80	134	23	50	118.18	78	60	55	150	38.88	28	83	56.5	18	113	145	45	83.48	43	82	142	67	76.02	46	45	85.14	29	111	110	94	5.33	76	39	91	9																																																																																																																																																																																														
135	32.27	31	70	98	46	11.76	131	107	50	30	59.13	80	65	75	100	65	120	83	66.57	141	2	47	94	101.81	53	15	60.19	13	121	141	149	149.61	139	112	92	82	96.45	127	105	145.72	75	3	137	53	67.87	76	136	20	55																																																																																																																																																																																														
101	125.82	19	53	53	58	33.15	51	146	74	73	86.32	138	105	71.88	13	5	51	118	141.71	88	16	136	122	143.37	51	41	129.25	96	24	56	9	132.8	122	96	71	108	26.55	49	84	140.41	4	89	47	93	40.05	16	63	135	150																																																																																																																																																																																														
137	148.76	2	105	34	75	99.36	57	136	78	85	64.32	98	150	40.08	83	78	4	129	42.34	48	78	78	35	53.08	121	69	34.51	78	123	123	40	100.71	44	110	63	113	70.89	94	81	133.65	18	59	25	16	126.57	4	135	143	50																																																																																																																																																																																														
29	137.24	50	76	124	63	82.75	45	28	58	40	140.4	95	95	109.63	123	119	112	57	101.62	40	128	83	116	139.46	22	120	100.03	16	5	84	126	99.47	55	51	9	92	85.01	59	58	92.91	57	126	23	139	107.51	95	138	24	116																																																																																																																																																																																														
130	107.12	18	64	21	128	35.27	40	88	45	32	129.89	112	50	41.39	22	46	24	138	118.05	21	29	64	106	61.54	40	37	3.82	69	24	141	25	53.74	39	41	133	29	75.86	8	42	131.01	33	5	61	70	19.57	12	134	38	25																																																																																																																																																																																														
8	130.69	69	131	29	60	55.74	100	105	82	31	33.1	95	41	147.03	28	26	132	52	122.06	55	131	29	70	92.37	56	137	59.97	66	36	150	133	74.49	35	8	42	69	100.03	15	6	117.95	18	102	36	85	68.31	19	34	129	108																																																																																																																																																																																														
96	22.55	92	40	58	149	69.95	48	141	126	121	100.61	35	101	44.75	61	140	146	128	2.06	97	22	133	2	112.37	108	92	115.58	98	134	4	124	121.09	41	90	22	18	128.63	52	74	35.4	2	60	103	60	131.56	70	49	38	27																																																																																																																																																																																														
60	125.9	111	49	67	132	52.69	77	57	36	95	18.45	129	100	6.59	2	59	116	14	33.97	125	8	1	50	82.37	78	35	118.89	36	79	30	25	84.38	59	90	63	4	36.02	112	114	146.24	54	11	145	124	132.38	110	121	73	44																																																																																																																																																																																														
147	20.06	12	69	37	148	86.42	15	123	117	64	62.05	124	26	2.94	123	38	121	3	86.35	49	133	91	38	129.88	56	123	83.61	48	108	74	51	4.55	9	63	5	144	73.8	1	58	68.1	30	142	19	24	32.4	129	26	52	105																																																																																																																																																																																														
136	118.79	64	60	21	142	137.49	76	149	144	75	70.65	121	18	85.9	80	132	66	83	79.25	34	79	143	102	60.55	96	145	7.27	12	128	38	40	136.13	104	45	97	46	20.89	141	94	82.05	12	70	4	48	134.53	57	66	99	89																																																																																																																																																																																														
95	100.97	93	128	104	46	94.63	147	42	91	73	94.23	33	37	71.17	99	10	79	47	48.97	132	38	105	100	57.88	68	3	33.21	71	147	10	94	54.84	100	47	69	106	90.45	18	93	140.89	56	104	44	113	56.16	43	113	141	56																																																																																																																																																																																														
55	70.67	43	147	35	117	118.04	78	58	32	86	13.05	121	18	9	5	50	92	132	92.46	93	106	5	40	46.12	47	91	54.27	7	86	13	90	57.89	42	77	40	69	103.23	120	141	26.06	24	126	140	118	146.02	1	119	108	134																																																																																																																																																																																														
123	78.91	107	29	2	30	112.87	12	31	4	110	68.81	31	56	68.28	82	125	8	17	54.25	32	39	84	9	146.46	63	31	57.29	48	89	93	41	42.96	130	10	134	75	138.67	37	28	76.23	94	124	149	61	36.74	101	84	53	8																																																																																																																																																																																														
37	84.86	145	41	45	118	134.34	132	5	149	135	21.05	62	90	49.02	107	115	135	131	65.48	145	115	107	32	4.3	96	59	48.5	10	5	19	147	12.51	68	13	22	47	53.33	114	36	127.49	55	80	21	50	132.9	8	139	118	112																																																																																																																																																																																														
47	114.07	146	24	70	11	20.33	66	72	53	27	139.31	33	45	28.35	53	19	32	120	5.78	83	113	16	4	99.9	40	128	79.89	85	99	142	55	18.12	102	111	95	6	104.65	96	139	93.53	54	120	131	59	74.67	103	78	135	47																																																																																																																																																																																														
79	8.75	8	94	4	90	142.19	11	24	108	18	50.96	21	25	32.75	95	72	13	144	115.37	22	115	3	127	72.33	35	88	139.6	49	139	41	34	127.58	68	133	142	11	72.09	38	135	101.71	35	113	62	97	43.21	36	119	21	46																																																																																																																																																																																														
142	103.71	125	28	119	83	110.35	50	69	20	101	67.62	137	96	94.78	7	37	26	25	76.48	60	139	24	104	57.19	118	21	11.98	59	12	26	104	130.94	27	58	48	22	97.15	31	140	78.06	94	99	50	129	43.28	61	24	147	141																																																																																																																																																																																														
54	42.57	62	28	100	50	53.31	92	34	77	66	85.58	68	59	49.92	6	116	37	142	91.66	3	9	36	124	86.23	8	57	36	143	72	103	1	113.64	137	93	40	65	31.26	38	73	19	42	88	29	41	77.75	128	112	109	3																																																																																																																																																																																														
98	82.07	105	122	66	135	87.79	82	146	113	90	22.48	63	17	113.13	113	42	138	7	23.96	79	13	100	84	14.24	138	35	21.96	10	133	61	62	122.91	58	35	46	109	40.13	2	81	125.07	20	51	62	106	15.87	146	86	77	99																																																																																																																																																																																														
4	7.92	98	120	47	107	17.69	22	93	113	82	144.68	14	39	104.66	49	29	75	13	19.72	77	131	125	91	96.22	4	39	32.1	102	18	99	69	48.21	83	54	39	97	32.69	70	150	92.53	136	86	140	109	59.95	56	13	12	37																																																																																																																																																																																														
146	18.55	23	51	82	142	87.99	81	148	109	79	84.64	131	35	88.98	10	46	119	18	4.72	55	94	97	21	38.04	64	130	144.66	136	61	85	104	36.36	118	15	13	130	99.04	38	125	107.67	91	87	111	32	87.47	123	67	6	40																																																																																																																																																																																														
60	1.49	96	140	27	27	106.26	148	70	83	111	57.39	18	132	138.08	52	142	123	69	73.97	117	36	84	94	72.53	26	120	34.32	88	102	25	131	123.55	39	58	108	95	59.25	99	25	123.12	43	15	49	59	30.35	40	125	8	144																																																																																																																																																																																														
119	97.71	55	34	11	40	15.04	107	8	48	51	116.69	9	114	84.86	75	53	71	142	118.28	1	10	113	47	21.63	12	50	146.16	121	4	24	20	87.48	85	18	135	101	104.88	107	114	120.33	132	15	92	66	67.46	109	11	147	142																																																																																																																																																																																														
48	24.57	118	72	105	34	130.96	86	36	103	133	139.63	89	120	7.99	138	135	121	47	58.5	144	115	121	93	76.47	59	39	93.83	142	139	128	88	116.13	108	80	33	109	51.54	48	138	4.79	110	57	59	146	34.74	89	105	89	122																																																																																																																																																																																														
76	85.35	80	3	8	94	53.97	126	100	4	78	91.87	45	62	7.8	72	130	34	73	49.23	121	80	26	113	129.48	105	34	109.52	145	145	26	145	30.49	145	55	119	108	58.02	131	5	30.06	24	141	112	16	22.48	66	106	70	87																																																																																																																																																																																														
33	34.8	58	32	45	119	62.12	109	127	52	138	62.79	9	107	75.07	50	86	143	15	15.21	68	1	84	55	97.99	93	127	132.81	129	72	97	75	92.54	41	95	124	117	111.65	22	40	142.82	134	71	13	129	97.96	47	45	10	141																																																																																																																																																																																														
35	21.16	132	46	14	109	10.06	118	65	79	142	140.37	3	86	44.02	42	141	88	4	87.59	55	121	58	77	104.26	109	56	133.71	61	148	132	81	144.51	27	49	137	11	139.29	33	5	125.36	26	73	97	146	147.62	94	78	95	17																																																																																																																																																																																														
87	110.04	134	138	86	63	1.77	136	66	147	69	43.83	124	86	113.61	47	47	78	88	94.34	125	118	74	71	142.98	28	49	92.54	55	60	148	33	95.2	70	84	142	1	131.31	66	82	95.68	117	99	16	17	89.94	68	23	60	122																																																																																																																																																																																														
132	53.35	140	91	138	123	110.55	118	99	141	142	88.17	109	63	71.63	9	141	36	125	9.02	2	76	116	144	101.71	31	73	104.29	41	70	3	124	106.74	31	41	33	113	105.25	66	52	128.04	76	99	89	16	144.31	28	110	52	51																																																																																																																																																																																														
125	55.14	19	5	6	89	94.69	20	32	2	24	47.94	136	35	140.84	103	150	90	83	105.75	72	117	136	45	53.95	85	104	80.29	146	92	118	15	59.71	145	134	93	100	102.08	104	47	9.67	47	102	60	137	49.56	106	124	11	139																																																																																																																																																																																														
65	96.98	78	130	83	128	2.04	105	62	49	28	90.08	76	81	15.99	76	8	19	131	61.62	55	136	35	91	73.24	17	109	56.99	26	6	94	70	4.35	41	70	55	107	47.85	38	9	55.51	92	33	62	127	71.85	78	130	120	55																																																																																																																																																																																														
75	89.67	18	94	148	77	127.15	92	57	24	25	45.65	35	126	61.03	134	1	67	28	86.08	44	44	139	135	28.56	86	22	45.5	121	25	112	20	136.23	83	77	56	28	54.12	82	24	141.55	55	140	118	8	69.54	28	118	35	29																																																																																																																																																																																														
77	4.72	50	9	89	10	25.54	107	4	3	143	78	67	105	54.47	27	108	148	123	118.81	135	90	91	19	84.95	141	16	124.58	8	49	17	57	15.73	108	129	58	6	22.44	35	124	117.91	54	110	12	91	146.76	22	95	21	39																																																																																																																																																																																														
41	17.38	73	72	63	79	106.83	42	31	149	42	141.07	91	74	141.53	39	40	60	87	32.58	97	16	150	23	111.31	5	52	117.28	58	25	140	17	127.45	106	80	33	46	23.69	35	18	59.7	133	58	36	86	18.99	3	35	145	31																																																																																																																																																																																														
82	15.59	110	55	51	117	10.07	23	33	132	71	62.27	120	64	6.35	57	9	91	78	102.75	83	45	62	144	47.37	91	97	50.94	68	48	85	18	133.16	39	115	119	91	87.83	91	43	107.09	104	96	8	124	12.73	101	136	22	45																																																																																																																																																																																														
92	91.49	80	6	127	3	147.15	52	67	27	133	4.09	24	99	3.25	8	95	122	131	71.1	65	52	69	146	13.46	93	13	78.86	91	44	96	73	93.97	123	10	142	36	74.42	84	10	68.18	19	147	84	11	7.8	147	84	38	65																																																																																																																																																																																														
112	105.98	73	141	123	87	123.29	119	13	114	139	97.85	134	28	108.07	140	44	15	1	146.29	18	117	50	111	89.17	5	82	23.03	122	114	43	136	22.73	138	86	63	61	32.38	43	97	47.6	123	137	68	142	89.74	69	103	76	61																																																																																																																																																																																														
118	17.22	50	70	1	68	61.55	131	135	69	71	137.45	109	113	67.15	129	97	97	23	60.28	92	10	93	121	49.04	80	42	17.29	102	146	121	91	79.87	13	43	103	78	45.03	43	118	52.83	15	81	4	27	137.34	77	128	102	70																																																																																																																																																																																														
96	135.79	14	14	31	75	90.95	96	46	23	84	134.56	98	111	45.16	56	86	14	81	33.73	116	36	134	125	139.85	9	106	119.24	117	24	132	21	139.14	101	111	54	95	68.67	19	53	124.23	88	60	39	58	78.76	81	48	35	118																																																																																																																																																																																														
78	20.63	12	5	53	88	35.03	98	20	148	69	96.94	126	133	4.54	4	67	150	39	113.06	6	94	86	136	10.67	48	141	35.92	43	66	112	127	89.69	64	32	130	8	124.01	29	68	107.01	118	110	35	93	83.25	126	70	101	120																																																																																																																																																																																														
136	15.18	144	108	61	58	59.44	78	127	40	33	72.22	104	70	71.5	124	132	116	141	19.1	143	124	137	103	7.58	59	95	75.98	124	106	68	43	79.18	104	127	45	125	108.66	1	117	127.61	89	10	110	66	84.09	34	103	144	37																																																																																																																																																																																														
119	64.09	94	109	14	73	42.67	84	39	57	141	123.17	83	20	77.41	146	121	76	88	68.4	52	121	118	30	62.46	105	26	124.23	138	8	82	77	120.54	25	30	17	62	117.47	58	106	148.62	25	21	17	110	30.29	89	147	134	51																																																																																																																																																																																														
31	136.83	118	119	113	3	117.33	29	108	70	111	33.08	33	85	80.89	120	110	78	94	38.53	34	100	108	116	79.95	69	31	92.69	12	91	147	3	66.51	22	1	21	79	120.16	2	126	41.26	79	91	30	24	130.98	27	33	123	13																																																																																																																																																																																														
116	51.89	104	22	64	112	144.44	41	31	59	108	111.87	94	97	121.11	14	81	123	71	75.43	144	103	137	30	53.15	142	132	72.4	66	4	149	93	34.3	42	68	142	23	55.93	139	53	1.48	30	16	1	53	33.29	34	50	29	6																																																																																																																																																																																														
114	13.09	5	119	46	2	62.89	143	14	111	44	40.93	150	119	9.49	130	67	110	139	140.31	93	78	51	46	138.37	19	105	96.71	86	98	134	52	20.38	32	37	40	66	54.95	99	84	71.97	1	116	115	28	9.56	109	81	38	32																																																																																																																																																																																														
100	44.15	30	136	59	138	9.14	39	64	138	108	104.32	10	57	42.83	90	116	96	105	96.56	26	146	115	83	15.32	15	112	129.71	140	40	95	64	48.69	78	109	123	19	136.44	142	42	33.53	23	48	80	128	107.18	48	57	45	78																																																																																																																																																																																														
96	35.74	24	118	117	148	30.61	18	6	79	32	135.65	76	96	77.54	80	40	9	7	127.27	150	35	100	68	53.09	79	130	98.4	145	36	142	53	131.97	124	34	87	4	12.41	140	36	133.24	4	146	87	126	141.9	43	97	99	115																																																																																																																																																																																														
134	104.52	99	142	61	147	90.73	111	90	7	15	61.68	99	105	147.42	118	101	75	132	104.27	8	21	106	38	37.11	3	27	38.55	79	8	37	50	98.31	57	23	47	139	111.67	64	63	76.99	30	25	40	87	97.01	137	97	77	11																																																																																																																																																																																														
96	16.88	30	63	49	122	74.08	114	105	114	122	65.89	68	19	45.92	88	79	76	104	130.74	25	7	108	114	9.88	44	126	64.66	48	106	30	126	79.54	75	63	50	81	19.4	138	111	147.97	39	12	132	15	87.38	96	83	57	105																																																																																																																																																																																														
9	108.48	141	140	123	30	68.2	144	39	43	63	108.65	46	13	37.18	19	137	112	9	1.81	105	115	41	122	68.09	73	38	57.09	29	84	145	99	147.62	79	8	26	42	78.69	121	6	7.62	54	149	77	4	20.53	92	104	74	96																																																																																																																																																																																														
95	84.86	32	140	2	135	33.42	69	53	88	76	92.68	80	62	48.7	94	105	52	15	20.68	93	121	136	58	4.97	128	102	97.52	73	4	1	61	79.91	39	35	146	41	49.61	78	126	62.62	76	2	55	29	1.76	30	125	126	54																																																																																																																																																																																														
81	115.06	42	109	53	128	65.46	12	104	36	40	27.97	30	73	50.6	22	83	18	48	70.48	44	134	5	61	90.15	9	11	82.33	111	106	69	51	27.14	60	113	90	106	85.01	87	29	111	5	34	118	18	79.98	101	111	26	102																																																																																																																																																																																														
126	36.14	97	98	79	150	72.05	149	36	70	109	29.56	141	118	90.47	37	139	10	83	96.11	127	62	146	107	128.85	90	10	46.6	27	98	117	84	77.89	75	25	97	28	108.88	78	35	118.16	33	110	69	116	46.76	150	10	16	90																																																																																																																																																																																														
61	53.14	1	141	102	76	59.06	5	76	78	98	23.46	88	105	27.08	73	71	39	130	107.08	126	136	70	91	100.85	99	145	68.37	118	48	37	14	78.47	59	10	134	132	105.15	4	95	17.03	49	123	75	117	111.65	58	107	9	98																																																																																																																																																																																														
26	96.58	116	44	117	148	111.77	147	94	32	24	94.34	6	109	27.38	83	98	57	24	138.09	84	134	93	146	116.75	53	76	64.37	104	56	7	28	115.61	134	68	76	150	24.54	7	78	148.29	127	132	1	70	82.56	80	47	92	9																																																																																																																																																																																														
61	63.29	101	136	6	113	144.47	114	6	17	65	60.72	16	111	142.41	5	150	28	62	36.11	134	50	30	57	66.71	124	70	23.13	68	112	2	47	35.32	47	32	11	134	112.87	100	33	84.28	71	1	46	54	23.89	144	9	6	77																																																																																																																																																																																														
131	111.05	29	60	110	55	92.04	134	78	29	88	123.47	13	60	1.36	149	150	27	53	110.77	118	88	136	118	111.15	58	66	52.39	85	50	51	45	34.91	7	128	119	50	104.01	118	43	56.38	98	144	65	9	25.03	30	89	57	94																																																																																																																																																																																														
41	142.69	58	44	36	92	4.04	63	134	28	48	71.69	70	109	26.97	3	117	23	42	9.06	84	145	140	91	69.99	93	145	134.91	7	144	86	135	83.43	89	131	109	96	63.48	10	60	80.44	109	14	23	69	88.18	80	41	121	132																																																																																																																																																																																														
52	26.56	88	47	3	90	81.31	55	129	104	48	98.58	116	114	16.09	139	148	33	55	102.18	6	35	45	132	36.57	126	38	88.62	95	117	138	141	45.09	42	149	147	10	145.04	133	119	13.41	77	33	96	140	148.13	25	36	125	65																																																																																																																																																																																														
17	18.5	65	109	138	106	65.21	47	138	22	23	116.51	20	70	101.51	54	51	75	137	21.86	109	90	135	134	107.26	50	16	85.57	49	140	51	112	94.61	8	71	66	77	130.39	102	82	65.95	109	83	38	89	107.51	24	100	132	25																																																																																																																																																																																														
133	129.6	131	37	129	52	70.94	70	100	21	43	131.06	111	120	77.21	122	126	67	9	121.05	32	13	40	95	71.68	135	78	112.49	34	24	134	18	56.03	98	25	51	141	43.9	121	85	33.42	93	77	49	108	150	51	91	51	125																																																																																																																																																																																														
9	131.58	2	25	119	149	135.96	109	43	100	12	22.35	141	86	63.58	142	13	51	43	6.98	129	7	81	142	29.86	51	20	85.96	68	102	91	115	35.43	121	92	80	52	16.16	135	58	96.05	111	146	147	61	134.15	134	66	41	17																																																																																																																																																																																														
3	86.26	3	137	11	117	129.58	113	35	108	117	122.53	118	132	36.09	95	115	26	18	117.16	84	114	11	46	114.58	118	112	57.67	92	55	3	44	81.77	146	65	117	68	78.51	24	91	1.13	108	142	24	68	65.19	119	65	4	120																																																																																																																																																																																														
36	23.34	7	146	84	48	67.51	33	40	28	110	80.26	9	116	104.87	44	115	79	137	70.79	64	3	10	59	120.85	53	117	52.46	65	36	44	78	40.47	96	54	54	135	54.06	53	142	79.17	140	143	48	146	70.37	45	13	16	40																																																																																																																																																																																														
7	8.19	104	54	30	100	88.6	87	150	127	26	62.51	117	10	89.5	1	58	22	70	117.33	1	86	133	83	94.02	14	19	84.36	64	13	10	119	97.78	32	102	7	47	31.03	104	2	86.35	4	44	95	81	46.83	85	140	93	150																																																																																																																																																																																														
94	4.37	42	126	62	44	126.44	20	102	63	9	70.45	32	122	15.77	135	145	32	122	83.86	12	127	37	8	58.56	30	128	17.19	73	11	44	88	112.84	38	44	43	34	74.52	135	1	17.7	144	97	20	137	38.16	42	142	94	46																																																																																																																																																																																														
61	85.82	79	76	119	149	17.35	92	125	90	66	136.42	66	19	130.65	125	1	87	48	52.72	143	83	58	5	119.28	139	130	21	128	23	126	101	45.12	65	45	148	84	119.72	34	94	111.76	41	137	46	67	68.13	54	73	117	140																																																																																																																																																																																														
147	101.27	28	122	53	2	52.71	51	59	40	63	24.04	15	29	80.32	85	109	20	66	132.26	22	99	137	28	49.88	14	4	137.97	144	53	91	102	7.66	30	73	108	133	75.12	147	63	121.48	110	53	14	92	95.77	52	6	31	16																																																																																																																																																																																														
55	75.65	113	30	55	88	29.49	75	100	43	16	91.61	21	29	65.39	84	143	126	115	146.21	13	27	60	21	75.14	30	135	55.7	141	99	68	85	8.63	146	51	47	77	40.58	76	8	72.07	60	133	10	100	10.2	6	70	132	146																																																																																																																																																																																														
42	83.24	123	50	88	125	49.79	143	43	55	135	1.56	20	75	89.56	6	113	91	1	93.94	62	75	101	82	73.34	63	130	83.49	23	132	147	25	6.61	95	65	5	75	123.6	11	16	132.24	27	116	84	54	104.26	36	101	15	118																																																																																																																																																																																														
10	15.91	53	140	24	132	88.39	71	100	43	91	115.76	23	143	134.72	63	27	53	17	94.74	131	51	90	127	2.69	7	142	99.06	11	135	110	140	68.96	102	74	105	39	81.81	83	29	5.97	13	28	11	86	59.52	148	108	63	20																																																																																																																																																																																														
80	103.18	141	94	113	14	35.14	135	117	3	150	136.11	40	105	121.47	76	141	78	84	25.05	85	75	30	34	134.63	60	6	70.58	16	11	19	96	96.56	72	147	90	16	24	55	3	18.7	63	27	121	81	93.81	58	8	138	110																																																																																																																																																																																														
119	140.29	116	100	108	145	134.66	27	121	144	116	34.74	65	116	119.89	86	148	99	51	4.44	18	71	89	16	93.77	80	13	111.43	88	2	115	108	133.07	12	83	49	38	102.13	126	44	52.39	35	5	128	60	106.47	14	82	48	107																																																																																																																																																																																														
70	7.41	102	87	145	18	68.93	32	74	85	26	139.85	53	74	82.24	43	2	8	82	54.7	31	42	63	21	45.11	142	43	124.58	91	81	68	36	145.67	4	72	89	130	148.57	136	72	117.27	138	121	75	28	91.93	16	109	53	88																																																																																																																																																																																														
12	85.87	7	111	53	36	137.79	84	57	55	139	12.75	131	1	2.67	37	144	30	81	87.48	58	56	51	51	100.99	86	79	56.06	88	120	138	145	121.04	78	8	38	113	20.39	140	59	64.01	71	142	66	40	59.4	94	48	27	82																																																																																																																																																																																														
134	116.13	7	62	32	114	1.66	58	87	85	30	110.73	26	91	50.6	26	124	9	111	111.82	122	120	76	89	54.3	135	104	60.59	148	119	74	73	39.09	52	101	59	128	31.98	26	67	36.67	5	74	150	96	144.3	9	60	86	93																																																																																																																																																																																														
72	134.4	75	29	22	143	18.92	1	135	109	31	115.28	76	150	52.95	147	57	72	118	79.69	137	93	80	118	55.19	146	5	45	11	123	105	82	18.2	26	46	31	76	36.3	68	27	88.32	33	145	56	6	111.42	61	71	22	123																																																																																																																																																																																														
82	71.29	14	135	29	139	94.43	24	39	126	53	71.88	30	114	2.99	54	82	79	90	44.5	56	5	25	142	37.03	133	15	99.73	77	78	9	24	65.13	13	8	99	37	113.78	70	51	70.17	134	111	72	135	22.48	137	135	18	100																																																																																																																																																																																														
96	39.18	17	10	37	77	21.84	37	71	97	123	25.45	7	119	91.81	150	21	32	82	24.57	59	18	149	19	138.32	34	9	80.78	89	56	137	52	49.35	51	69	71	40	57.29	72	60	81.01	109	104	84	146	14.47	23	32	69	40																																																																																																																																																																																														
46	138.56	64	149	150	121	109.76	37	130	21	132	127.83	133	50	94.42	98	103	10	102	12.34	40	84	40	32	129.46	37	80	102.01	118	132	87	77	93	29	29	118	54	69.37	148	17	101.1	126	72	25	128	36.07	89	45	2	73																																																																																																																																																																																														
14	55.97	87	19	150	67	121.1	138	135	9	1	51.39	16	65	59.75	39	32	144	116	125.8	13	61	20	80	12.4	58	87	59.68	137	59	17	121	48.36	54	1	132	58	107.53	31	5	83.69	124	57	23	35	2.84	110	105	25	31																																																																																																																																																																																														
135	9.95	57	110	102	125	104.37	98	94	120	46	59.74	34	32	57.06	69	96	43	91	146.93	14	90	52	66	132.41	72	1	139.93	61	132	13	29	7.26	63	99	105	62	74.31	144	99	131.86	54	106	34	145	102.5	59	133	53	5																																																																																																																																																																																														
51	69.61	149	144	3	104	139.59	122	19	31	62	52.63	30	4	87.41	15	116	7	81	11.97	76	45	122	36	123.2	60	98	41.5	66	150	126	54	12.27	127	63	140	18	34.74	90	98	134.82	16	114	4	103	82.74	123	97	150	53																																																																																																																																																																																														
62	29.87	139	85	132	104	126.09	28	133	21	8	104.23	3	80	112.42	55	43	88	134	22.72	111	99	125	51	32.69	120	134	66.06	14	30	100	73	51.64	87	44	29	62	74.91	119	87	73.03	40	80	37	114	134.08	4	51	78	47																																																																																																																																																																																														
78	47.65	70	92	102	125	132.36	130	82	129	109	51.4	68	27	1.13	5	21	104	94	46.64	56	128	3	125	145.36	78	39	126.11	17	113	64	18	44.98	67	60	14	127	93.79	72	139	91.98	53	67	61	68	91.5	99	133	76	17																																																																																																																																																																																														
33	86.99	143	139	106	44	134.52	134	42	25	67	84.03	29	41	133.06	57	150	144	64	69.51	34	6	12	115	64.75	75	135	133.9	113	63	61	97	106.32	6	23	2	94	1.18	128	15	139.39	90	82	66	92	134.7	136	41	84	65																																																																																																																																																																																														
118	96.09	43	50	10	89	117.96	90	11	103	58	124.84	25	44	41.09	62	8	34	120	109.8	50	81	63	13	142.57	88	147	129.79	55	144	90	106	26.78	105	124	106	44	56.1	40	79	113.59	125	105	88	102	31.15	48	70	87	142																																																																																																																																																																																														
108	145.5	101	141	122	123	59.07	76	39	52	118	123.75	119	36	117.1	100	122	34	88	4.79	100	10	100	100	139.3	25	32	71.27	116	136	104	121	39.01	25	138	39	32	141.81	55	119	112.58	30	24	125	81	73.72	135	78	81	68																																																																																																																																																																																														
88	43.03	21	76	143	40	17.79	72	88	72	107	110.64	100	104	82.51	43	49	91	73	25.67	4	64	96	47	73.18	106	67	25.56	8	131	96	118	89.77	146	106	134	110	10.92	71	61	133.76	62	54	34	58	16.71	72	106	91	122																																																																																																																																																																																														
21	45.33	143	43	89	47	114.7	129	27	35	67	45.02	99	72	42.75	148	3	35	112	99.41	127	134	56	103	6.97	143	65	49.59	53	74	113	43	142.43	59	104	99	126	111.34	37	133	126.06	26	94	71	71	108.08	119	15	122	46																																																																																																																																																																																														
128	66.93	140	137	101	70	20.42	76	132	19	30	149.91	6	112	97.6	99	107	12	16	113.74	12	98	110	10	7.94	97	78	118.33	26	31	133	54	85.21	12	65	102	80	105.44	82	100	66.03	12	86	21	47	62.19	130	42	57	4																																																																																																																																																																																														
41	149.53	82	27	63	110	83	41	110	43	133	10.57	38	95	4.33	116	19	65	62	40.58	66	93	36	95	84.72	9	102	7.18	67	18	118	109	34.74	49	104	99	19	23.77	25	137	106.61	12	135	145	88	130.57	141	59	90	92																																																																																																																																																																																														
8	148.38	33	45	26	10	44.92	127	55	106	38	28.09	123	76	74.38	12	145	95	146	41.81	7	114	29	57	14.6	13	89	88.55	38	96	79	128	145.65	6	143	17	109	55.94	77	84	102.19	45	138	97	88	55.4	149	9	136	9																																																																																																																																																																																														
65	88.82	85	108	86	77	36.42	7	117	97	84	148.3	136	37	75.1	4	17	113	101	62.17	66	75	13	113	90.4	147	110	27.67	76	64	123	76	92.02	102	91	120	46	32.74	94	12	32.97	13	48	29	83	111.73	110	67	69	149																																																																																																																																																																																														
70	95.69	42	79	118	102	45.93	147	9	12	85	16.99	6	93	76.83	6	43	130	146	34.43	72	14	90	104	140.49	85	26	50.95	71	20	5	122	109.31	62	9	49	142	135.83	99	147	146.46	75	119	14	94	44.64	147	83	107	49																																																																																																																																																																																														
126	58.1	88	60	66	63	85.55	17	85	108	27	98.37	126	92	47.28	16	26	62	59	41.31	99	124	142	36	6.58	125	142	28.37	140	138	135	99	7.02	79	77	98	79	79.75	36	8	57.29	129	101	133	106	78.88	19	138	76	13																																																																																																																																																																																														
146	9.1	132	93	139	148	137.69	134	91	138	8	135.69	22	105	91.33	22	4	67	14	63.96	122	100	38	114	135.17	84	113	78.96	46	39	127	1	147.54	86	99	8	17	121.48	147	117	143.96	16	9	2	37	20.93	12	117	49	116																																																																																																																																																																																														
29	51.38	2	112	5	93	19.75	135	38	105	58	14.24	4	67	33.53	139	149	72	18	78.52	54	113	65	39	21.36	71	44	29.18	28	10	144	33	11.89	148	150	82	83	120.33	115	58	41.46	93	15	63	50	147.23	120	67	94	1																																																																																																																																																																																														
11	104.46	92	33	45	11	69.07	116	44	20	90	74.47	70	107	106.19	39	49	90	90	149.94	113	9	56	53	84.69	83	39	139.54	50	66	100	64	109.62	58	81	9	46	126.49	1	122	130.16	75	28	148	47	85.72	106	127	38	17																																																																																																																																																																																														
150	1.22	147	2	125	120	108.45	135	99	44	84	66.36	135	31	59.45	15	114	8	109	11.41	42	114	23	53	64.76	61	45	115.81	91	116	37	93	38.13	146	6	93	1	106.95	19	22	43.09	31	134	124	147	96.79	138	120	82	1																																																																																																																																																																																														
68	64.52	98	88	45	52	86.49	112	25	81	8	109.75	55	93	6.05	73	57	3	10	20.03	127	24	148	57	77.68	138	99	71.54	131	109	73	119	55.31	75	114	113	77	27.3	83	106	81.86	30	27	106	104	109.88	68	77	143	132																																																																																																																																																																																														
36	68.17	72	116	23	27	81.97	35	4	92	28	146.71	70	134	60.42	75	53	68	114	103.1	126	12	96	116	123.92	91	57	80.61	77	93	112	15	32.39	4	44	120	48	143.98	56	101	28.56	119	14	103	126	38.69	51	128	64	83																																																																																																																																																																																														
107	74.94	32	129	45	79	86.94	107	50	36	129	82	64	99	117.21	62	111	147	85	94.21	74	63	95	99	19.84	123	57	13.27	111	149	149	136	74.35	20	75	92	78	19.63	61	110	136.42	71	11	129	115	98.99	22	98	123	91																																																																																																																																																																																														
87	33.69	60	130	2	140	134.29	140	122	50	70	1.29	132	118	14.43	96	75	10	128	82.63	139	59	135	67	109.01	122	147	102.47	80	66	54	48	99.81	145	40	77	141	55.59	124	140	128.22	63	1	33	77	36.44	45	74	29	117																																																																																																																																																																																														
87	77.23	6	147	116	3	62.15	51	80	50	146	99.37	68	99	15.14	1	23	59	112	30.04	59	144	36	144	45.06	22	140	17.45	86	88	31	12	25.32	106	47	126	131	36.53	59	121	99.95	83	95	121	126	34.98	14	146	23	21																																																																																																																																																																																														
21	51.03	71	29	148	20	130.32	23	72	65	31	105.66	37	21	117.67	87	15	21	83	107.21	125	48	105	51	28.53	92	6	134.36	8	58	141	20	79.67	149	134	146	45	100.54	14	140	30.53	20	113	133	36	19.64	65	87	104	15																																																																																																																																																																																														
26	96.25	76	133	125	65	143.61	17	133	136	144	64.98	68	103	9.47	56	29	97	74	134.68	3	98	27	37	74.64	104	136	50.16	56	11	72	49	94.78	81	118	74	45	113.78	146	38	148.19	75	143	77	145	97.11	43	33	124	86																																																																																																																																																																																														
68	87.19	31	98	107	118	59.45	27	100	122	33	25.36	73	94	119.2	102	73	50	4	118.02	128	26	101	17	33.22	22	103	15.58	47	79	22	93	107.86	124	61	11	129	39.87	92	37	101.38	19	46	38	19	25.13	128	84	95	75																																																																																																																																																																																														
103	78.8	48	139	11	109	100.77	104	128	63	2	137.38	64	121	14.22	128	99	16	52	47.19	132	125	39	91	83.65	32	23	104.63	3	56	32	132	3.08	108	86	100	42	48.96	96	86	131.8	55	133	18	50	76.08	27	96	132	68																																																																																																																																																																																														
45	63.05	41	71	128	134	93.48	48	113	35	42	97.45	46	93	57.08	141	15	28	90	22.75	133	146	146	50	144.26	69	65	87.6	31	56	104	52	120.66	138	101	97	86	97.49	115	18	3.26	37	33	89	62	90.46	19	58	2	48																																																																																																																																																																																														
39	92.79	107	127	39	143	99.73	126	115	48	5	125.07	70	61	148.11	52	131	111	125	52.76	98	97	62	1	139.83	34	15	112.11	113	108	145	52	26.64	107	4	117	126	111.68	149	9	113.47	65	115	69	115	97.69	150	11	148	45																																																																																																																																																																																														
142	114.22	125	14	66	103	9.53	5	85	102	75	10.34	119	133	2.83	56	60	80	103	98.98	98	76	1	133	36.79	8	114	95.06	20	140	108	138	103.08	8	31	82	128	19	83	138	130.88	142	73	120	3	86.29	93	79	56	116																																																																																																																																																																																														
42	42.94	37	131	22	103	119.2	9	140	1	126	75.2	121	67	37.79	146	107	106	146	145.07	143	150	94	118	26.48	104	53	134.2	93	129	97	55	55.63	40	134	127	82	105.18	66	90	49.7	58	74	95	48	45.64	73	56	132	24																																																																																																																																																																																														
146	36.97	132	99	69	103	95.95	70	88	120	111	55.17	62	52	77.77	5	112	28	113	130.64	78	37	5	80	41.16	22	16	21.78	67	150	137	114	141.03	145	116	29	90	56.7	75	13	117.7	68	71	76	40	129.15	4	150	100	87																																																																																																																																																																																														
58	131.97	64	133	64	136	67.72	84	21	143	61	11.59	35	113	68.87	67	102	25	29	50.06	145	129	48	117	138.67	5	78	59.19	72	97	90	110	6.98	138	95	84	24	16.46	31	115	6.55	83	129	39	118	17.53	84	85	38	144																																																																																																																																																																																														
65	37.21	121	46	79	110	73.33	125	22	30	66	113.51	129	12	120.52	57	112	126	5	53.25	37	37	143	69	84.63	75	68	39.65	45	78	127	8	19.12	46	105	138	28	86.16	147	67	140.89	80	89	74	61	117.27	67	60	84	136																																																																																																																																																																																														
73	31.49	134	15	61	64	99.96	80	26	135	18	97.6	150	90	84.35	123	8	42	18	142.77	87	145	93	147	134.71	44	95	4.77	135	87	13	65	33.98	13	122	66	6	37.73	81	120	40.59	71	82	129	34	148.33	65	80	136	42																																																																																																																																																																																														
96	132.49	129	21	33	77	57.65	102	67	16	131	9.72	84	12	128.18	128	149	52	9	146.47	17	62	150	140	53.61	70	61	140.24	71	63	129	16	118.51	139	66	11	105	4.83	142	30	133.94	12	18	97	119	72.61	40	88	82	139																																																																																																																																																																																														
102	112.84	106	60	77	24	37.91	15	63	101	40	59.54	10	106	51.28	74	17	61	24	123.26	68	121	140	127	117.93	23	14	39.36	40	148	12	41	26.48	72	75	119	72	37.22	118	58	79.68	37	96	63	30	19.7	4	115	22	41																																																																																																																																																																																														
29	15.04	38	33	38	122	95.79	142	37	51	79	125.67	74	77	11.06	103	79	83	83	49.83	59	84	110	149	20.51	57	37	98.71	40	59	150	146	142	92	118	94	130	119.49	3	85	148.15	43	126	59	57	132.38	131	84	36	118																																																																																																																																																																																														
145	81.3	145	67	23	45	16.9	109	126	65	67	137.52	24	40	139.83	124	14	71	47	149.42	94	112	88	138	57.52	81	43	139.78	14	120	60	147	84.21	138	37	138	108	31.34	32	109	149.44	127	46	51	16	11.51	117	81	13	97																																																																																																																																																																																														
2	17.74	103	25	84	121	122.37	142	72	123	117	76.57	50	84	72.87	9	11	109	107	39.93	106	124	146	7	3.79	110	128	143.95	146	68	10	75	76.78	112	128	24	69	43.93	17	5	91.9	25	19	110	33	125.29	129	55	17	140																																																																																																																																																																																														
1	55.48	109	111	10	50	144.52	1	69	56	115	86.33	4	102	11.61	130	109	134	14	122.59	149	14	128	125	148.63	111	27	112.48	104	54	103	48	106.65	4	64	91	116	2.53	42	149	145.84	32	52	72	42	48.98	86	24	94	96																																																																																																																																																																																														
113	32.93	144	114	141	140	112.89	78	95	10	5	63.51	4	9	99.71	83	5	112	31	107.63	116	76	112	6	133.42	77	137	55.86	98	66	87	62	98.98	88	13	93	35	13.33	122	119	124.01	112	147	43	86	27.44	63	83	135	70																																																																																																																																																																																														
19	127.08	34	109	147	61	110.3	109	62	17	126	13.11	141	58	80.79	46	6	22	2	118.5	90	56	42	92	11.47	64	72	128.84	85	24	102	74	113.81	129	81	143	146	129.71	37	102	108.55	57	64	150	76	144.61	84	9	58	75																																																																																																																																																																																														
74	63.77	32	140	134	11	43.57	92	11	117	123	11.96	41	114	64.67	29	133	28	106	1.65	60	93	150	143	143.92	88	85	105.02	110	133	136	78	8.26	12	61	77	140	80.34	89	33	77.21	67	59	86	14	73.25	84	17	37	102																																																																																																																																																																																														
58	108.95	142	70	49	69	42.72	128	13	111	129	15.57	16	54	49.36	113	101	93	67	115.83	66	38	137	140	81.72	104	56	19.96	11	144	134	104	41.91	110	3	2	46	71.23	66	25	46.65	24	90	111	48	138.76	40	74	144	130																																																																																																																																																																																														
106	136.71	66	34	110	123	148.4	109	60	73	53	21.18	47	33	121.91	140	5	150	55	114.36	65	131	18	103	36.88	61	123	147.24	98	100	143	58	137.69	88	3	30	124	4.05	75	97	93.29	138	101	117	51	37.39	111	23	103	45																																																																																																																																																																																														
148	117.81	26	146	146	145	81.69	113	135	39	47	119.74	150	104	65.56	90	129	19	9	25.77	85	116	150	94	82.85	61	87	143.13	65	77	93	33	97.95	63	95	125	135	45.48	6	10	69.44	16	62	109	82	53.75	92	128	131	63																																																																																																																																																																																														
110	28.85	139	56	81	66	22.29	122	71	90	25	85.64	27	62	122.46	73	95	7	142	14.6	59	19	44	75	110.25	29	124	138.88	89	67	62	117	50.61	46	102	34	36	66.61	65	38	1.5	21	105	41	48	14.81	19	125	142	129																																																																																																																																																																																														
20	108.88	15	32	100	60	92.5	12	23	119	135	14.61	66	150	74.2	60	33	102	14	52.43	104	131	36	30	12.68	24	141	11.24	10	146	15	38	132.09	87	5	13	25	89.65	95	118	12.87	83	106	143	135	118.49	106	69	95	83																																																																																																																																																																																														
113	46.92	67	25	12	121	125.61	13	33	40	22	77.17	9	107	63.24	73	21	82	1	25.53	64	120	33	5	107.62	58	27	112.62	38	117	39	147	90.09	5	82	58	51	106	17	19	98.26	9	21	25	78	47.46	136	21	56	128																																																																																																																																																																																														
13	82.19	56	78	87	131	23.45	69	139	83	130	34.44	137	86	84.74	39	150	21	54	23.15	5	118	109	55	13.14	85	115	147.21	69	108	70	51	138.19	116	99	79	127	6.34	130	45	134.99	135	107	144	67	122.21	139	127	60	100																																																																																																																																																																																														
100	111.37	146	96	147	56	49.19	98	97	128	52	81.61	95	91	87.25	96	110	94	27	10.59	2	97	33	49	34.48	17	29	124.47	132	130	83	113	22.99	90	101	6	1	71.19	14	35	134.68	110	130	4	96	128.3	11	54	60	77																																																																																																																																																																																														
85	78.78	86	138	81	103	42.37	130	120	50	8	84.97	53	145	73.23	139	131	58	37	55.39	55	15	14	108	143.11	7	44	14.12	140	119	15	149	130.53	112	150	87	100	21.22	128	114	117.39	33	119	126	132	97.02	29	102	15	25																																																																																																																																																																																														
94	127.22	62	99	97	132	60.15	122	127	139	97	86.97	66	10	141.6	60	112	98	135	111.55	87	78	118	42	6.95	145	108	140.4	22	3	16	34	130.06	149	66	143	47	90.93	131	10	62.47	93	63	7	72	53.13	96	18	87	24																																																																																																																																																																																														
100	115.9	56	11	103	80	129.29	102	69	99	146	121.77	87	88	119.66	57	134	33	79	108.58	104	102	7	104	53.53	121	134	132.79	23	24	28	74	43.3	148	148	28	86	127.46	20	149	24.41	120	82	1	133	30.36	88	54	92	38																																																																																																																																																																																														
131	116.73	75	93	79	92	38.6	22	87	118	76	96.61	64	138	128.12	128	44	85	32	105.94	14	63	49	103	122.65	31	120	68.19	135	20	148	84	81.51	35	17	131	119	43.18	132	48	128.42	84	29	14	81	132.37	4	19	52	92																																																																																																																																																																																														
103	95.01	87	130	26	46	145.36	143	143	40	8	115.82	79	11	83.4	61	69	146	147	87.47	131	77	64	35	55.71	117	96	95.05	68	111	11	124	76.67	21	18	95	16	38.44	113	73	103.13	107	93	60	118	61.49	40	30	102	106																																																																																																																																																																																														
14	63.06	147	67	101	46	38.38	34	41	75	1	21.21	65	122	55.24	135	39	65	29	123.54	126	112	68	8	101.21	44	17	104.99	110	66	54	16	121.54	61	125	38	118	61.33	84	67	100.01	116	77	34	134	107.52	134	123	85	112																																																																																																																																																																																														
52	125.93	45	37	19	85	12.6	107	111	119	76	38.63	58	93	28.17	38	2	128	32	127.74	73	43	41	123	24.77	131	147	147.02	107	27	30	37	17.39	48	68	107	92	9.32	105	44	77.08	66	99	139	48	46.78	40	149	73	65																																																																																																																																																																																														
138	125.32	28	127	144	96	7.44	135	16	115	73	116.75	115	70	70.53	43	53	26	142	19.7	128	74	128	59	134.66	111	76	86.61	50	26	36	67	104.45	57	14	44	119	118.85	120	5	112.55	148	127	23	22	82.44	78	39	30	149																																																																																																																																																																																														
121	79.92	135	113	124	112	60.86	73	147	111	107	99.59	1	102	23.34	30	35	144	3	101.55	63	69	102	65	111.97	3	40	68.59	32	107	124	49	26.94	141	26	7	113	97.79	52	130	104.95	137	1	24	150	55.7	112	126	75	143																																																																																																																																																																																														
91	97.51	62	143	78	118	141.34	76	120	145	39	95.22	134	57	58.47	32	46	59	131	40.69	90	47	106	92	108.43	33	143	133.34	121	101	17	100	80.77	118	43	92	126	94.3	21	61	96.19	135	50	30	5	119.24	77	38	66	65																																																																																																																																																																																														
73	10.54	56	45	147	150	86.13	49	118	130	114	11.82	146	73	143.7	80	9	148	147	39.53	116	107	40	70	25.78	54	103	85.24	47	139	107	19	13.15	31	37	6	130	105.7	77	79	25.36	37	36	74	58	26.75	23	94	22	116																																																																																																																																																																																														
80	87.61	101	51	17	98	133.1	54	106	96	35	124.35	135	66	50.33	37	149	120	25	39.09	96	121	3	1	147.48	136	126	115.41	95	50	132	3	128.11	42	133	145	73	138.74	98	144	5.04	133	69	90	85	25.47	63	21	65	87																																																																																																																																																																																														
21	90.97	32	113	71	69	14.2	53	50	6	5	46.92	5	61	17.86	12	136	46	27	61.8	19	106	136	120	72.38	60	143	69.77	16	93	39	45	90.76	144	7	51	39	134.52	46	57	38.48	113	10	53	21	58.42	113	18	56	5																																																																																																																																																																																														
106	99.89	144	102	1	24	139.98	133	17	150	28	88.34	63	143	95	51	121	20	135	50.29	46	116	123	149	67.87	55	49	118.31	91	93	119	34	139.34	14	149	130	60	77.06	39	86	93.88	16	73	46	58	90.11	46	99	20	115																																																																																																																																																																																														
90	116.1	66	64	23	146	17.08	78	140	9	74	71.34	112	65	48.74	48	56	71	97	5.17	142	44	106	85	76.06	90	58	12.34	27	39	16	102	94.56	131	125	80	6	91.13	32	128	139.98	137	75	62	126	73.91	122	84	120	114																																																																																																																																																																																														
72	47.06	26	63	124	23	56.57	74	80	92	127	44.65	150	63	127.45	23	45	100	10	69.72	3	89	79	65	119.83	126	3	143.84	31	50	29	129	118.78	33	54	115	49	14.21	139	69	38.19	3	90	90	93	107.3	61	77	87	28																																																																																																																																																																																														
10	9.39	126	150	150	39	131.41	121	52	142	74	18.13	14	96	63.46	146	82	66	99	55.98	29	2	27	32	11.56	19	59	32.62	9	67	102	80	34.67	44	8	1	106	72.18	59	119	111.49	26	127	27	26	94.44	86	139	80	60																																																																																																																																																																																														
15	17.32	79	100	128	56	129.29	29	101	28	32	101.71	75	40	141.42	31	148	89	26	6.41	10	87	48	73	135.52	124	8	43.94	138	42	123	23	128.45	52	57	92	107	80.83	60	98	60.66	123	137	33	132	47.89	147	138	125	119																																																																																																																																																																																														
56	56.08	25	46	58	61	19.26	117	147	76	34	42.33	147	72	127.11	143	25	18	43	23.19	71	78	60	105	18.02	45	140	128.43	3	68	130	135	125.86	79	101	148	109	134.94	99	49	65.78	133	113	37	104	126.13	138	36	100	101																																																																																																																																																																																														
121	21	82	142	97	51	107.34	134	139	67	88	130.16	109	120	17.47	54	87	104	43	123.82	117	116	64	81	6.29	139	52	141.27	81	101	17	113	101.5	78	66	56	146	7.05	75	13	111.95	5	119	55	141	19.28	4	79	107	33																																																																																																																																																																																														
137	86.52	32	72	98	4	97.31	18	84	115	35	37.96	74	122	98.43	144	3	128	96	66.34	3	141	53	68	49.95	36	34	43.51	102	113	127	84	35.27	38	32	56	110	144.41	137	24	90.59	109	53	112	66	42.87	82	24	128	140																																																																																																																																																																																														
103	115.85	137	71	5	149	24.81	8	30	127	38	24.6	48	17	8.42	146	68	100	92	26.14	17	43	90	51	97.65	107	79	86.77	45	89	15	127	26.78	127	138	98	9	136.66	49	61	90.02	93	4	34	27	12.67	11	107	111	42																																																																																																																																																																																														
25	83.06	28	100	59	132	83.71	121	60	69	35	141.78	118	88	103.63	144	89	64	74	61.77	141	32	81	142	141.49	13	10	94.91	39	145	24	105	1.58	127	26	124	132	109.03	140	76	49.59	117	117	56	66	81.87	76	106	70	84																																																																																																																																																																																														
59	107.35	123	102	98	2	112.66	62	141	108	19	117.85	113	38	12.92	74	23	74	124	22.13	77	9	95	130	128.2	70	82	2.64	10	68	101	136	42.87	17	150	137	82	67.35	123	8	87.8	101	8	108	146	42.09	119	32	85	136																																																																																																																																																																																														
34	22.64	86	32	36	137	107.46	66	122	113	83	118.38	78	126	55.87	62	108	91	77	36.04	81	79	72	68	34	144	121	6.47	1	141	79	57	67.38	82	37	27	112	144	145	93	87.75	2	3	41	19	132.95	53	118	109	76																																																																																																																																																																																														
115	121.46	20	75	64	143	86.16	71	148	136	97	43.35	6	61	137.8	104	138	73	46	79.04	140	50	12	119	86.85	128	139	24.13	104	99	80	8	97.07	17	54	84	11	54.81	100	36	112.41	72	96	100	28	119.03	75	114	126	123																																																																																																																																																																																														
111	41.04	53	1	18	46	1.96	79	49	130	64	130.03	30	83	43.35	34	114	91	85	112.92	114	149	103	39	147.25	18	138	115.84	81	75	72	113	148.38	117	106	79	121	33.96	114	75	140.62	124	77	90	146	144.93	108	125	145	100																																																																																																																																																																																														
7	41.96	87	39	46	97	13.48	7	111	104	58	97.5	59	95	46.93	2	146	32	150	24.37	12	129	67	95	77.22	61	104	29.61	117	89	106	13	56.24	101	37	47	62	50.61	18	43	100.78	38	100	147	3	30.4	47	122	29	7																																																																																																																																																																																														
69	136.72	47	72	146	122	55.61	28	2	8	122	6.41	142	126	71.91	142	137	138	3	141.5	26	11	119	116	47.8	9	56	95.09	86	109	7	36	8.72	83	103	136	86	66.62	81	72	61.83	119	38	19	51	69.04	65	108	135	61																																																																																																																																																																																														
125	70.69	56	37	60	16	60.35	106	127	54	62	148.17	74	27	83.48	95	128	1	90	117.02	54	141	90	11	87.26	94	148	61.05	99	42	147	61	29.54	134	70	6	124	99.22	131	109	51.04	70	88	51	25	149.29	59	99	62	14																																																																																																																																																																																														
85	124.28	28	70	146	10	100.79	142	37	36	79	122.57	5	15	99.8	145	54	90	4	76.06	135	135	4	3	78.03	19	69	76.88	19	67	12	26	87.18	31	65	56	87	48.37	56	49	30.26	102	76	96	62	81.69	76	16	51	89																																																																																																																																																																																														
102	147.86	54	97	39	2	93.1	68	42	90	124	29.85	121	28	104.13	25	13	101	111	19.51	12	68	2	147	129.75	74	108	105.55	46	61	126	85	134.12	49	104	43	89	63.34	85	16	141.01	115	144	1	107	106.49	25	111	11	110																																																																																																																																																																																														
38	99.79	44	44	2	82	97.18	4	98	129	56	35.72	130	141	106.09	13	15	55	99	86.17	142	85	135	105	113.38	16	41	22.56	76	111	60	72	74.7	147	149	118	72	1.73	135	47	149.56	65	26	30	20	70.46	36	38	150	127	74	72	108	130.78	19	97	113	6	38.87	114	77	9	132	147.91	41	71	72	56	147.72	128	86	81	135	29.44	125	108	31	8	93.33	61	32	37	67	98.95	56	27	134	83	135.96	36	139	20	121	70.97	136	79	126	110	61.21	42	103	144	45	31.96	38	123	10	81	47.04	117	134	95	23	132.78	108	28	83	54	83.07	124	66	124	22	142.3	97	16	141	19	134.1	75	22	126	57	95.86	46	87	16	121	114.14	39	130	120	76	72.45	88	19	138	107	118.86	130	99	52	97	106.22	114	117	77	105	76.54	64	48	25	84	119.7	83	112	97	55	115.03	59	96	139	17	13.12	94	84	78	128	53.49	90	72	47	129	69.8	105	56	107	134	32.91	57	92	85	126	127.77	84	106	35	136	24.5	23	27	150	1	149.39	115	66	7	47	113.66	7	101	125	112	84.01	31	119	99	78	84.36	54	121	104	97	123.03	133	147	90	71	78.79	16	10	139	148	52.22	64	1	92	24	15.53	140
