50 240
93	118.16	5	146	86	142	43.4	63	42	4	115	144.14	60	38	18.11	36	83	78	24	2.39	20	26	101	10	101.95	63	43	145.42	87	117	95	34	136.69	140	138	74	125	69.54	94	132	7.78	72	98	55	96	40.91	38	50	3	133																																																																																																																																																																																														
142	61.89	69	62	92	44	76.2	33	108	139	73	7.02	121	141	26.74	2	145	59	24	5.4	149	4	46	59	106.88	79	24	76.33	22	7	87	84	142.89	91	135	137	105	104.29	43	51	111.35	78	66	95	16	36.85	25	57	21	52																																																																																																																																																																																														
81	32.07	43	112	93	126	117.34	12	8	57	52	76.5	70	57	48.77	69	35	58	125	21.42	122	84	52	131	127.8	14	99	63.62	34	48	45	96	19.08	71	10	38	74	14.22	54	131	133.63	145	64	35	6	85.99	131	85	16	128																																																																																																																																																																																														
105	123.44	63	22	148	23	137.09	8	57	114	12	123.4	21	79	102.72	75	40	54	97	12.58	100	122	97	90	130.56	143	147	67.33	42	150	125	83	131.4	61	65	10	84	22.29	96	36	85.58	88	112	27	135	55.78	36	34	42	111																																																																																																																																																																																														
101	88.11	96	40	139	7	141.43	145	126	129	7	114.97	29	145	56.08	125	45	104	110	22.6	86	54	146	108	17.48	9	21	121.27	149	31	44	23	115.44	58	132	60	123	35.17	62	29	64.67	72	110	59	18	118.12	120	84	100	143																																																																																																																																																																																														
1	120.53	99	30	85	144	119.97	16	56	9	77	81.41	139	19	134.16	47	69	85	136	138.57	20	103	12	47	9.76	143	41	51.96	40	148	16	96	38.21	35	80	51	11	99.23	3	3	54.11	114	29	80	24	129.91	122	119	34	118																																																																																																																																																																																														
5	122.95	75	134	111	112	53.15	149	3	109	55	60.87	89	89	41.22	91	30	8	10	36.64	15	65	121	60	125.71	87	41	113.81	69	114	81	139	37.6	80	125	138	147	48.21	48	31	107.43	132	150	142	7	57.17	53	12	134	131																																																																																																																																																																																														
102	73.92	120	33	3	10	131.02	53	23	18	89	87	142	61	146.5	62	99	71	93	37.07	100	2	11	81	41.59	148	28	28.4	90	4	142	132	79.79	115	8	85	24	104.75	100	127	46.71	132	120	140	147	77.44	6	114	33	5																																																																																																																																																																																														
71	92.63	55	17	20	69	7.09	143	12	106	11	8.81	10	48	8.53	30	85	69	73	23.84	138	146	55	57	45.76	144	35	100.43	140	21	69	52	71.27	78	141	68	146	67.75	93	58	107.35	99	36	57	139	88.03	3	73	131	44																																																																																																																																																																																														
139	7.53	119	2	96	87	43.02	6	109	66	48	16.9	62	143	68.07	66	91	66	76	36.4	40	59	15	15	15.2	20	122	121.07	13	89	22	33	139.67	136	59	141	60	130.4	68	135	138.12	1	123	127	111	106.07	74	87	134	61																																																																																																																																																																																														
77	128.41	60	132	2	76	142.16	115	147	20	116	22.39	137	106	77.69	119	31	39	8	17.46	126	76	149	125	110.19	85	150	72.05	23	28	17	123	56.54	15	112	21	147	32.45	7	14	125.16	39	52	108	29	98.81	112	150	147	36																																																																																																																																																																																														
33	28.54	34	44	126	4	1.09	100	135	24	17	56.02	115	140	140.86	101	51	101	114	96.44	80	98	139	7	9.85	128	92	52.23	74	1	11	74	76.81	47	14	31	147	11.61	41	36	49.28	88	113	4	115	133.91	64	137	27	91																																																																																																																																																																																														
1	140.98	87	99	35	143	85.5	122	125	57	8	92.99	143	75	52.15	77	55	122	65	10.24	137	30	112	122	141.62	113	134	67.72	73	115	140	29	70.12	36	45	62	24	145.53	65	70	82	120	3	52	143	42.08	85	85	31	131																																																																																																																																																																																														
29	76.91	115	96	25	50	140.42	136	4	123	29	35.74	115	94	35.29	32	105	15	45	105.5	107	51	20	118	133.9	126	18	85.93	122	131	115	149	22.94	26	53	63	15	93.97	80	102	118.07	32	91	116	47	14.57	74	128	115	49																																																																																																																																																																																														
33	30.93	61	147	128	37	71.61	105	108	77	50	107.91	110	106	149.43	6	121	121	64	62.71	20	25	89	90	102.69	83	23	34.45	21	103	119	57	52.48	114	2	114	102	38.59	99	73	139.85	133	32	150	90	96.53	96	42	14	107																																																																																																																																																																																														
14	2.53	126	80	116	145	139.38	17	32	144	67	4.55	133	79	101.88	87	149	111	126	75.38	47	70	47	46	121.07	8	5	135.99	9	49	15	146	68.41	116	75	63	38	112.42	79	100	108.82	58	48	130	127	28.59	11	114	88	94																																																																																																																																																																																														
29	14	45	138	15	105	7.61	39	105	138	140	24.41	67	21	5.79	36	12	63	53	78.48	23	145	14	1	55.91	145	140	48.75	118	38	79	17	36.01	4	58	98	28	93.68	133	15	82.31	137	59	41	58	60.37	22	12	90	141																																																																																																																																																																																														
24	104.53	83	93	93	42	47.12	59	147	149	141	146.59	13	148	109.7	135	89	31	3	42.69	135	73	136	124	15.92	138	111	112.23	22	56	134	122	116.38	15	73	15	134	18.96	98	5	3.12	135	72	39	10	143.11	113	78	96	32																																																																																																																																																																																														
69	42.27	93	32	70	122	39.32	101	14	4	24	58.66	71	122	96.99	108	92	123	92	115.41	37	115	100	89	61.62	19	93	28.5	141	134	118	146	29.3	35	35	77	113	9.72	107	122	90.67	98	8	54	129	60.56	57	5	138	121																																																																																																																																																																																														
19	53.31	13	4	149	78	82.86	147	90	128	134	99.47	65	59	43.33	120	142	20	53	66.7	35	108	79	94	45.45	147	36	53.29	28	111	132	118	98.93	85	145	42	136	31.56	115	42	78.43	63	47	103	81	65.99	84	110	145	105																																																																																																																																																																																														
97	131.85	97	16	89	21	80.56	58	97	40	39	41.04	82	60	127	86	145	138	62	72.45	31	51	2	129	64.57	133	29	70.01	59	131	143	10	62.14	109	132	117	62	47.16	118	142	99.33	113	144	27	18	43.77	120	98	52	66																																																																																																																																																																																														
96	45.85	60	140	44	14	96.47	140	129	3	43	83.4	91	92	73.22	26	88	31	4	87.2	25	1	23	32	77.13	34	12	99.92	134	96	122	67	83.83	142	11	56	94	124.32	47	2	88.2	90	102	38	97	38.07	133	145	145	8																																																																																																																																																																																														
6	63.8	91	129	64	138	31.28	96	119	72	58	148.81	51	134	47.91	132	143	36	125	58.97	149	119	101	71	77.54	5	103	97.75	138	37	110	140	60.39	126	132	137	25	125.64	41	55	33.54	69	19	39	62	69.6	132	104	125	93																																																																																																																																																																																														
76	125.4	147	63	150	56	7.23	65	75	61	145	71.15	42	43	4.7	41	95	42	71	57.42	26	44	63	61	139.25	42	64	121.62	117	84	141	128	15	119	111	107	109	68.14	104	31	62.71	64	106	64	95	40.89	84	42	25	88																																																																																																																																																																																														
24	104.74	92	12	45	14	146.15	44	139	13	28	76.35	51	109	144.98	112	43	69	1	68.66	145	43	110	7	6.55	2	10	114.3	148	50	125	59	27.04	57	35	11	23	119.3	72	67	72.1	3	150	18	86	5.84	106	25	16	53																																																																																																																																																																																														
74	67.75	101	29	65	36	13.98	115	121	75	49	103.75	59	59	84.34	71	59	115	5	107.95	134	83	89	73	73.27	39	63	44.44	63	139	78	57	63.51	36	56	78	128	106.67	91	82	3.59	115	70	7	31	54.46	64	11	67	143																																																																																																																																																																																														
139	21.69	130	119	148	117	59.81	65	47	37	30	33.13	54	44	89.8	114	33	25	65	30.14	129	135	126	77	113.78	106	144	71.15	125	121	66	24	28.23	59	114	39	61	126.68	148	97	84.62	149	136	59	105	101.31	130	46	14	127																																																																																																																																																																																														
107	57.46	53	34	132	149	75.64	51	13	7	96	55.03	137	83	6.79	87	39	53	20	120.63	45	46	56	73	10.88	78	33	95.72	73	95	123	12	58.9	75	117	74	98	18.46	1	40	4.52	102	7	80	34	36.64	59	30	88	13																																																																																																																																																																																														
93	89.72	56	129	71	14	116.55	2	106	38	41	115.22	97	120	111.15	11	48	31	136	140.76	61	78	39	70	51.22	39	110	84.26	117	47	108	106	102.93	89	84	73	85	3.46	9	27	100.87	139	113	104	58	7.17	116	52	96	66																																																																																																																																																																																														
55	148.71	101	78	124	15	132.75	100	72	7	134	131.75	121	139	125.88	127	16	122	27	78.58	143	73	1	119	13.44	6	146	46.33	58	79	137	27	137.79	141	19	93	133	130.57	139	41	54.2	41	146	2	8	87.41	105	10	21	39																																																																																																																																																																																														
61	98.02	40	142	122	99	32.76	55	150	60	113	147.46	130	35	46.78	73	139	98	76	60.73	66	21	99	21	23.83	124	121	88.31	106	117	116	17	11.46	99	10	12	135	109.4	47	148	138	85	117	108	112	19.37	1	108	47	133																																																																																																																																																																																														
147	42.3	70	30	36	117	118.03	77	85	78	74	14.96	99	24	110.91	45	101	92	42	128.14	119	45	104	122	54.07	36	99	73.16	41	75	20	72	62.03	46	128	19	58	93.22	7	15	146.61	105	9	62	114	42.66	115	59	111	18																																																																																																																																																																																														
15	17.56	81	133	116	119	9.14	59	79	109	136	100.17	41	48	11.02	78	19	99	50	12.47	42	124	49	60	37.77	125	17	3.59	123	149	92	42	66.65	58	62	120	42	146.75	143	10	22.72	39	135	102	35	57.76	4	137	92	72																																																																																																																																																																																														
37	68.46	136	142	133	52	98.13	33	31	83	107	64.73	138	146	74.6	131	81	128	17	4.09	119	26	98	12	8.53	59	133	42.07	90	106	52	126	37.9	83	123	87	20	96.3	13	66	139.37	122	129	66	37	26.54	89	93	111	61																																																																																																																																																																																														
23	141.32	20	131	75	144	144.1	97	32	56	147	128.44	136	42	115.9	142	149	82	120	44.13	21	19	55	132	112.65	28	36	86.06	83	137	3	136	45.67	140	53	31	75	102.21	8	66	18.08	52	137	3	7	88.43	6	21	129	148																																																																																																																																																																																														
13	73.18	146	148	60	42	142.51	29	141	39	4	28.7	54	32	132.83	85	47	107	62	126.86	62	41	110	89	124.89	41	1	46.14	34	118	5	48	133.95	125	123	89	126	67.03	93	74	23.16	74	1	122	37	57.66	109	103	53	91																																																																																																																																																																																														
80	82.22	53	69	120	35	32.65	119	71	80	56	98.97	133	143	101.26	137	150	37	8	129.86	91	138	125	140	116.29	113	58	110.9	111	132	104	101	40.11	100	102	122	105	137.39	42	139	100.97	115	89	120	69	63.61	87	35	27	126																																																																																																																																																																																														
125	81.98	53	75	51	60	7.96	86	125	59	127	1.44	41	119	84.63	124	100	72	116	137.9	129	31	27	61	77.54	97	61	74.22	91	74	88	58	59.54	85	46	18	8	75.44	57	113	93.44	58	5	124	131	40.27	41	140	146	40																																																																																																																																																																																														
146	82.59	45	3	82	124	126.5	74	123	36	142	122.02	51	71	49.39	92	138	73	123	95.61	15	68	88	120	136.33	96	2	2.91	115	129	124	98	8.25	28	53	74	104	108.64	139	97	48.68	144	132	69	37	70.02	69	117	97	15																																																																																																																																																																																														
73	125.61	42	70	27	128	66.3	149	68	64	101	34.29	13	67	130.57	39	120	130	72	39.23	82	103	50	145	147.71	57	4	149.17	44	108	38	42	36.08	54	12	69	128	19.9	109	119	135.68	121	105	91	115	64.92	10	56	150	111																																																																																																																																																																																														
130	111.97	84	115	17	9	142.52	21	100	105	93	97.28	108	117	20.36	57	59	45	54	79.54	14	28	21	133	72.07	145	8	87.88	108	51	128	21	147.85	9	132	29	34	139.78	97	145	83.55	39	26	40	88	148.03	121	57	42	123																																																																																																																																																																																														
126	115.04	38	93	59	16	10.54	24	12	51	33	15.32	15	55	44.18	41	131	136	89	111.86	109	65	119	22	142.95	127	117	90.55	5	101	14	16	116.21	91	64	56	93	33.12	73	149	122.17	30	82	66	50	3.69	61	98	32	18																																																																																																																																																																																														
116	27.05	74	41	28	104	16.37	108	131	82	105	37.08	113	11	4.95	112	122	41	1	147.53	60	107	60	82	113.43	107	147	60.24	36	128	108	102	51.8	81	5	125	28	89.07	127	129	84.22	36	135	39	62	46.02	141	56	146	41																																																																																																																																																																																														
26	78.62	150	12	57	52	24.63	24	98	110	3	44.71	121	94	104.73	9	78	18	100	127	34	39	17	29	111.83	145	29	36.58	65	55	132	26	6.36	76	36	46	18	14.24	139	97	65.08	38	47	118	41	22.07	8	12	10	19																																																																																																																																																																																														
27	15.23	39	144	55	13	64.97	72	139	98	94	74.33	87	12	9.26	106	90	75	109	34.45	135	123	2	90	23.02	11	148	96.66	82	23	18	97	68.39	60	135	126	23	48.99	30	131	111.93	62	145	48	115	33.36	64	61	139	105																																																																																																																																																																																														
142	93.69	98	14	41	71	32.85	54	119	68	34	56.46	134	68	64.2	111	40	139	127	94	23	9	61	11	30.49	141	106	28	55	81	49	88	41.86	114	138	5	33	5.24	11	108	105.63	10	116	118	47	94.68	137	6	20	41																																																																																																																																																																																														
66	148.75	34	39	32	62	94.94	132	61	65	63	56.41	95	10	120.7	6	146	20	86	122.9	77	4	33	106	127.97	38	69	138.23	83	62	65	18	68.55	5	84	44	112	110.92	24	121	107.44	48	114	18	121	21.71	73	91	38	139																																																																																																																																																																																														
19	23.3	85	76	111	68	40.36	67	90	53	47	58.28	108	67	80.79	96	74	102	101	104.39	127	87	98	20	140.6	53	72	83.43	127	143	95	87	146.6	39	71	55	115	73.72	42	149	21.37	142	115	60	1	99.16	90	137	142	4																																																																																																																																																																																														
11	40.37	54	50	23	84	132.82	89	88	1	57	55.56	96	6	11.1	119	69	136	101	109.93	83	35	102	72	146.91	139	101	132.9	81	80	30	45	3.65	101	78	49	8	5.82	38	60	63.95	63	24	24	17	97.32	99	103	67	1																																																																																																																																																																																														
88	2.17	114	68	52	13	10.18	112	106	31	127	37.36	63	59	19.34	7	30	131	82	8.55	97	150	69	79	9.62	15	59	27.54	141	8	37	54	100.52	133	149	106	17	126.76	16	29	102.76	132	58	78	64	51.56	39	133	35	8																																																																																																																																																																																														
118	100.37	44	82	63	62	65.15	138	8	106	49	27.64	44	74	55.99	148	100	19	9	111.47	78	26	128	145	22.03	6	55	115.06	44	85	69	66	36.35	75	9	47	129	112.45	103	136	78.67	16	75	113	92	147.05	118	35	21	107																																																																																																																																																																																														
44	29.93	1	140	101	120	51.13	71	17	41	90	45.91	89	144	4.55	20	34	73	68	24.59	21	36	1	123	79.59	117	59	149.08	76	49	54	60	93.09	41	70	29	5	54.04	144	54	122.38	43	127	62	2	105.72	42	119	102	29																																																																																																																																																																																														
74	31.03	114	38	47	110	8.28	83	74	97	82	68.79	96	116	102.36	89	148	84	86	76.78	31	61	91	137	69.23	13	62	15.44	57	78	50	60	99.96	44	97	124	96	88.86	64	100	147.26	99	115	70	97	7.86	28	85	72	18																																																																																																																																																																																														
88	7.71	60	75	92	17	16.71	148	65	27	54	63.31	76	73	20.4	25	98	6	96	42.66	76	19	68	55	55.22	20	101	75.97	33	37	145	143	38.34	118	72	46	143	52.8	104	57	124.9	79	100	140	36	115.16	116	131	107	127																																																																																																																																																																																														
120	79.82	149	27	50	34	146.64	51	77	113	8	11.24	75	81	36.65	53	116	17	134	38.32	112	38	123	90	113.77	85	93	139.56	45	65	47	127	120.96	82	25	134	109	114.17	81	114	17.08	84	116	45	40	44.86	134	76	85	75																																																																																																																																																																																														
107	127.48	45	27	115	104	69.31	28	79	110	68	54.32	71	9	38.59	138	131	14	77	83.01	133	71	46	19	69.6	8	37	10.29	79	65	58	13	15.42	11	85	16	5	18.44	14	36	148.37	56	45	1	24	85.29	142	124	56	30																																																																																																																																																																																														
20	147.87	8	46	115	40	46.54	12	38	63	126	125.54	106	79	95.26	76	30	125	88	28.79	150	23	9	68	4.95	144	20	34.1	114	102	149	72	24.69	49	12	144	34	31.75	80	117	45.35	43	125	23	63	87.05	59	131	14	54																																																																																																																																																																																														
41	100.15	109	31	86	105	77.25	2	100	104	149	28.6	76	123	38.65	83	106	122	65	3.59	6	36	75	63	1.65	143	7	47.06	112	64	130	56	102.41	29	66	48	90	100.11	137	150	128.5	65	149	135	150	108.89	33	31	33	40																																																																																																																																																																																														
132	70.37	57	42	12	93	91.7	68	116	127	11	25.17	148	77	146.58	119	43	107	84	32.88	65	132	119	129	100.24	83	63	43.75	63	71	18	129	43.9	130	18	54	33	37.66	3	129	113.18	122	109	98	75	47.04	66	68	49	41																																																																																																																																																																																														
120	89.15	147	110	37	128	144.5	105	57	74	69	61.86	123	44	114.72	127	84	138	137	51.04	50	34	37	29	110.03	119	17	7.26	117	63	5	19	46.58	13	91	121	10	104.1	115	10	41.99	49	38	78	16	47.72	10	29	12	112																																																																																																																																																																																														
64	143.41	108	145	73	149	10.6	135	133	72	132	33.82	96	73	6.93	26	109	25	94	37.15	74	8	129	29	128.07	88	131	29.37	52	65	105	103	110.67	26	86	125	106	143.07	2	81	124.26	98	101	111	6	47.26	92	119	33	144																																																																																																																																																																																														
15	80.9	10	19	59	132	148.02	105	105	97	85	112.26	29	92	27.29	109	2	67	63	101.77	110	80	7	1	144.95	124	15	75.8	9	113	40	110	103.39	122	116	119	84	123.01	78	138	72.01	6	142	58	128	39.68	36	62	125	87																																																																																																																																																																																														
94	34.4	123	59	27	81	128.37	78	133	4	33	23.07	27	50	84.56	99	122	146	54	37.77	121	45	74	83	96.66	55	117	119.25	82	114	18	72	31.05	65	110	43	149	32.87	148	65	148.06	90	35	19	17	132.97	37	130	137	34																																																																																																																																																																																														
65	7.27	113	72	37	6	102.76	71	39	14	119	134.72	109	91	64.34	53	6	116	30	5.64	86	110	38	7	11.57	4	34	114.44	126	26	60	41	100.63	119	139	37	116	54.48	68	58	99.98	55	58	147	16	137.78	36	143	149	17																																																																																																																																																																																														
12	121.79	137	142	74	6	113.06	104	33	32	33	128.64	103	145	92.23	31	141	123	32	112.89	52	68	19	21	129.62	65	65	112.08	22	52	148	78	94.7	56	12	36	110	23.92	41	15	97.35	90	146	146	77	94.93	89	142	142	72																																																																																																																																																																																														
101	105.65	120	86	58	119	93.98	146	60	46	77	79.87	113	96	4.25	30	137	43	32	56.31	90	12	134	95	66.87	58	51	58.82	96	111	142	111	4.3	28	59	108	132	132.85	30	86	120.11	113	68	53	31	71.6	104	24	131	16																																																																																																																																																																																														
12	7.19	73	79	52	44	9.91	78	70	132	69	53.38	149	7	147.59	27	135	116	29	88.07	6	133	64	41	102.37	71	76	12.9	148	11	59	51	32.2	6	93	56	1	71.87	50	10	123.28	1	37	36	79	130.23	60	93	48	5																																																																																																																																																																																														
44	61.44	138	45	52	27	18.26	12	28	128	148	128.07	12	30	85.55	67	112	53	25	80.79	27	92	142	91	92.45	74	140	140.88	98	79	4	4	4.94	4	54	21	123	128.4	69	14	137.55	49	150	40	25	146.78	109	39	39	63																																																																																																																																																																																														
8	115.99	79	16	96	87	8.75	39	51	90	144	123.12	54	104	9.07	133	145	115	40	90.93	137	15	63	21	27.49	87	15	67.48	127	118	115	6	36.68	55	128	8	64	136.13	9	63	20.46	146	87	4	105	73.03	24	146	75	50																																																																																																																																																																																														
38	74.02	29	1	93	27	113.92	38	138	79	62	81.79	142	46	37.36	8	23	60	139	41.8	101	71	84	51	30.72	43	78	144.66	89	89	8	53	37.64	82	106	8	22	139.15	53	29	85.3	24	58	93	84	116.47	114	38	140	119																																																																																																																																																																																														
88	103.83	98	41	50	100	32.27	34	44	21	4	25.12	26	135	12.36	109	78	104	7	92.9	68	106	41	116	48.16	30	34	90.89	105	94	90	149	107.75	51	12	63	90	114.73	110	11	126.2	15	137	146	43	115.26	85	108	5	124																																																																																																																																																																																														
38	63.63	130	82	82	32	39.54	50	39	16	63	120.5	19	15	142.85	101	22	69	129	28.66	21	99	110	47	110.47	127	65	146.24	66	95	78	25	54.12	63	80	93	16	29.46	141	9	31.24	51	39	56	88	117.35	87	53	110	108																																																																																																																																																																																														
32	16.18	77	23	38	17	83.52	106	104	54	47	143.89	63	25	132.98	67	50	62	32	147.73	101	50	31	110	78.57	86	95	54.69	21	43	90	81	47.69	128	7	41	102	18.53	84	51	19.68	10	37	63	19	116.68	133	16	7	53																																																																																																																																																																																														
103	72.35	103	110	28	50	23.31	104	51	8	118	141.85	73	121	61.24	13	86	136	135	87.29	8	40	83	96	89.44	93	14	21.98	125	37	70	141	54.12	29	120	58	47	52.96	9	81	109.66	85	24	93	47	56.53	8	79	105	30																																																																																																																																																																																														
127	23.56	94	91	118	13	5.07	58	1	45	104	108.81	112	103	144.39	98	94	137	139	135.75	21	116	127	74	60.27	135	2	5.67	56	139	2	59	21.23	30	19	22	92	12.27	78	51	115.46	61	85	31	112	74.15	1	123	99	56																																																																																																																																																																																														
46	63.25	15	50	96	141	135.35	108	128	97	40	114.41	39	82	75.05	135	126	61	84	16.01	88	23	51	112	54.08	131	111	25.1	76	94	7	5	97.48	80	57	76	128	40.01	72	68	67.39	67	126	144	108	90.86	125	133	74	29																																																																																																																																																																																														
133	106.15	82	48	90	114	8.16	62	131	62	52	132.29	145	43	87.65	57	149	67	41	88.07	41	27	102	16	25.29	7	35	27.1	136	129	59	126	143.29	46	140	77	87	55.65	122	122	103.33	5	19	133	123	38.51	30	87	82	23																																																																																																																																																																																														
31	119.45	66	106	71	123	144.56	134	5	115	133	105	29	90	51.03	123	119	103	11	2.84	12	52	110	108	49.08	26	121	72.48	118	19	50	109	97.97	131	110	103	92	125.61	59	1	141.38	134	56	89	23	32.69	126	69	74	111																																																																																																																																																																																														
51	12.49	44	35	38	37	71.73	17	15	23	73	109.7	8	145	39.75	73	17	93	29	89.12	85	131	69	24	68.68	15	6	35.56	100	50	48	12	45.17	66	87	64	29	60.97	65	29	102.85	118	51	79	65	9.39	8	88	32	12																																																																																																																																																																																														
40	75.98	32	128	90	113	79.56	44	22	105	2	131.76	40	105	16.92	128	127	109	138	1.32	24	134	120	75	76.46	38	112	94.44	63	96	52	119	72.75	136	141	143	63	82.33	121	139	86.57	56	127	136	123	84.22	85	137	45	3																																																																																																																																																																																														
92	11.15	39	30	102	136	118.23	143	146	27	99	143.59	55	24	137.27	62	91	94	62	101.88	130	97	93	76	58.65	96	15	106.48	63	42	34	35	104.87	85	21	53	90	131.94	66	29	138.53	52	44	103	8	43.91	149	89	23	2																																																																																																																																																																																														
99	5.88	15	18	29	115	7.15	29	22	141	118	101.32	4	3	138.87	1	87	17	55	72.4	32	145	71	75	124.89	45	111	74.19	88	101	131	13	92.08	117	140	36	85	146.31	85	9	115.17	148	76	81	129	73.76	95	81	62	61																																																																																																																																																																																														
95	94.46	82	60	131	81	73.02	49	86	57	41	67.46	47	74	133.59	121	22	106	39	20.35	1	17	121	52	26.08	62	89	92.28	138	65	105	49	97.59	94	3	45	39	70.05	5	132	36.13	46	23	78	77	113.37	36	31	104	122																																																																																																																																																																																														
58	39.28	41	73	86	88	32.79	146	121	102	143	89.59	53	107	33.33	58	2	2	31	126.64	90	49	44	71	33.42	96	15	136.5	72	110	145	39	41.49	82	90	11	56	139.7	102	12	112.77	97	26	5	76	96.07	39	131	8	96																																																																																																																																																																																														
20	15.65	68	135	49	95	49.82	35	96	108	120	128.58	87	67	42.5	144	147	118	55	94.94	110	63	108	128	115.33	25	14	63.87	100	24	124	14	111.32	42	17	141	107	15.62	102	3	52.11	45	61	63	87	86.03	147	101	114	60																																																																																																																																																																																														
76	51.7	127	82	53	108	106.13	83	5	16	18	4.38	122	132	6.81	38	130	149	13	145.13	117	76	139	126	97.22	38	95	93.34	66	58	21	39	55.03	79	37	96	42	24.31	126	102	21.94	19	14	3	32	129.87	130	104	17	104																																																																																																																																																																																														
35	17.64	73	18	54	99	82.67	148	100	7	126	127.68	103	1	19.21	68	52	89	133	118.4	49	44	148	66	112.13	92	39	100.79	110	97	69	135	67.95	5	141	101	139	28.68	111	61	91.99	150	54	32	81	61.16	18	55	112	89																																																																																																																																																																																														
15	55.3	134	30	95	36	124.77	29	78	18	145	100.15	9	136	95.32	87	143	67	96	2.55	116	126	38	69	96.91	111	150	72.95	144	146	59	112	122.13	87	61	92	55	92.1	93	100	48.93	104	78	89	27	116.73	97	48	91	40																																																																																																																																																																																														
53	77.79	7	145	93	126	29.91	63	28	5	91	4.32	112	73	127.01	4	22	118	84	60.56	133	59	10	35	141.34	136	46	127.06	66	71	48	127	30.56	134	120	82	126	62.59	134	6	21.88	90	37	131	23	94.06	129	39	88	44																																																																																																																																																																																														
74	14.27	47	132	54	4	136.75	6	26	136	150	67.28	39	92	143.22	98	146	49	40	136.83	68	45	13	141	112.57	130	125	95.77	116	136	58	64	69.53	102	62	17	12	97.88	46	58	38.46	95	16	132	94	133.09	143	1	63	133																																																																																																																																																																																														
47	77.85	3	147	57	85	94.55	76	149	16	85	70.87	41	2	4.62	102	100	59	126	106.21	87	35	35	122	48.93	57	78	37.76	51	100	144	57	88.07	22	139	53	67	42.71	24	49	98.08	103	24	23	83	36.1	7	60	108	112																																																																																																																																																																																														
46	38.44	138	13	136	109	132.69	81	21	57	68	87.4	34	115	125.26	10	6	139	35	29.37	38	62	21	124	11.5	129	31	90.51	43	121	112	130	137.99	25	35	39	74	6.91	118	132	119.89	32	4	125	88	22.14	80	18	113	41																																																																																																																																																																																														
125	136.63	149	75	1	77	39	100	90	78	35	137.7	100	36	98.39	132	10	81	98	31.43	79	91	25	98	145.51	146	91	109.19	131	10	139	103	41.95	31	92	93	95	71.35	72	20	147.51	106	72	112	24	49.98	1	86	127	92																																																																																																																																																																																														
27	137.28	29	22	37	133	48.36	29	24	116	35	126.14	22	118	84.48	99	67	88	64	44.94	134	134	82	116	126.16	83	100	88.56	102	7	110	90	18.74	15	140	63	12	127.99	115	36	28.08	29	91	73	80	146.63	19	16	125	87																																																																																																																																																																																														
65	44	84	106	77	90	36.27	4	77	69	59	63.2	52	73	8.17	12	135	1	31	74.88	48	12	113	81	48.64	65	57	76.27	67	67	57	59	133.25	131	111	17	112	6.41	122	5	21.83	31	147	142	138	68.6	101	66	18	48																																																																																																																																																																																														
105	61.15	53	106	142	26	88.69	136	18	126	83	99.82	137	88	108.14	52	144	23	114	49.22	114	22	2	66	4.14	9	110	101.23	56	73	114	51	17.66	50	131	31	112	149.34	12	6	51.84	35	144	137	33	138.02	45	58	119	45																																																																																																																																																																																														
86	8.36	22	108	85	139	3.55	114	83	3	95	115.31	147	125	23.04	75	25	103	108	32.48	19	130	108	148	83.13	30	99	46.71	83	125	91	21	13.34	55	100	141	120	81.74	94	20	46.81	116	52	64	101	100.63	85	55	47	93																																																																																																																																																																																														
58	48.08	72	61	138	123	16.8	14	69	51	82	148.06	64	70	9.04	13	126	45	116	19.76	130	36	125	66	133.12	91	52	85.03	127	80	106	84	111.04	130	9	118	64	5.26	119	61	102.85	101	111	43	24	20.17	49	68	53	22																																																																																																																																																																																														
116	18.24	123	55	83	59	68.44	28	146	76	99	52.75	136	102	62.86	12	79	26	102	145.94	85	54	82	94	30.39	137	85	19.99	112	39	11	104	122.54	76	50	141	63	77.77	84	31	19.85	124	48	150	108	31.67	10	21	57	19																																																																																																																																																																																														
124	71.11	1	136	104	121	39.38	141	88	76	109	127.88	27	43	73.47	80	150	6	80	4.15	7	111	100	130	14.08	67	90	74.41	55	102	148	68	74.52	52	19	74	27	41.9	146	148	145.96	63	51	144	12	111.17	131	46	129	26																																																																																																																																																																																														
69	133.21	67	27	149	59	73.86	78	42	23	144	129.56	70	73	83.32	71	122	34	104	65.61	67	130	149	76	4.72	149	6	85.87	130	20	117	15	97.86	87	81	67	103	149.03	65	93	124.92	70	137	39	90	14.79	1	118	94	85																																																																																																																																																																																														
142	21.25	139	42	147	79	63.34	148	10	47	116	102.78	117	21	11.43	88	61	148	45	119.67	135	107	108	87	145.15	68	111	41.08	18	133	43	137	6.17	136	60	104	105	107.74	145	93	13.14	101	112	56	4	16.96	30	20	76	76																																																																																																																																																																																														
30	44.28	101	99	124	130	144.33	98	27	47	82	11.17	25	37	58.56	114	118	102	68	138.32	68	64	75	142	12.57	66	30	38.2	24	13	39	140	103.23	12	41	56	20	146.42	109	62	74.5	106	41	63	34	132.38	135	15	136	33																																																																																																																																																																																														
21	100.57	95	103	45	132	48.81	116	145	70	18	48.7	16	56	132.82	73	39	106	61	53.98	58	25	99	69	111.42	32	15	111.11	120	106	129	130	67.75	56	106	89	5	106.88	11	45	79.76	112	79	137	95	55.3	41	60	53	123																																																																																																																																																																																														
139	129.69	60	3	93	147	2.39	94	101	25	86	141.77	50	36	9.48	29	93	108	63	95.02	140	69	129	119	83.16	28	117	99.32	116	113	24	125	53.39	33	32	26	7	109.23	35	67	120.06	1	77	64	29	13.73	61	65	123	35																																																																																																																																																																																														
133	127.81	85	17	121	103	4.42	56	14	144	102	27.85	62	119	130.11	36	46	53	136	35.02	72	65	62	9	57.54	55	39	21.71	95	4	66	12	92.97	135	50	41	139	45.34	94	139	101.9	63	33	18	139	124.22	78	6	110	104																																																																																																																																																																																														
2	23.9	34	30	103	79	80.52	128	71	84	24	64.91	38	90	129.77	114	95	45	32	30.11	141	114	79	110	118.86	102	66	31.1	77	126	111	67	134.73	34	148	80	77	14.89	31	95	17.35	32	123	6	93	40.32	101	51	55	3																																																																																																																																																																																														
28	113.01	77	122	149	134	28.78	4	17	88	93	108.16	115	10	76.18	22	33	17	100	144.63	134	130	141	6	138.68	36	44	22.19	43	80	132	48	99.91	79	58	28	63	77.91	124	46	57.63	104	128	149	145	15.28	43	111	66	35																																																																																																																																																																																														
38	106.43	99	94	84	72	12.77	78	36	84	104	68.63	61	149	148.17	132	119	5	25	9.61	35	84	18	61	17	127	98	6.76	90	15	73	87	146.27	97	129	122	51	53.14	49	41	31.35	109	8	30	68	46.88	108	88	89	43																																																																																																																																																																																														
33	11.09	38	75	139	137	143.55	80	22	70	97	133.72	63	121	20.01	43	146	98	140	15.09	117	74	55	30	67.6	55	22	121.03	131	31	19	144	134.36	35	96	124	107	41.6	80	29	144	3	115	148	111	138.77	103	126	140	17																																																																																																																																																																																														
128	123.9	121	51	57	94	5.25	28	109	139	58	29.62	93	95	89.94	125	59	140	48	64.4	11	139	2	20	130.84	145	1	91.43	7	18	1	68	55.76	60	63	3	36	54.37	113	120	111.61	94	35	105	21	121.4	63	100	17	61																																																																																																																																																																																														
6	84.18	110	66	114	24	75.52	127	100	7	74	38.81	113	53	41.05	130	50	142	112	31.2	29	61	64	141	34.27	115	47	69.77	28	1	67	77	59.92	79	50	16	30	28.91	31	2	42.3	2	143	41	104	139.85	14	28	138	40																																																																																																																																																																																														
99	75.26	98	82	74	7	45.34	126	97	122	51	48.87	24	65	42.79	82	147	28	72	73.84	122	134	92	33	25.11	65	149	29.11	98	35	118	53	35.74	42	145	66	129	103.91	30	35	77.31	22	110	97	48	26.74	10	88	71	144																																																																																																																																																																																														
69	24.2	32	53	146	27	98.57	104	109	141	94	138.81	121	82	116.85	98	69	93	54	137.98	59	94	4	4	50.93	26	37	78.17	97	132	2	42	26.01	11	92	87	148	126.57	19	1	130.6	81	122	67	112	10.82	9	133	30	55																																																																																																																																																																																														
108	46.28	129	106	132	28	52.49	90	130	24	90	120.76	20	30	79.73	137	23	114	99	25.42	126	13	89	53	117.57	50	36	100.85	32	4	37	17	120.34	110	73	57	20	15.3	12	145	125.08	133	29	116	7	45.12	82	56	71	37																																																																																																																																																																																														
14	111.8	79	21	29	147	29.77	95	45	69	117	90.94	48	123	149.21	12	5	119	76	97.17	142	144	43	11	107.51	132	54	85.67	55	39	5	62	17.98	9	80	142	11	91.02	5	64	5.1	92	125	14	38	33.31	68	2	121	97																																																																																																																																																																																														
17	77.09	142	131	139	66	130.02	36	143	137	27	57.55	91	95	52.88	55	47	81	84	114.71	62	26	136	4	76.35	61	65	147.47	34	94	2	31	70.68	12	15	23	7	55.81	58	24	79.93	146	91	56	31	138.58	132	135	92	119																																																																																																																																																																																														
58	51.6	143	60	131	107	71.67	8	127	117	1	121.56	2	48	64.59	83	87	2	87	91.6	7	85	98	106	22.85	29	55	102.95	85	146	56	47	126.47	52	61	108	20	125.41	26	77	37.3	26	20	62	37	63.78	145	138	73	24																																																																																																																																																																																														
73	77.95	50	9	137	40	103.18	141	89	101	68	47.45	15	32	7.13	93	127	48	59	110.97	42	149	121	99	73.79	5	118	128.35	130	143	41	47	1.53	83	31	56	132	109.47	111	35	3.93	51	85	77	47	65.21	46	24	9	23																																																																																																																																																																																														
83	31.39	14	149	129	107	26.44	118	100	124	81	105.22	93	146	123.65	98	74	21	103	111.81	63	68	10	77	143.82	62	65	84.36	146	98	95	29	129.54	23	100	108	80	65.25	78	88	121.86	92	75	122	43	50.11	53	65	58	129																																																																																																																																																																																														
103	51.61	35	95	79	81	61.39	134	77	14	47	12.17	27	23	15.56	108	132	123	132	82.11	8	139	43	45	89.21	123	107	81.4	52	73	14	78	42.28	2	132	20	101	102.57	95	117	63.88	65	40	37	72	34.62	8	33	92	86																																																																																																																																																																																														
63	26.03	88	24	16	108	21.96	107	125	57	67	73.56	3	51	51	17	120	53	34	10.93	20	88	138	6	127.51	116	4	84.96	66	52	33	107	2.03	37	140	76	144	54.21	135	145	112.3	36	128	137	90	7.85	37	133	39	61																																																																																																																																																																																														
139	64.26	101	130	11	142	139.67	17	41	31	46	72.15	67	58	108.82	4	46	149	126	78.15	9	93	44	71	22.79	139	13	72.44	64	7	119	41	91.87	3	48	102	105	22.29	20	89	100.85	29	150	103	88	117.28	4	42	26	33																																																																																																																																																																																														
8	125.71	101	145	104	20	52.14	73	63	30	43	146.71	140	34	124.86	147	38	143	2	55.6	98	33	63	31	8.88	112	126	117.09	12	143	79	59	60.02	63	92	3	28	130.16	4	147	80.42	114	112	26	15	113.23	70	88	31	135																																																																																																																																																																																														
86	110.59	11	134	145	98	78.72	120	21	82	42	124.3	131	126	124.69	74	136	73	47	40.69	65	80	109	117	95.75	140	130	90.52	90	65	82	93	31.6	3	54	145	39	123.55	51	14	147.19	115	58	128	57	13.09	62	126	102	17																																																																																																																																																																																														
89	129.55	30	7	14	145	79.94	126	31	134	73	79.83	78	121	109.84	6	126	106	15	128.95	51	78	135	34	84.8	107	50	135.8	32	72	119	29	16.93	101	120	124	81	40.23	105	25	26.15	12	80	101	59	16.25	7	146	66	81																																																																																																																																																																																														
98	46.09	106	57	82	86	35.75	58	126	134	145	23.59	146	104	80.78	73	56	56	78	119.24	4	43	71	4	17.12	1	32	18.73	32	140	34	113	126.51	33	147	66	66	77.17	107	144	99.98	26	115	60	104	142.81	93	45	72	136																																																																																																																																																																																														
135	64.36	101	140	46	35	44.52	136	93	126	2	105.73	46	75	68.8	145	47	143	14	88.8	109	86	59	128	148.71	115	90	102.23	39	14	132	96	93.3	129	53	55	2	33.69	138	19	52.46	73	134	69	141	134.07	15	127	121	61																																																																																																																																																																																														
24	100.22	98	11	114	8	14.64	83	122	117	90	76.32	7	97	64.01	136	76	42	69	119.73	132	24	11	91	7.63	62	142	92.43	111	107	71	69	102.64	125	67	49	59	94.23	143	85	42.26	15	136	56	95	20.19	128	99	24	114																																																																																																																																																																																														
121	85.9	2	23	73	95	38.09	137	144	28	50	2.06	41	70	75.19	18	113	93	90	59.17	108	41	104	31	1.31	59	126	16	100	36	90	82	69.02	99	127	64	85	13.85	10	146	138.52	33	20	13	58	118.85	49	84	136	124																																																																																																																																																																																														
114	21.42	32	113	127	128	130.06	32	49	98	56	99.07	37	124	92.02	105	103	119	24	141.5	70	45	77	98	75.38	109	86	134.85	26	37	118	111	145.65	31	85	8	139	95.56	4	75	18.33	142	123	56	41	133.62	148	5	47	35																																																																																																																																																																																														
28	96.47	75	137	149	1	114.46	44	133	30	66	43.93	2	129	37.28	50	85	64	117	9.51	28	130	34	18	77.35	59	57	32.36	100	125	42	86	131.97	107	142	49	20	64.26	86	19	86.09	145	130	146	71	46.21	75	77	50	28																																																																																																																																																																																														
94	12.71	146	35	140	135	70.96	83	141	105	41	68.07	5	110	124.91	2	18	51	122	92.66	142	147	37	68	135.84	19	108	116.63	110	102	121	88	111.5	116	114	147	36	15.63	133	131	64.27	45	9	84	60	7.99	39	126	124	65																																																																																																																																																																																														
95	126.42	134	9	133	76	87.01	77	16	148	45	141.61	83	133	69.65	118	109	54	66	46.33	14	79	79	117	29.13	61	16	28.46	54	12	27	110	16.2	127	58	110	36	109.22	57	49	148.51	15	142	128	44	2.27	17	101	38	36																																																																																																																																																																																														
18	12.06	40	128	113	100	145.24	62	16	105	102	67.52	56	129	135.56	100	89	114	131	128.84	142	7	109	133	43.11	118	72	127.48	7	120	66	84	28.43	149	115	20	43	4.42	122	134	126.04	39	41	85	9	10.74	131	48	77	127																																																																																																																																																																																														
64	126.23	39	146	37	92	5.99	51	5	124	41	12.01	99	106	57.44	46	44	89	142	30.31	89	114	118	115	144.99	99	30	26.92	13	70	36	104	114.85	84	103	65	112	113	24	120	134.34	150	102	83	7	69.37	108	88	9	89																																																																																																																																																																																														
105	99.38	111	71	121	33	121.55	140	142	147	123	45.39	125	137	142.64	57	110	95	39	55.94	127	28	79	99	132.35	34	77	115.85	93	25	118	37	123.31	124	32	15	26	81.97	73	88	95.04	28	81	33	147	115.43	51	150	9	142																																																																																																																																																																																														
85	109.6	49	58	89	29	65.47	126	43	110	67	50.53	145	23	105	37	113	27	16	6.76	130	47	49	99	67.13	45	68	50.47	62	17	113	50	15.69	146	95	27	36	146.87	89	126	29.43	37	120	53	81	2.19	113	8	119	63																																																																																																																																																																																														
146	113.55	56	10	44	81	89.93	14	34	27	120	12.15	150	48	135.33	134	64	44	11	62.5	124	76	37	14	16.76	85	48	65.36	15	95	12	22	99.18	54	135	10	102	10.14	140	133	45.54	85	13	105	61	131.12	103	75	31	112																																																																																																																																																																																														
30	103.13	122	149	143	141	143.04	50	3	79	102	85.64	22	3	1.29	46	92	24	128	124.1	147	62	2	139	25.42	121	28	25.33	141	59	62	76	125.76	82	53	28	127	90.64	105	106	103.16	76	143	46	27	133.21	142	45	78	84																																																																																																																																																																																														
23	50.44	110	20	117	68	146.86	131	50	22	21	18.88	139	35	64.38	149	78	101	55	109.3	47	91	108	35	39.31	146	98	21.99	38	61	30	149	147.27	57	23	55	51	114.56	98	61	69.26	24	120	131	100	94.81	127	59	97	37																																																																																																																																																																																														
113	68.5	124	42	143	73	37.7	30	71	8	77	64.6	2	137	36.33	142	78	39	59	145.08	70	26	73	121	51.37	139	149	80.52	72	73	96	82	30.29	88	141	114	92	67.95	49	21	72.37	60	34	56	76	24.82	139	119	43	128																																																																																																																																																																																														
99	45.4	86	140	21	106	149.08	70	130	74	102	141.36	98	64	47.56	47	35	15	87	29.65	52	67	46	35	5.39	76	86	43.42	47	105	79	81	38.53	1	73	148	8	82.93	79	2	3.92	69	101	107	131	110.46	143	117	123	107																																																																																																																																																																																														
23	31.8	35	7	71	20	82.49	18	30	16	17	127.48	60	4	63.01	116	42	150	94	27.22	125	80	70	59	94.61	112	51	49.38	18	53	51	12	80.91	33	145	39	120	137.35	134	39	77.91	73	14	54	17	23.59	16	62	40	135																																																																																																																																																																																														
123	41.96	76	139	125	43	141.19	85	105	30	126	26.09	24	28	60.01	87	114	78	6	75.98	68	106	39	62	68.31	96	14	35.54	65	22	131	64	48.98	46	33	122	19	14.23	101	148	101.83	149	87	85	129	25.04	95	112	64	146																																																																																																																																																																																														
24	74.94	74	15	62	16	14.59	58	105	17	27	97.79	102	55	77.88	98	150	130	14	16.91	40	143	73	89	107.89	9	17	78.61	16	92	126	148	71.94	2	2	148	110	121.82	148	61	143.86	27	51	17	27	26.64	76	54	27	52																																																																																																																																																																																														
56	146.6	5	8	147	82	79.33	126	76	26	6	64.91	120	70	45.98	35	7	63	26	129.14	89	102	55	13	109.97	103	37	58.67	107	123	141	74	124.76	106	64	67	65	5.34	86	88	75.71	80	56	142	131	81.93	11	16	53	13																																																																																																																																																																																														
116	35.2	52	47	124	24	84.46	15	6	40	73	105.95	81	88	138.42	74	114	45	13	10.19	97	104	78	137	61.63	128	78	11.7	15	103	42	4	44.94	135	136	62	128	71.89	132	45	15.09	77	10	80	112	34.73	93	7	75	126																																																																																																																																																																																														
93	33.42	129	137	49	133	42.66	135	17	148	115	89.61	40	134	33.98	110	136	6	113	146	22	146	86	60	43.03	50	11	11.98	92	9	147	61	76.09	9	78	101	103	79.44	95	116	88.51	117	31	130	129	99.79	12	36	76	113																																																																																																																																																																																														
54	12.34	4	31	94	135	13.88	133	59	127	145	37.99	81	96	103.59	98	6	147	111	123.34	121	110	48	118	87	62	61	137.51	133	83	129	20	108.64	69	31	87	143	71.46	19	131	127.77	101	113	33	94	84.75	71	4	141	27																																																																																																																																																																																														
143	54.46	76	118	131	103	142.96	78	135	91	3	117.02	106	71	77.91	149	36	14	43	49.72	55	87	132	30	102.52	65	15	118.07	53	109	127	6	14.29	106	35	71	124	26.39	149	7	95.16	55	61	148	25	99.68	53	32	125	54																																																																																																																																																																																														
127	117.54	124	11	68	67	63.5	82	51	68	50	99.55	49	36	2.7	62	71	121	58	125.19	133	106	21	8	73.82	105	82	126.97	112	124	4	144	121.08	53	75	91	59	89.9	53	63	120.32	48	107	121	62	58.8	140	36	10	141																																																																																																																																																																																														
133	95.12	143	72	122	87	128.25	150	96	107	82	55.03	66	31	142.26	62	133	46	66	98.91	31	96	23	76	20.76	35	6	126.41	38	44	45	134	119.86	125	25	140	4	80.82	111	6	110.11	121	147	14	57	84.72	2	49	37	135																																																																																																																																																																																														
35	12.75	103	71	118	42	108.34	112	60	13	88	124.56	117	133	129.24	97	93	101	91	116.41	145	50	91	68	19.24	121	11	149.82	123	89	34	29	75.69	85	49	124	62	58.92	45	11	13.97	4	128	116	118	12.16	92	79	133	14																																																																																																																																																																																														
115	28.04	44	97	66	9	69.3	12	66	60	6	85.37	25	34	92.89	132	119	68	96	149.73	138	37	120	19	142.7	18	61	43.55	131	23	59	140	15.12	16	91	53	5	70.03	57	52	95.11	76	144	118	99	10.96	76	72	80	40																																																																																																																																																																																														
120	19.61	108	124	62	119	7.73	17	12	28	57	140.57	126	58	109.13	78	43	95	71	16.53	112	77	102	52	118.36	16	14	28.34	112	108	111	105	104.96	62	46	16	61	115.13	17	66	15.87	99	46	33	6	71.99	31	147	40	46																																																																																																																																																																																														
58	16.87	32	52	44	124	70.32	113	48	63	32	32.79	76	18	121	49	107	102	143	117.72	102	140	144	136	81.12	134	25	134.3	22	36	25	139	90.82	8	98	131	57	64.15	134	131	3.85	135	139	103	73	33.49	94	10	141	63																																																																																																																																																																																														
106	122.71	55	71	24	102	40.64	127	17	150	44	94.04	14	113	20.36	96	93	124	21	115.65	55	105	91	141	54.56	85	148	122.03	128	105	111	118	27.19	84	71	13	123	29.03	42	133	39.8	19	49	99	53	65.86	115	101	42	107																																																																																																																																																																																														
93	143.27	131	141	97	40	124.4	80	48	114	138	66.16	131	110	14.04	133	41	126	117	6.72	66	60	119	59	7.95	105	17	29.19	134	59	115	45	78.6	31	132	48	35	145.24	33	125	138.41	14	44	8	104	139.77	57	14	64	53																																																																																																																																																																																														
92	11.94	128	1	150	87	112.95	7	5	114	145	14.59	75	105	86.19	110	86	97	105	130.33	133	74	128	18	114.39	68	142	83.88	75	132	115	29	4.61	105	93	120	67	146.06	84	97	60.04	57	73	94	23	129.63	128	86	71	51																																																																																																																																																																																														
42	104.06	26	148	31	40	8.09	105	1	94	57	27.01	148	111	98.81	140	84	65	1	89.25	88	18	14	14	137.02	39	66	10.19	101	149	112	60	59.36	54	123	85	11	121.5	56	89	121.37	62	36	95	112	47.54	126	138	79	147																																																																																																																																																																																														
109	41.96	148	60	109	141	81.68	118	106	128	103	28.94	123	127	95.66	146	28	92	69	137.52	59	68	36	41	45.45	135	76	68.38	105	8	149	3	136.92	137	107	28	113	56.8	53	73	136.89	8	138	55	123	128.05	29	111	102	52																																																																																																																																																																																														
51	89.44	143	104	79	99	69.61	140	82	27	58	92.82	141	35	10.65	26	23	16	127	30.41	42	99	8	147	75.21	15	131	132.42	40	72	103	89	72.6	108	136	96	19	88.94	57	115	118.14	83	131	14	75	85.25	45	8	13	142																																																																																																																																																																																														
63	38.76	51	139	85	59	93.22	77	40	27	96	77.55	42	94	70.51	68	109	39	33	148.58	50	104	43	100	133.65	78	128	96.78	27	6	119	52	71.88	111	38	97	50	59.71	114	49	53.26	121	51	150	87	130.12	63	40	11	83																																																																																																																																																																																														
65	34.18	16	68	107	36	76.99	43	103	52	77	24.83	77	69	100.72	108	145	108	115	77.52	33	74	126	88	74.02	94	62	137.69	1	129	23	125	121.67	11	125	82	13	126.91	69	2	101.78	141	32	19	123	57.58	91	110	74	39																																																																																																																																																																																														
88	24.31	89	112	89	128	143.72	76	41	127	132	132.58	92	50	81.58	34	6	43	83	116.91	110	134	63	29	83.21	38	84	106.58	101	141	85	117	94.19	26	142	15	80	40.19	39	20	96.08	14	4	22	57	34.71	36	30	49	74																																																																																																																																																																																														
119	140.12	115	6	28	40	149.1	16	107	69	100	125.49	107	115	149.72	138	20	31	86	125.68	135	36	21	34	82.35	36	96	4.68	113	118	56	92	68.41	35	87	71	128	107.49	19	114	26.11	37	113	104	69	65.88	107	12	39	138																																																																																																																																																																																														
19	131.46	117	112	10	141	106.38	115	23	116	34	14.38	14	90	33.75	61	139	84	74	27.64	111	32	109	120	139.41	126	72	103.63	4	58	131	133	24.72	72	98	88	48	48.29	64	131	53.83	53	7	136	60	90.47	146	29	36	39																																																																																																																																																																																														
110	109.64	52	40	143	83	53.03	73	92	50	43	9.32	61	9	46.63	52	86	135	60	33.57	35	32	139	86	28.82	146	131	25.5	18	150	126	2	12.39	54	129	86	143	26.91	99	6	86.65	141	53	88	7	27.87	48	85	51	32																																																																																																																																																																																														
128	146.44	20	61	67	45	81.5	55	147	40	108	136.61	72	46	94.34	2	120	91	52	111.16	125	97	126	107	115.22	106	125	66.9	106	7	16	104	27.47	126	123	39	96	61.02	143	150	7.65	19	106	59	139	13.95	85	83	57	101																																																																																																																																																																																														
80	132.63	23	37	49	41	120.73	9	9	35	8	116.64	108	28	147.78	50	55	5	136	114.17	93	113	72	17	127.32	78	10	56.24	32	69	31	112	38.13	34	86	7	76	56.56	92	104	77.55	94	27	145	88	108.3	35	11	17	129																																																																																																																																																																																														
108	51.37	98	114	98	144	101.79	32	70	51	120	118.34	110	101	129.82	139	119	92	80	17.31	24	88	40	23	92.25	133	60	40.77	75	9	108	57	56.86	9	36	50	41	117.41	82	11	65.4	10	81	12	93	112.54	53	4	74	76																																																																																																																																																																																														
17	68.51	36	60	64	138	101.23	51	129	17	68	52.17	81	99	23.98	123	27	76	50	5.05	23	25	89	13	144.63	128	36	48.31	85	118	39	65	100.21	105	31	58	123	92.47	122	45	31.42	122	114	6	131	12.29	58	138	22	36																																																																																																																																																																																														
71	76.84	108	103	109	76	105.36	49	21	73	13	108.57	142	36	19.47	146	17	87	11	147.12	143	83	82	24	89.03	73	116	139.88	71	73	134	18	99.8	93	69	137	116	11.25	63	64	49.78	127	141	88	118	34.11	41	100	116	8																																																																																																																																																																																														
136	149.66	72	22	125	119	2.07	110	73	49	65	137.99	22	70	113.55	84	34	103	138	54.71	136	74	51	67	109.86	6	54	73.28	83	66	118	26	12.96	125	14	37	101	47.4	46	63	4.13	14	128	67	3	25.25	93	55	119	133																																																																																																																																																																																														
2	84.56	22	137	10	135	124.49	140	133	125	28	79.85	105	119	25.75	112	1	71	24	85.96	6	142	71	53	88.32	99	127	17.66	22	81	147	10	69.86	124	126	68	125	118.7	88	14	58.77	88	60	39	85	85.6	29	148	79	6																																																																																																																																																																																														
29	148.41	83	8	82	67	120.31	101	12	11	94	51.67	26	150	89.91	64	28	142	131	98.87	65	36	16	102	136.83	112	131	105.85	123	33	78	142	99.47	139	54	91	94	2.94	120	129	53.31	31	77	48	142	62.51	78	19	46	90																																																																																																																																																																																														
85	138.2	99	26	50	131	59.53	13	111	72	112	146.51	36	1	100.89	142	21	27	16	127.44	5	23	129	63	119.86	54	88	97.38	78	138	38	34	113.77	81	73	32	36	82.05	115	56	4.2	20	130	31	29	54.82	73	81	121	134																																																																																																																																																																																														
90	77.27	75	103	97	110	76.86	34	69	40	40	21.02	67	30	89	11	113	2	62	148.26	146	5	22	48	108.06	93	106	120.72	122	59	32	91	145.58	61	117	8	74	146.03	77	108	20.27	40	95	27	117	114.22	77	148	54	67																																																																																																																																																																																														
84	53.25	9	111	51	59	71.08	38	47	117	129	132.55	117	2	83.84	19	131	20	34	27.08	123	135	104	116	82.64	77	18	91.11	64	34	16	33	21.62	26	11	6	117	82.77	5	149	108.37	34	121	83	5	101.14	12	84	102	111																																																																																																																																																																																														
35	122.19	39	101	46	44	17.25	88	101	67	148	45.98	60	134	92.57	56	111	118	34	45.2	103	124	22	42	74.39	10	23	20.07	69	95	56	72	98.26	120	135	75	73	86.84	18	134	127.2	77	113	19	121	13.68	50	149	97	40																																																																																																																																																																																														
76	114.23	59	132	91	89	59.43	77	118	109	94	115.72	54	69	86.83	48	57	116	64	143.97	10	17	18	36	123.28	127	144	72.83	18	68	55	44	43.16	31	80	79	105	88.86	105	58	82.59	20	10	85	47	126.48	26	50	101	97																																																																																																																																																																																														
70	3.37	111	137	43	140	8.12	100	57	53	107	60.48	84	88	49.84	135	6	89	31	76.84	72	87	34	149	117.46	80	74	72.28	9	100	25	141	64.35	45	120	33	35	28.37	48	125	107.82	104	26	72	54	89.2	48	45	40	106																																																																																																																																																																																														
141	74.25	76	71	90	42	86.26	40	17	13	144	21.16	8	5	22.32	5	85	20	122	83.54	68	102	143	20	101.65	146	18	113.12	143	47	142	140	149.6	103	137	91	51	144.96	92	128	109.78	100	131	76	62	2.59	142	50	127	116																																																																																																																																																																																														
9	65.1	99	64	75	138	101.9	9	123	60	18	84.21	52	120	36.08	114	83	67	42	30.51	60	90	36	132	119.84	124	6	1.64	115	53	30	17	68.51	25	137	71	100	51.81	114	54	80.59	57	127	112	110	119.97	51	125	106	25																																																																																																																																																																																														
100	122.89	16	75	75	45	46.77	68	7	81	8	47.6	37	6	66.85	120	61	95	79	124.32	75	99	32	5	20.11	71	49	140.11	123	63	17	121	68.44	8	74	14	63	145.93	1	113	133.6	62	11	142	67	143.08	104	144	27	27																																																																																																																																																																																														
47	91.06	121	74	115	134	102.93	61	5	51	124	62.5	87	96	57.94	38	77	62	145	139.53	123	120	104	17	36.02	118	88	98.57	51	41	64	96	116.63	1	127	85	21	64.28	110	15	39.47	33	30	112	75	18.54	140	37	37	8																																																																																																																																																																																														
51	81.58	67	138	105	126	52.47	104	109	59	6	103.29	107	72	36.33	115	86	125	50	31.61	136	111	8	49	65.67	9	21	120.81	64	90	110	72	136.52	18	118	112	59	77.67	118	81	2.26	65	54	91	29	74.66	16	39	36	143																																																																																																																																																																																														
59	34.03	116	8	143	40	32.21	25	80	91	100	128.86	24	47	118.17	80	18	100	38	98.76	108	47	138	36	71.11	117	39	47.36	118	145	2	149	64.69	46	81	95	109	68.9	131	64	58.52	80	147	33	75	38.6	131	63	96	32																																																																																																																																																																																														
44	28	108	58	149	137	51.55	112	109	24	110	84.76	126	11	131.26	28	83	9	127	79.12	23	22	11	43	100.34	9	97	97.27	7	17	138	140	52.22	54	112	137	113	49.98	82	142	83.16	50	144	49	107	51.46	115	102	116	128																																																																																																																																																																																														
64	103.81	64	88	15	56	58.95	83	72	36	19	125.35	80	24	10.02	102	113	16	63	25.24	35	56	144	25	22.91	146	66	73.43	17	12	125	93	68.21	48	139	59	8	46.03	67	90	28.48	84	91	94	81	74.74	26	89	56	137																																																																																																																																																																																														
139	27.39	104	25	141	10	126.09	99	3	6	71	116.35	60	76	62.57	128	67	100	54	149.62	98	90	118	88	81.08	39	67	28.72	58	138	16	129	64.53	114	54	36	103	81.8	122	5	40.68	33	58	36	83	25.95	6	36	19	30																																																																																																																																																																																														
113	88.22	41	144	1	116	101.56	116	112	74	20	143.53	133	19	141.04	56	14	43	88	39.86	44	20	36	16	11.38	3	87	77.35	142	21	10	37	92.2	138	93	118	103	12.65	137	68	78.22	93	35	43	111	40.05	90	64	30	65																																																																																																																																																																																														
36	2.83	36	45	69	93	80.07	51	36	58	112	64.64	137	141	41.48	17	84	141	143	85.73	86	117	11	77	58.23	43	7	145.14	112	29	22	61	5.36	70	13	85	138	101.2	114	90	11.24	92	28	105	45	10.87	131	58	129	119																																																																																																																																																																																														
133	134.94	49	95	77	92	48.9	60	144	101	148	75.19	135	79	1.51	107	19	110	121	111.39	105	95	93	126	134.98	114	29	40.78	42	142	96	114	39.46	129	24	12	139	140.55	56	126	30.63	71	87	145	95	103.73	128	129	145	33																																																																																																																																																																																														
53	82.92	2	77	12	142	52.86	74	62	133	36	3.33	81	50	83.48	147	79	115	112	137.04	11	11	67	103	38.46	58	108	73.37	57	40	98	8	130.85	43	45	136	53	115.18	84	60	2.65	4	77	74	108	127.95	56	2	15	134																																																																																																																																																																																														
124	113.56	141	67	32	58	90.02	66	143	113	78	148.47	28	117	85.75	92	144	92	30	126.84	77	111	2	2	50.65	54	72	63.57	83	107	24	96	140.66	92	133	20	75	75.09	24	78	59.59	138	70	19	140	53.28	65	58	85	63																																																																																																																																																																																														
22	25.51	30	51	45	38	19.31	63	23	4	131	17.7	25	123	1.83	52	52	27	67	20.01	147	133	60	145	28.31	100	41	12.99	81	150	55	88	130.26	48	102	9	38	27.52	31	115	86.97	88	55	29	115	92.25	90	98	140	112																																																																																																																																																																																														
123	44.68	121	86	31	32	47.18	72	86	117	75	117.66	107	127	121.92	112	74	95	15	110.02	88	27	58	67	17.82	68	56	44.99	62	120	60	144	4.31	134	23	41	122	36.15	71	105	109.55	93	3	133	148	39.27	7	61	58	39																																																																																																																																																																																														
89	144.61	100	118	145	133	124.47	25	82	74	19	116.03	11	66	17.74	55	44	50	40	88.72	147	57	48	110	98.37	11	9	56.12	59	130	139	28	95.65	26	58	45	150	136.51	102	46	122.06	65	115	66	75	21.79	21	82	67	146																																																																																																																																																																																														
52	146.09	130	134	88	11	141.23	46	59	137	114	77.99	125	63	32.67	107	37	49	115	26.87	134	135	126	116	146.55	108	45	86.48	123	83	93	67	10.75	41	142	81	123	94.27	71	24	23.3	82	98	5	102	143.14	48	78	33	76																																																																																																																																																																																														
64	46.89	108	128	128	131	123.94	36	97	52	105	80.49	34	61	61.84	9	18	25	126	19.55	15	17	125	80	110.48	124	112	142.02	41	130	22	70	54.38	124	38	10	68	144.37	23	4	123.32	72	37	90	99	132.63	87	102	19	1																																																																																																																																																																																														
150	70.45	136	124	36	99	13.77	25	6	149	69	140.8	146	54	141.5	108	53	128	130	58.15	48	78	127	50	58.71	32	59	136.65	86	140	28	18	97.19	83	17	111	119	40.14	141	71	73.69	145	128	83	143	126.88	96	63	146	131																																																																																																																																																																																														
99	142.1	23	118	54	32	24.19	107	41	116	20	76.02	20	2	123.98	114	32	23	113	87.44	53	105	36	35	80.33	46	93	14.28	150	109	139	6	19.1	127	48	148	35	92.19	46	21	20.51	8	80	82	51	48.08	61	98	24	95																																																																																																																																																																																														
115	10.18	84	146	33	48	5.95	13	139	112	104	7.33	132	103	139.61	11	114	90	28	23.7	19	26	56	24	139.31	66	47	116.38	23	145	74	130	84.82	136	46	17	63	135.76	106	21	54.58	29	110	14	24	76.83	54	19	24	62																																																																																																																																																																																														
104	10.69	25	83	2	49	109.14	42	25	37	150	34.96	36	119	20.53	41	55	4	43	146.34	46	12	78	95	38.81	37	126	43.2	18	72	37	8	100.18	1	105	131	71	133.31	26	146	74.2	17	23	54	122	123.23	116	102	4	65																																																																																																																																																																																														
96	35.64	57	76	22	104	105.43	75	144	89	128	9.69	140	138	14.08	11	107	28	87	89.48	105	142	86	45	81.3	45	32	57.34	94	53	105	73	54.23	118	100	121	98	102.62	84	60	67.06	125	130	17	98	71.94	46	7	64	122																																																																																																																																																																																														
74	30.99	56	129	96	55	50.73	41	25	60	150	64.38	22	80	135.41	14	29	6	118	65.95	77	47	83	137	126.4	130	149	115.27	9	6	31	75	39.67	27	88	55	98	142.73	17	90	68.85	121	144	91	30	55.73	122	148	105	113																																																																																																																																																																																														
96	94.32	137	58	20	59	79.34	77	81	128	45	98.9	80	26	11.64	149	68	113	131	118.51	68	32	11	78	43.81	141	125	114.46	93	65	3	144	44.02	110	22	122	81	144.04	72	76	104.79	141	120	100	30	40.95	21	97	33	41																																																																																																																																																																																														
66	99	51	144	125	133	70.88	88	8	53	85	9.13	125	23	10.82	35	70	29	127	129.45	22	112	51	22	104.88	136	47	6.05	44	10	100	60	106.26	5	90	16	40	118.42	64	140	61.48	136	119	141	36	78.22	84	25	119	116																																																																																																																																																																																														
94	92.44	27	72	150	108	71.39	87	16	44	35	124.95	130	37	49.04	117	131	76	10	71.35	38	131	82	28	49.73	46	11	3.46	23	125	121	134	22.52	12	142	76	78	82.68	51	112	71.64	117	72	100	63	16.63	62	48	56	48																																																																																																																																																																																														
95	142.45	107	94	4	140	135.21	124	8	85	9	143.2	110	123	136.46	73	36	147	34	144	96	45	142	74	28.34	111	19	80.49	22	126	94	34	91.83	106	80	26	139	91.54	122	76	111.71	80	63	88	82	15.16	117	104	83	91																																																																																																																																																																																														
15	41.1	28	82	144	20	97.25	100	89	17	58	21.78	124	145	61.1	16	129	49	78	92.53	34	37	94	91	50.54	132	34	128.25	13	71	44	33	15.59	66	60	113	136	105.03	50	68	17.48	16	111	117	40	100.69	104	44	93	98																																																																																																																																																																																														
34	58.05	95	11	13	148	62.46	42	109	110	62	95.4	84	66	48.92	104	150	7	29	78.25	42	14	79	140	116.95	98	93	4.64	113	3	39	136	128.37	147	15	141	77	99.4	79	10	67.36	118	126	62	22	146.39	41	68	84	122																																																																																																																																																																																														
89	96.95	102	92	74	112	101.51	6	13	93	137	21.54	113	35	56.65	11	93	103	14	74.92	122	123	67	99	143.18	144	54	92.5	105	36	99	133	133.31	68	22	38	25	120.43	60	87	103.76	71	138	33	105	38.1	24	60	134	50																																																																																																																																																																																														
143	64.73	10	132	117	19	147	122	97	119	90	15.46	121	114	96.11	3	76	131	6	143.74	60	126	2	2	42.52	33	2	31.47	103	132	25	120	137.43	108	14	41	17	42.69	57	146	38.86	5	139	150	16	33.96	58	57	64	2																																																																																																																																																																																														
124	21.33	84	140	110	110	91.63	25	32	124	90	43.73	112	13	106.12	2	37	64	125	135.62	25	76	28	76	98.5	72	109	75.8	92	103	7	49	53.21	97	127	55	130	115.13	136	117	44.2	40	33	93	12	7.77	133	22	137	136																																																																																																																																																																																														
62	100.43	82	7	133	17	68.66	65	3	82	132	7.31	140	10	30.25	45	43	97	29	81.2	45	86	113	33	130.28	79	43	84.75	130	11	33	111	75.79	60	122	130	52	99.29	23	42	39.65	131	140	64	128	84.04	68	44	57	58																																																																																																																																																																																														
132	61.73	28	144	150	144	78.3	50	71	120	116	95.92	91	30	28.45	87	14	9	144	147.2	63	45	85	72	56.75	78	145	128.98	124	42	122	90	127.98	31	134	85	44	21.9	4	64	87.52	93	144	74	129	124.18	25	142	88	112																																																																																																																																																																																														
89	108.99	82	132	127	9	81.72	37	78	124	4	2.37	115	45	39.42	29	67	35	21	123.69	97	98	146	125	59.63	8	100	36.14	109	59	5	49	58.83	85	6	121	78	24.69	37	135	100.77	104	8	65	108	117.89	67	61	8	74																																																																																																																																																																																														
112	110.22	71	149	46	43	68.79	108	109	99	45	149.92	78	147	4.51	41	38	71	61	55.29	74	81	85	89	46.18	117	103	40.92	119	67	15	139	146.94	27	69	108	8	37.01	46	88	18.7	72	123	60	30	100.89	41	67	103	80																																																																																																																																																																																														
2	124.68	134	20	63	67	79.78	23	83	100	149	18.43	114	45	106.42	35	137	124	108	38.9	70	103	44	113	20.09	140	132	65.86	140	50	11	29	3.84	15	67	72	64	126.84	32	150	28.99	42	80	44	11	104.65	68	14	12	111																																																																																																																																																																																														
138	107.98	104	137	43	123	77.94	117	109	70	24	8.29	31	116	69.68	97	49	59	12	146.14	5	110	111	104	49.1	62	103	50.37	107	23	138	55	43.94	119	113	69	6	68.26	131	123	19.22	22	12	54	46	73.84	110	120	136	133																																																																																																																																																																																														
52	90.83	31	130	59	128	49.51	51	24	64	90	6.34	66	142	140.55	50	114	83	21	36.27	21	39	10	69	131.16	56	150	21.77	38	32	42	89	137.04	76	120	40	62	137.51	129	100	5.02	124	21	37	85	90.01	147	34	13	78																																																																																																																																																																																														
66	104.24	23	21	1	24	121.26	15	139	114	125	102.25	63	85	65.99	58	19	96	95	23.25	42	41	39	85	52.02	109	43	45.32	137	36	61	110	78.56	118	7	53	92	9.14	33	107	48.36	83	41	6	54	144.37	143	135	51	123																																																																																																																																																																																														
48	66.14	52	61	38	41	9.11	76	83	116	66	112.12	6	127	13.57	59	78	123	134	72.54	62	34	140	65	6.87	69	149	62.45	117	137	93	126	58.16	121	89	106	19	127.31	51	101	25.29	112	105	15	106	60.47	49	28	127	27																																																																																																																																																																																														
102	79.8	123	119	141	124	88.75	19	34	69	48	106.39	79	81	103.82	68	47	125	7	19.2	111	5	36	23	59.71	28	93	76.63	39	71	50	9	80.43	9	9	25	38	81.62	52	148	124.55	147	138	8	94	108.78	145	31	1	101																																																																																																																																																																																														
41	62.98	127	16	59	115	70.93	98	144	7	150	36.26	116	79	130.47	111	139	94	115	88.82	140	112	58	40	82.81	43	12	68.33	9	8	69	148	50.19	78	23	91	110	93.38	105	129	42.76	53	18	55	64	49.71	120	149	45	11																																																																																																																																																																																														
11	62.97	7	51	45	127	7.59	136	32	84	36	137.03	35	78	74.95	150	58	32	29	75.24	109	115	99	75	130.57	8	39	2.25	86	97	149	115	68.21	118	142	61	21	92.2	110	103	125.32	129	28	109	112	2.9	5	59	54	84																																																																																																																																																																																														
1	84.77	83	118	36	31	46.35	43	32	12	135	139.89	38	6	83.12	128	105	124	88	119.89	78	136	58	52	63.77	96	47	30	66	114	42	112	37.27	135	133	112	49	6.61	22	97	26.88	118	39	44	138	77.99	122	149	120	126																																																																																																																																																																																														
8	136.99	125	136	101	89	29.12	69	103	19	27	124.53	129	55	79.31	60	129	140	104	14.53	99	34	15	13	24.57	66	89	83.71	12	45	59	28	15.19	44	42	31	128	112.57	53	146	34.39	15	12	2	32	138.04	82	47	48	38																																																																																																																																																																																														
15	102.13	8	87	2	126	124.94	113	109	9	129	141.77	135	39	68.97	15	150	126	63	114.48	39	121	79	4	122.64	114	35	149.37	94	136	125	53	72.44	35	145	82	53	53.74	143	6	127.61	36	61	63	44	63.08	3	96	44	124																																																																																																																																																																																														
30	133.18	84	87	77	120	61.42	36	5	110	75	34.09	102	121	90.04	95	53	35	69	33.47	12	37	147	121	53.62	75	134	65.14	106	61	4	85	15.97	3	146	56	149	135.14	135	81	2.14	96	88	116	24	88.34	3	120	114	150																																																																																																																																																																																														
84	63.97	58	101	62	22	21.17	26	48	89	105	31.28	18	35	53.23	30	5	49	105	106.1	107	43	44	149	98.63	8	47	107.84	145	71	133	72	115.88	83	102	25	75	96.53	60	26	117.41	150	47	118	39	149.55	18	29	31	80																																																																																																																																																																																														
27	102.39	19	103	136	36	72.01	98	135	109	58	15.77	3	124	91.21	130	73	56	25	69.91	26	94	28	53	57.73	52	147	74.53	119	140	76	5	86.12	94	33	7	1	88.68	102	76	19.75	119	63	51	135	62.76	150	60	113	21																																																																																																																																																																																														
90	47.03	113	138	48	150	91.22	70	150	57	147	126.08	57	25	106.03	106	2	3	74	50.29	105	8	3	34	116	62	104	77.27	76	117	75	134	127.75	41	34	130	58	7.05	110	7	63.69	53	29	16	59	17.4	85	40	138	36																																																																																																																																																																																														
95	11.47	148	32	52	117	73.81	89	92	123	75	56.45	61	121	147.52	146	54	102	8	32.36	115	106	41	50	96.3	142	121	118.94	73	142	16	66	67.62	45	48	143	64	76.13	109	134	118.27	41	100	95	116	54.91	6	67	128	97																																																																																																																																																																																														
125	147.39	92	3	125	129	3.24	5	70	30	38	28.04	88	64	4.4	119	91	38	33	142.23	102	114	42	69	71.83	74	111	36.97	45	76	55	51	115.17	73	102	2	118	77.11	56	147	130.05	115	77	32	146	89.34	17	58	87	150																																																																																																																																																																																														
140	76.87	134	10	10	30	53.57	88	50	133	42	91.31	53	140	36.71	19	41	53	60	25.26	70	53	34	17	78.6	45	149	105.73	97	5	65	21	29.27	7	113	138	57	80.28	101	130	111.67	116	15	94	101	27.88	10	96	133	132																																																																																																																																																																																														
137	51.17	43	62	37	78	10.78	53	66	74	90	12.64	40	86	64.64	124	88	105	36	143.77	113	4	73	11	33.04	109	106	38.7	129	106	19	43	138.72	4	87	99	123	142.76	140	11	9.21	31	101	70	95	55.66	114	135	32	45																																																																																																																																																																																														
77	10.59	101	133	10	12	106.75	87	5	109	92	31.14	131	26	109.15	55	94	31	58	39.18	147	110	99	73	82.5	70	54	92.93	54	54	76	147	41.53	109	12	123	100	20.03	117	110	33.56	62	86	48	55	52.06	121	31	43	136	52	92	37	133.99	97	5	123	55	7.76	83	89	20	1	91.33	10	23	10	83	32.43	63	31	51	52	75.59	29	51	142	94	120.47	32	32	130	79	68.25	113	11	139	78	3.67	3	59	80	59	17.79	7	2	83	81	67.53	58	102	16	12	122.13	110	142	87	119	79.27	125	30	8	72	130.78	129	80	104	26	42.62	79	7	81	19	91.58	114	32	12	144	101.98	49	67	52	1	126.63	94	6	68	81	57.3	18	129	143	20	143.52	45	9	31	47	83.17	141	121	74	13	110.74	79	116	100	31	140.76	62	27	103	30	102.96	107	37	12	103	19.9	45	140	146	4	112.8	68	146	79	39	29.51	105	52	9	56	69.15	88	88	49	52	78.16	25	121	39	20	40.42	134	62	75	150	85.36	112	65	91	135	53.92	5	38	135	85	41.57	129	105	133	31	116.86	74	149	146	59	146.67	81	147	2	35	145.5	76	76	115	85	114.34	68	41	99	150	135.98	22	141	103	43	87.15	8