50 240
116	69.65	26	101	110	71	88.35	138	54	95	144	142.83	119	45	76.99	39	9	126	40	16.06	56	81	96	54	69.44	115	75	73.28	51	138	64	12	136.73	6	98	49	58	43	29	107	124.26	133	13	93	132	34.61	70	149	149	29																																																																																																																																																																																														
107	46.02	101	36	139	24	71.06	12	90	49	119	38.42	96	143	39.71	62	122	23	117	82.57	62	53	103	123	56.83	129	68	132.06	34	37	106	62	36.43	140	42	117	134	141.89	55	43	85.5	122	13	44	107	3.11	9	148	35	86																																																																																																																																																																																														
144	7.58	47	127	96	140	105.14	141	105	120	20	103.87	38	120	83.86	60	92	55	8	82.87	98	143	127	29	143.1	37	14	126.47	113	72	40	71	66.45	67	47	112	46	10.6	24	124	99.53	112	113	38	69	17.85	137	82	35	71																																																																																																																																																																																														
124	74.85	111	43	81	30	135.98	12	51	108	50	60.73	86	21	73.13	116	70	17	99	21.03	57	120	43	147	58.15	70	25	20.93	33	67	9	115	1.51	40	64	17	4	74.67	59	37	101	28	42	70	115	108	13	41	58	127																																																																																																																																																																																														
43	17.75	19	114	42	150	113.77	28	75	15	86	60.07	88	49	17.4	128	86	72	37	15.67	40	19	88	79	42.95	18	120	87.31	143	83	55	119	26.32	106	63	116	144	106.93	85	131	18.72	109	116	61	23	6.88	121	148	26	22																																																																																																																																																																																														
150	88.2	82	95	8	38	41.92	30	26	35	58	19.09	28	79	129.73	8	146	136	91	100.62	73	8	30	105	90.53	59	129	85.55	48	21	64	93	48.49	32	111	105	21	91.99	114	95	79.52	139	89	101	14	89.78	117	146	148	111																																																																																																																																																																																														
18	86.88	135	36	99	41	60.2	20	43	102	32	130.34	65	131	88.39	41	46	19	7	25.33	122	76	28	86	116.6	33	14	128.91	130	23	55	103	65.76	142	121	111	147	21.08	65	31	108.09	60	113	20	10	89.14	124	22	3	123																																																																																																																																																																																														
32	110.42	45	149	150	123	8.07	56	72	22	117	119.82	96	140	124.67	78	8	148	18	64.78	85	87	50	90	145.36	14	102	87.78	55	82	134	29	123.17	138	36	80	37	55.24	61	24	120.07	32	98	103	85	13.67	53	135	103	143																																																																																																																																																																																														
3	108.35	39	129	77	145	115.93	133	20	89	32	5.04	93	104	77.36	45	6	47	52	101.03	59	134	96	140	10.91	43	147	45.08	17	13	136	75	39.54	64	87	21	148	1.33	33	99	105.89	46	100	136	55	42.55	80	108	136	44																																																																																																																																																																																														
21	103.22	14	118	108	138	15.22	113	117	48	31	23.88	96	64	88.95	38	140	135	74	147.18	81	79	37	24	147.97	39	83	139.95	68	100	5	87	137.22	150	132	109	74	143.1	129	27	62.05	149	131	105	122	110.43	128	122	3	37																																																																																																																																																																																														
8	83.59	5	80	57	108	57.89	83	97	53	28	21.17	84	57	102.04	64	15	148	5	89.63	10	85	18	97	84.48	4	68	69.59	65	131	143	73	28.44	96	43	112	60	95.91	95	66	90.63	147	13	83	42	145.05	24	21	58	70																																																																																																																																																																																														
30	112.28	96	105	104	79	8.74	71	68	40	58	119.73	51	3	36.93	56	85	22	143	44.5	51	88	69	28	75.36	137	148	37.53	22	146	23	67	5.33	127	22	128	24	124.74	72	81	140.73	52	90	30	128	130.28	113	126	143	127																																																																																																																																																																																														
2	13.71	123	138	36	122	30.6	114	109	67	57	15.98	96	138	44.83	58	116	25	102	47.63	127	119	65	105	140.69	130	17	61.8	60	59	5	149	79.98	119	127	92	39	107.16	84	92	110.42	130	42	23	50	106.39	64	16	45	98																																																																																																																																																																																														
88	68.8	119	36	85	69	69.49	87	74	125	8	52.68	74	14	146.48	5	5	123	10	39.59	94	33	4	68	78.25	118	112	26.23	10	76	68	125	96.23	108	130	61	21	148.53	133	32	16.44	135	109	121	100	27.04	28	80	61	103																																																																																																																																																																																														
15	144.58	132	37	149	50	106.44	67	46	53	34	147.65	37	39	129.86	12	110	45	11	116.46	31	85	114	145	4.38	50	50	113.61	1	72	26	26	20.72	66	99	114	90	108.26	31	21	101.51	95	4	38	119	15.74	77	130	109	150																																																																																																																																																																																														
108	47.38	8	108	17	58	147.48	134	65	136	141	78.08	125	124	62.65	126	147	121	19	14.33	67	119	136	80	19.33	89	114	45.84	76	87	121	24	143.99	120	133	90	8	134.97	108	146	124.15	108	20	68	31	120.78	133	125	133	16																																																																																																																																																																																														
66	122.67	26	110	1	87	100.33	79	96	31	144	77.15	89	101	96.81	131	13	124	81	136.52	127	101	6	62	134.85	92	145	104.19	17	62	124	15	122.35	129	131	23	100	38.28	125	135	82.64	25	122	126	20	93.44	48	73	131	9																																																																																																																																																																																														
58	5.55	106	83	95	129	138.21	82	58	75	9	25.49	15	114	25.47	30	132	70	83	87.33	148	123	108	64	135.87	145	71	87.36	51	4	57	105	127.98	45	59	68	141	87.99	22	123	96.82	46	94	28	26	139.18	77	101	38	27																																																																																																																																																																																														
37	123.25	70	115	117	148	97.68	133	13	91	60	51.58	21	77	51.97	128	28	75	113	145.83	73	50	122	131	59.23	100	14	59.45	18	138	107	36	133.77	126	5	73	60	16.27	115	11	115.69	66	28	93	100	96.71	13	91	8	74																																																																																																																																																																																														
15	57.55	49	63	19	113	96.59	134	49	112	34	2.02	126	112	73.88	56	98	74	20	96.05	102	138	92	8	54.23	129	123	128.62	135	38	150	89	129.41	49	96	56	20	102.85	122	118	101.61	124	29	12	9	26.23	13	97	19	23																																																																																																																																																																																														
42	47.09	50	149	13	126	94.59	132	43	126	119	102.61	80	67	42.18	148	75	111	87	119.49	79	51	145	19	4.34	34	86	120.77	33	50	116	113	136.52	16	114	111	140	73.73	27	129	149.72	132	7	35	111	63.59	85	135	31	107																																																																																																																																																																																														
77	36.17	43	81	116	64	103.23	27	131	9	39	25.34	10	142	75.19	106	70	76	2	36.29	42	91	136	126	98.36	121	25	122.35	37	150	33	99	85.66	128	132	125	57	145.25	98	144	86.44	139	57	97	39	101.41	78	129	114	129																																																																																																																																																																																														
92	130.27	88	147	125	58	132.93	85	42	45	76	52.93	62	76	68.46	150	30	55	136	31.7	57	86	117	76	138.27	13	113	121.68	138	71	78	74	68.87	45	126	74	77	99.03	87	23	105.85	49	118	102	115	68.73	8	75	146	32																																																																																																																																																																																														
15	138.11	92	140	140	57	38.41	117	79	106	29	57.88	137	116	82	148	69	18	112	141.66	8	83	4	106	131.24	144	119	143.16	52	30	53	12	117.56	111	132	86	43	50.67	91	55	22.44	104	126	113	98	131.07	117	107	26	116																																																																																																																																																																																														
57	135.62	140	61	113	69	61.13	49	41	23	82	113.02	43	90	123.28	90	37	28	18	100.12	121	61	34	85	12.38	63	125	85.32	38	75	75	48	20.74	56	133	58	37	122.84	139	14	29.98	138	11	4	100	126.01	19	85	112	103																																																																																																																																																																																														
100	57.07	54	18	66	110	88.86	121	120	139	14	123.85	129	41	93.76	102	5	46	150	7.26	138	99	97	6	33.8	13	50	18.46	85	51	144	48	11.4	144	115	59	112	118.77	137	19	51.26	112	89	79	144	81.81	50	61	96	56																																																																																																																																																																																														
107	56.14	105	74	58	134	52.35	75	92	140	60	93.7	81	146	55.18	38	111	135	105	69.45	28	66	81	52	70.98	49	144	8.02	34	149	24	128	87.02	121	128	109	68	59.67	10	22	112.96	137	138	91	14	123.31	87	147	132	78																																																																																																																																																																																														
8	1.07	103	26	116	20	83.54	128	23	93	92	103.69	145	142	35.81	144	69	94	34	148.03	104	76	67	146	30.05	135	48	109.23	27	45	150	51	105.44	7	116	14	103	26.51	86	123	38.17	15	42	66	46	146.04	16	14	83	135																																																																																																																																																																																														
91	51.15	146	123	144	74	137.5	90	10	25	89	131.84	29	79	64.11	34	93	68	78	100.43	75	74	43	76	53.62	118	30	62.57	110	97	74	41	147.13	2	43	111	27	108.39	50	68	135.73	95	140	100	89	126.17	17	110	106	19																																																																																																																																																																																														
126	77.95	102	45	96	132	10.49	149	21	69	20	78.14	112	120	117.86	69	131	50	18	71.6	42	75	99	87	86.18	139	139	8.62	78	88	51	78	139.53	56	137	100	126	69.59	84	91	74.94	97	90	82	117	76.05	58	137	67	69																																																																																																																																																																																														
36	9.38	17	30	137	39	40.2	65	90	111	2	6.52	123	73	50.96	61	66	26	38	111.49	84	148	28	130	51.95	100	27	65.11	93	30	92	42	79.26	25	130	80	23	131.81	75	3	114.27	107	16	97	142	42.46	50	70	11	36																																																																																																																																																																																														
48	110.21	102	10	139	150	80.85	28	69	28	35	93.29	144	34	16.54	138	100	35	25	43.68	35	66	90	26	58.59	80	33	74.16	58	29	10	75	46.19	106	32	53	12	21.04	128	117	146.62	138	102	49	46	3.4	69	68	108	37																																																																																																																																																																																														
34	119.52	44	80	77	38	109.11	99	112	104	35	44.95	127	84	102.51	92	90	29	79	103.59	3	56	59	119	62.24	45	15	81.32	37	145	60	8	9.91	41	46	83	3	58.21	5	2	43.88	123	24	22	101	76.88	145	86	59	119																																																																																																																																																																																														
106	38.45	37	82	106	100	127.33	116	9	116	116	145.79	56	119	26.09	12	67	130	58	22.83	64	25	148	93	66.82	27	43	120.21	21	128	7	133	33.36	58	144	122	148	141.99	144	41	139.65	39	98	66	99	114.67	147	71	84	16																																																																																																																																																																																														
95	9.81	29	54	40	46	133.56	101	150	13	70	11.08	93	135	146.46	22	119	147	59	146.82	91	89	123	8	117.44	17	22	90.26	76	38	116	144	12.99	64	80	8	134	88.02	69	42	43	129	25	64	8	133.05	119	9	96	22																																																																																																																																																																																														
10	70.76	80	149	91	125	100.74	9	142	28	145	148.88	85	34	131.32	102	13	48	28	113.64	19	55	88	94	143.27	70	9	37.1	81	28	101	138	49.41	27	103	128	100	103.21	118	148	111.86	18	20	48	48	100.74	134	32	47	43																																																																																																																																																																																														
105	78.09	96	58	108	78	128.44	28	81	111	51	130.06	76	68	44.41	101	56	95	32	56.47	26	148	25	16	142.86	35	71	107.11	123	26	75	76	38	135	31	57	97	87.32	136	28	17.78	88	26	19	83	143.62	26	44	3	124																																																																																																																																																																																														
132	46.22	141	135	109	59	116.64	60	69	68	122	105.34	9	15	88.33	72	24	79	6	11.23	27	68	28	16	103.72	129	56	95.65	93	25	6	99	41.47	142	87	53	143	44.5	132	106	74.12	17	13	51	30	116.6	71	101	134	136																																																																																																																																																																																														
103	48.43	54	57	72	148	72.67	7	92	87	26	5.51	69	68	95.26	96	132	139	67	8.83	127	144	76	3	65.36	56	28	135.01	66	116	96	127	48.47	80	9	115	82	69.24	30	76	105.8	107	22	15	47	59.21	149	141	101	31																																																																																																																																																																																														
13	51.49	29	129	147	31	142.81	11	20	16	75	69.06	26	132	18.37	84	150	65	12	140.72	110	114	114	86	20.75	96	114	14.61	94	144	85	57	134.83	110	101	61	36	99.66	36	60	25.57	137	102	86	103	144.95	127	95	78	13																																																																																																																																																																																														
35	50.24	84	5	90	73	7.98	60	123	94	76	57.62	67	30	25.08	48	140	74	58	145.51	101	7	17	105	23.46	57	103	96.63	136	104	126	133	29	116	144	24	144	64.67	143	22	27.19	58	51	13	65	136.23	34	110	38	70																																																																																																																																																																																														
95	75.8	4	72	121	3	131.54	43	43	25	66	80.33	27	14	30.58	67	79	123	146	47.39	63	111	133	130	144.56	43	138	123.21	100	43	92	132	100.47	30	27	85	90	42.53	98	31	35.53	72	138	119	94	119.32	12	55	27	13																																																																																																																																																																																														
11	84.11	37	10	130	57	4.27	73	4	56	26	93.16	5	103	54.33	27	44	39	147	134.09	120	54	14	37	61.48	24	146	67.27	13	116	95	110	124.62	103	114	23	54	67.05	100	2	3.82	64	29	28	76	77.2	51	82	77	71																																																																																																																																																																																														
82	20.94	47	67	46	19	125.83	138	77	23	95	110.14	114	69	40.92	67	121	22	15	140.25	39	70	88	18	11.67	115	122	58.3	34	21	69	99	27.86	139	118	32	73	74.17	142	123	41.86	61	4	93	4	57.53	83	129	63	69																																																																																																																																																																																														
102	23.39	17	74	39	9	59.43	58	41	9	62	114.62	94	63	141.99	105	38	121	49	118.5	127	41	51	122	50.62	128	115	29.03	131	112	57	137	92.13	149	42	124	6	45.35	64	87	94.13	2	29	44	140	8.45	106	97	70	56																																																																																																																																																																																														
98	132.01	71	66	150	37	128.28	16	29	92	41	95.61	80	39	83.1	52	30	115	98	29.27	142	55	68	33	44.36	104	144	1.95	10	43	41	88	74.62	46	36	129	115	62.95	96	34	53.2	88	50	79	118	50.57	64	133	125	133																																																																																																																																																																																														
3	97.48	126	119	38	149	51.85	26	41	70	143	23.98	138	95	149.23	129	41	130	19	50.54	64	52	22	8	101.97	68	116	41.16	139	144	68	79	127.05	148	33	41	99	125.4	147	101	45.36	63	36	128	34	58.33	111	109	115	122																																																																																																																																																																																														
52	98.75	124	7	60	44	41.79	20	138	89	115	71.66	20	38	68.3	120	2	114	47	140	127	121	85	117	103.79	18	35	88.94	13	101	97	114	73.5	76	106	84	148	121.35	110	27	119.78	46	87	41	55	118.38	4	106	77	82																																																																																																																																																																																														
81	3.61	54	91	68	76	98.8	75	8	18	44	81.07	49	5	145.59	130	94	16	106	80.62	47	75	102	127	30.77	9	149	63.66	91	89	16	64	144.9	88	68	49	30	27.67	132	22	106.66	149	130	136	118	53.8	17	60	50	38																																																																																																																																																																																														
38	81.36	97	66	123	80	102.74	77	109	101	23	42.23	87	54	43.74	17	37	55	92	62.4	24	107	14	17	25.55	75	51	39.76	2	100	43	142	136.51	147	43	79	120	80.8	92	17	19.79	91	43	28	56	101.65	112	43	108	33																																																																																																																																																																																														
149	56.8	140	52	95	117	94.91	15	138	96	136	39.16	31	25	93.97	75	18	123	128	61.59	27	49	52	25	91.69	87	68	120.2	14	8	87	32	133.64	59	43	145	18	85.8	119	17	35.3	112	107	77	82	78.29	132	129	15	53																																																																																																																																																																																														
135	136.46	34	144	104	82	17.06	90	52	120	119	31.44	6	1	123.48	132	128	114	91	74.33	118	21	77	142	92.69	138	65	16.66	129	131	147	56	115.56	3	8	126	50	22.9	98	97	54.51	48	53	113	18	48.68	30	86	150	55																																																																																																																																																																																														
122	34.07	71	11	45	101	104.9	21	49	72	43	69.36	20	68	14.07	51	134	142	5	88.41	148	54	46	121	136.33	79	70	125.18	29	143	89	32	78.8	73	93	23	83	139.92	46	56	147.24	132	60	28	101	113.4	22	89	122	79																																																																																																																																																																																														
77	25.95	133	44	66	119	134.86	140	135	82	143	76.01	60	84	24.65	37	18	110	66	1.77	142	68	10	144	33.49	88	57	49.57	20	19	69	109	5.78	24	9	80	54	60.24	32	7	36.81	94	80	100	66	20.3	124	34	97	81																																																																																																																																																																																														
119	118.91	121	128	12	134	35.4	86	148	143	127	146.94	142	98	53.49	13	59	28	51	4.61	77	10	95	73	126.68	3	142	88.95	122	6	94	3	18.59	124	84	48	149	121.81	82	115	99.39	91	140	135	91	52.23	106	62	39	102																																																																																																																																																																																														
125	29.66	149	149	22	114	122.33	4	133	89	107	88.84	34	119	96.56	98	83	26	114	94.74	2	49	34	115	77.26	113	76	102.76	47	49	101	45	66.28	104	2	102	9	132.91	140	27	65.8	122	112	85	60	80.96	116	120	37	52																																																																																																																																																																																														
108	99.21	20	120	136	1	24.47	29	50	28	50	82.45	104	46	101.61	25	128	64	31	144.31	71	14	133	58	13.35	88	70	16.81	97	2	37	11	79.56	139	19	113	79	105.27	48	91	41.65	103	108	73	117	10.86	47	76	18	2																																																																																																																																																																																														
150	89.85	61	50	43	56	89.88	62	120	91	51	91.48	102	104	7.83	131	61	48	116	40.06	65	74	134	150	111.44	30	68	124.67	128	27	38	139	43.52	53	36	136	150	109.54	90	87	104.89	148	135	125	24	73.58	7	35	126	17																																																																																																																																																																																														
142	80.13	20	122	102	1	67.77	40	69	21	120	114.61	96	98	35.36	140	66	65	5	144.15	5	28	98	26	65.81	55	88	16.92	74	13	136	143	84.75	15	82	63	102	53.2	67	40	130.26	98	84	149	18	55	138	146	95	41																																																																																																																																																																																														
103	45.29	83	67	142	102	20.79	80	119	70	133	42.9	63	44	54.26	25	64	68	127	56.71	14	75	103	111	102.1	122	26	55.5	98	96	58	112	65.96	96	113	6	142	27.13	124	54	20.46	74	15	118	136	31.73	8	128	23	38																																																																																																																																																																																														
109	107.69	75	114	91	117	88.56	86	1	89	127	129.19	57	16	101.14	149	37	88	142	21.45	1	86	67	11	146.94	123	100	150	25	8	15	100	19.96	128	89	16	3	64.25	93	90	58.09	115	119	19	21	10.36	111	26	87	121																																																																																																																																																																																														
34	92.43	128	27	91	84	130.62	92	23	131	63	5.13	139	68	15.01	99	33	136	150	16.06	52	130	51	25	20.06	145	136	123.49	77	23	115	47	29.04	64	46	71	98	68.42	75	70	59.25	7	71	94	82	10.03	102	31	111	13																																																																																																																																																																																														
15	52.38	99	150	88	29	68.89	19	107	55	71	39.77	46	115	134.11	113	125	50	80	49.95	76	64	106	23	94.1	43	18	138.89	100	115	109	41	128.22	80	79	50	125	3.3	128	5	20.11	66	35	29	48	54.15	65	120	55	145																																																																																																																																																																																														
76	72.11	101	142	95	140	47.57	147	65	100	14	91.47	131	18	90.1	17	104	81	12	77.51	121	7	79	122	91.11	91	51	34.31	23	27	65	51	7.69	76	48	59	93	16.37	59	16	18.57	54	62	1	147	17.2	74	105	64	4																																																																																																																																																																																														
87	109.44	140	81	4	80	48.85	55	76	66	72	100.77	49	43	135.36	109	22	40	124	120.74	98	110	48	94	113.42	127	87	79.32	16	1	68	61	8.32	77	87	128	87	54.61	142	113	65.5	40	15	117	24	64.46	16	6	53	11																																																																																																																																																																																														
122	115.68	126	36	8	106	50.03	45	51	139	27	96.48	133	89	38.96	77	118	78	28	32.51	4	83	97	108	38.75	118	17	126.58	108	53	33	138	38	14	99	26	56	111.4	51	98	149.1	80	75	94	122	101.8	43	136	143	55																																																																																																																																																																																														
12	21.55	112	27	90	128	40.4	100	26	69	32	18.74	66	107	46.3	133	48	145	23	137.32	78	103	57	122	3.6	112	43	55.27	2	4	89	81	56.48	36	94	114	28	106.12	114	132	131.88	65	120	118	109	123.07	2	106	98	69																																																																																																																																																																																														
128	115.38	33	146	27	43	12.57	73	73	66	27	128.36	45	149	34.7	16	83	78	56	41.48	37	145	77	97	93.18	28	129	31.7	109	5	61	72	136.5	57	73	146	96	55.18	38	115	146.33	9	89	127	32	76.25	63	132	7	41																																																																																																																																																																																														
12	77.93	74	4	144	35	2.35	25	70	99	16	76.38	95	93	22.55	16	48	48	97	42.84	46	38	13	90	147.38	62	54	33.1	119	131	55	147	83.18	111	120	125	85	132.71	36	125	12.25	148	1	16	147	143.23	105	55	144	20																																																																																																																																																																																														
137	64.01	115	130	88	45	10.61	79	89	86	144	115.52	40	83	19.56	78	26	10	137	142.81	123	56	79	58	80.69	125	30	74.96	95	84	109	98	15.73	73	5	61	11	67.26	138	136	28.84	53	92	11	111	7.48	51	57	89	78																																																																																																																																																																																														
78	95.55	83	93	30	137	5.42	116	6	93	20	111.3	81	147	51.21	68	90	20	136	42.53	73	16	143	81	69.37	67	16	115.66	79	67	132	88	13.9	139	90	117	144	16.2	59	118	92.9	30	35	103	18	126.16	148	106	143	47																																																																																																																																																																																														
95	7.96	29	33	17	136	99.1	129	19	131	34	13.12	89	99	101.39	8	107	131	150	72.76	115	24	23	114	119.81	53	81	73.65	4	64	56	2	32.45	114	36	74	98	92.16	111	110	33.36	70	52	9	144	75.36	9	46	56	120																																																																																																																																																																																														
132	126.06	137	2	127	96	4.29	149	42	106	141	55.13	67	8	7.38	104	8	11	40	113.4	26	1	31	24	125.73	19	76	3.27	116	124	66	84	22.02	133	107	11	67	16.13	143	110	55.2	30	8	121	70	51.46	150	90	139	91																																																																																																																																																																																														
35	48.72	15	65	136	103	24.6	87	39	77	146	48.41	134	80	141.92	119	150	78	38	50.48	71	82	140	125	60.48	11	8	36.13	16	63	85	90	108.98	83	121	89	106	125.8	123	72	107.12	40	139	113	96	17.47	24	117	14	95																																																																																																																																																																																														
18	45.15	127	14	144	59	103.1	144	57	87	132	110.14	4	24	57.14	38	24	12	8	7.66	92	66	65	26	60.87	120	140	82.82	5	78	86	10	15.27	29	93	69	29	38.31	78	29	15.88	25	55	99	7	133.72	148	94	85	102																																																																																																																																																																																														
4	56.95	46	7	44	39	50.01	46	132	123	86	86.78	25	41	117.82	137	113	72	64	130.72	28	145	107	116	115.83	32	53	110.73	110	52	93	121	30.49	142	85	144	40	31.83	46	27	46.41	47	120	97	33	52.29	2	115	90	74																																																																																																																																																																																														
68	114.44	45	81	122	28	83.74	71	10	69	65	72.3	23	109	73.97	123	35	65	91	139.47	116	97	27	135	67.26	116	74	55.4	54	149	123	137	14.78	141	137	69	114	32.29	102	19	62.95	14	116	80	6	14.02	44	19	122	134																																																																																																																																																																																														
73	53.11	113	97	136	118	84.55	144	11	49	144	50	74	131	47.27	28	50	40	47	5.74	110	144	69	150	117.25	19	133	42.73	142	122	137	119	52.78	11	38	93	61	26.06	147	115	1.03	8	7	29	105	92.09	35	94	111	125																																																																																																																																																																																														
46	37.36	150	79	94	101	2.35	92	44	9	33	73.82	138	105	4.59	9	92	52	16	119.84	139	118	16	12	39.21	146	23	125.55	57	18	116	1	103.58	108	141	69	60	36.44	110	84	147.08	67	138	145	146	136.17	85	64	79	58																																																																																																																																																																																														
88	147.93	10	8	37	61	66.45	23	131	117	99	71.26	74	89	145.39	102	36	52	42	84.09	140	84	62	39	35.81	60	99	119.64	50	121	117	134	72.93	105	130	145	100	94.82	2	13	4.26	131	127	52	31	135.71	127	111	124	95																																																																																																																																																																																														
117	86.74	128	40	66	98	47.58	59	9	144	26	13.6	5	128	22.64	29	115	61	64	38.32	115	61	139	45	45.58	104	110	42.27	12	32	20	150	128.41	49	108	146	60	44.62	147	4	136.68	149	28	48	56	48.42	79	2	143	60																																																																																																																																																																																														
16	124.88	107	58	10	133	126.53	133	119	101	11	27.8	11	62	83.74	73	119	120	124	33.12	12	132	63	147	74.25	29	5	89.79	52	118	24	83	54.35	9	2	112	37	57.36	1	35	140.98	109	109	44	51	107.54	149	12	55	39																																																																																																																																																																																														
30	122.63	38	118	46	145	74.87	88	84	111	14	116.23	131	119	65.76	72	78	142	135	105.08	76	17	2	68	69.37	135	104	86.18	104	137	17	140	142.37	24	66	88	17	43.89	44	134	30.61	52	123	101	21	95.01	62	111	140	92																																																																																																																																																																																														
67	137.52	131	149	54	70	132.09	20	56	143	57	82.19	116	135	48.11	107	115	9	107	30.26	67	134	99	81	83.23	140	64	116.02	12	84	68	83	29.79	77	103	125	89	139.53	43	20	28.78	79	39	27	65	91.67	100	111	80	76																																																																																																																																																																																														
132	23.75	133	57	69	137	146.3	80	66	11	143	68.21	72	125	126.53	47	99	118	16	139.12	90	60	33	91	25.68	75	48	71.96	13	91	29	25	79.87	13	106	46	135	100.96	132	68	132.74	68	62	141	84	44.35	46	102	25	66																																																																																																																																																																																														
71	137.14	133	112	125	73	141.3	139	64	129	32	83.37	118	13	56.78	40	41	130	40	15.24	12	121	128	86	131.91	34	77	144.41	80	52	83	102	78.66	74	109	74	64	20.89	35	34	55.6	67	32	140	146	97.29	91	34	43	11																																																																																																																																																																																														
23	3.28	84	64	94	50	96.07	32	146	29	45	20.98	28	64	87.28	110	20	57	131	13.96	148	92	47	82	52.57	82	132	80.75	23	37	72	118	41.61	92	144	109	32	7.27	99	37	12.71	38	23	122	45	7.44	37	129	19	55																																																																																																																																																																																														
90	70.47	32	145	129	74	23.05	50	82	58	118	132.26	13	85	9.46	119	82	49	133	25.43	113	101	57	90	68.55	35	49	75.53	125	141	86	81	55.38	34	69	36	137	110.65	143	85	137.31	87	42	15	148	74.12	69	58	147	78																																																																																																																																																																																														
95	19.99	13	67	68	42	66.49	24	15	15	79	148.45	46	59	44.14	26	110	1	17	126.96	50	58	150	24	36.45	95	39	68.68	97	48	135	18	113.6	103	6	8	40	63.46	50	148	33.6	36	109	89	5	109.57	107	1	12	35																																																																																																																																																																																														
124	23.04	109	140	146	97	52.04	40	58	52	9	121.09	98	36	57.03	33	9	48	70	114.25	92	139	69	98	16.2	73	90	133.28	62	111	132	84	149.5	64	79	26	116	1.67	12	1	24.17	115	29	64	66	102.11	136	149	17	75																																																																																																																																																																																														
81	43.37	141	81	109	74	56.56	98	149	131	19	79.84	97	134	35.27	45	88	8	128	119.31	132	133	100	38	32.88	40	32	20.42	68	94	149	19	47	4	112	30	93	45.35	31	30	7.46	96	105	139	19	68.86	41	122	49	99																																																																																																																																																																																														
68	92.46	34	5	142	85	120.85	69	21	130	15	117.78	115	4	84.86	41	120	63	94	18.35	45	71	117	47	65.71	20	150	65.55	4	64	107	126	114.74	101	85	130	23	57.09	1	51	19.01	13	116	57	133	26.32	140	24	141	60																																																																																																																																																																																														
144	97.73	35	28	139	82	125.77	51	90	138	47	22.27	41	25	138.8	35	101	54	101	28.19	131	25	116	106	34.58	130	87	52.63	34	60	144	43	101.46	55	140	118	1	8.4	100	141	128.53	22	127	81	145	144.95	65	90	86	97																																																																																																																																																																																														
13	2.17	101	40	112	33	121.21	81	55	96	107	142.44	124	39	1.84	83	112	31	57	32.73	74	50	66	30	84.12	87	17	82.26	21	55	64	123	32.36	111	36	30	36	31.2	57	71	29.38	56	134	130	97	13.72	8	94	39	96																																																																																																																																																																																														
26	72.61	82	5	57	117	118.72	63	67	119	128	30.41	12	73	134.3	4	85	145	61	18.31	28	31	141	5	14.94	13	68	104.41	70	140	18	108	142.24	28	45	18	149	11.94	16	103	97.23	120	132	84	62	135.74	77	122	41	122																																																																																																																																																																																														
131	21.85	5	32	10	90	54.32	74	71	23	66	83.59	47	108	80.03	59	50	86	141	2.09	5	95	36	106	89.7	10	121	146.05	33	114	3	70	109.39	36	114	88	9	149.8	31	69	41.83	66	18	134	6	11.05	123	59	41	39																																																																																																																																																																																														
87	33.99	58	138	59	107	127.84	64	74	87	8	7.48	83	87	33.98	123	94	57	73	79.75	148	64	134	59	33.18	103	30	79.75	82	49	35	148	82.95	6	6	67	49	107.68	31	35	85.74	12	126	32	54	129.08	61	77	135	31																																																																																																																																																																																														
9	147.73	126	82	110	94	66.29	43	103	102	63	106.07	4	96	99.33	5	22	29	85	1.07	74	80	123	60	42.55	82	60	73.53	129	13	53	1	144.03	65	85	35	78	112.06	35	133	43.68	19	71	94	68	135.97	48	39	82	81																																																																																																																																																																																														
80	27.36	44	115	19	126	145.99	121	11	94	100	6.32	74	10	139.77	15	45	38	55	126.68	52	127	119	71	128.93	89	42	148.14	116	70	64	28	79.49	135	111	44	51	134.54	74	53	112.2	57	126	49	41	21.73	39	82	78	101																																																																																																																																																																																														
143	35.04	115	61	25	103	78.78	117	111	74	146	71.41	94	107	96.54	140	14	69	59	102.15	95	107	146	17	40.95	138	107	32.44	27	18	97	15	28.17	73	7	69	2	33.85	17	68	3.02	36	147	47	35	132.93	105	78	72	66																																																																																																																																																																																														
65	103.05	53	28	128	43	146.09	26	113	88	136	39.93	68	109	49.24	73	143	138	44	67.85	20	82	106	111	114.16	58	22	34.98	122	15	88	77	15.28	20	100	82	51	16.86	117	146	4.66	85	24	7	86	10.7	141	43	127	102																																																																																																																																																																																														
131	141.86	140	38	94	49	91.79	47	109	2	140	133.66	129	139	84.01	103	83	41	15	136.43	116	115	129	107	79.08	109	65	31.1	12	30	39	85	127.86	78	90	89	60	141.78	125	51	12.26	125	46	121	77	13.04	55	54	112	101																																																																																																																																																																																														
113	81.54	73	12	107	49	145.02	64	24	24	106	23.31	95	53	109.67	110	8	86	108	21.37	39	76	136	127	80.51	12	10	70.25	109	114	62	76	66.93	115	80	150	149	144.76	76	139	140.6	121	32	109	72	40.14	132	43	59	48																																																																																																																																																																																														
123	95.01	99	19	72	29	106.62	53	28	66	149	111.7	85	133	93.29	109	84	10	80	71.31	91	107	60	129	10	105	67	19.71	31	129	60	79	58.51	101	20	56	136	62.74	131	25	104.12	65	142	130	29	35.26	90	102	2	117																																																																																																																																																																																														
48	71.12	57	66	93	50	101.43	69	88	8	12	113.44	61	97	137.02	126	117	27	9	82.54	88	8	118	97	142.71	31	96	29.83	67	29	62	34	22.46	127	97	31	46	2.65	34	54	104.22	148	40	58	65	78.47	29	63	30	22																																																																																																																																																																																														
27	30.99	67	80	14	40	45.29	84	116	46	128	79.79	118	74	4.94	140	13	20	68	144.37	126	63	7	8	70.65	100	88	70.47	27	103	62	147	83.68	59	62	2	79	8.31	39	12	6.38	84	149	13	100	60.17	63	70	142	124																																																																																																																																																																																														
2	22.93	12	98	58	133	64.55	62	113	101	143	108.3	122	6	118.87	8	16	25	35	77.96	149	114	23	43	33.92	23	47	122.93	139	129	143	125	112.32	128	21	88	8	94.06	121	30	106.8	120	1	6	83	69.82	120	102	45	106																																																																																																																																																																																														
120	108.7	35	100	122	48	6.17	104	60	96	20	4.75	120	107	133.63	119	150	76	44	43.53	131	38	16	76	131.89	137	124	83.28	100	128	140	71	61.77	43	14	130	76	65.23	20	82	84.79	66	67	59	108	117.14	137	36	79	133																																																																																																																																																																																														
139	55.38	140	12	97	95	58.87	92	130	57	101	118.15	1	150	93.26	91	7	33	133	111.67	70	27	143	58	136.74	127	91	85.16	69	137	3	22	85.11	44	76	68	28	87.33	41	88	57.09	81	135	47	68	82.2	141	1	60	139																																																																																																																																																																																														
26	50.04	60	67	84	109	132.11	33	95	112	22	134.22	110	61	73.44	96	8	41	32	102.35	13	63	12	95	148.77	24	87	58.41	135	116	63	39	41.5	148	73	49	41	6.6	36	73	22.3	14	89	98	96	2.78	13	82	3	57																																																																																																																																																																																														
146	82.71	60	139	73	4	11.7	135	101	68	69	93.42	70	144	78.75	66	4	69	35	53.05	81	24	99	38	96.85	126	112	112.81	36	130	122	109	65.07	42	131	136	63	50.49	6	56	131.05	147	47	101	126	4.57	108	80	28	75																																																																																																																																																																																														
104	67.53	38	146	130	140	9.27	47	31	144	3	130.69	69	69	141.71	118	96	13	124	109.88	150	11	109	103	21.36	137	96	97.99	123	87	92	65	130.76	132	13	53	85	63.46	3	56	119.2	145	132	70	106	83.76	7	60	20	15																																																																																																																																																																																														
15	92.65	43	29	80	63	6.19	130	5	21	5	121.56	127	107	17.71	67	134	97	107	78.92	144	45	21	25	33.47	2	68	31.05	119	21	136	33	5.35	87	3	53	36	88.95	48	120	91	69	66	125	129	86.27	106	18	33	37																																																																																																																																																																																														
50	107.4	114	70	64	150	1.21	114	92	51	108	43.76	73	24	127.14	97	79	142	143	85.06	31	44	120	30	92.33	50	131	28.61	95	21	65	76	125.58	89	91	103	27	71.19	14	121	121.45	73	48	150	99	97.13	84	59	149	26																																																																																																																																																																																														
140	105.72	15	115	45	90	80.51	21	142	67	43	95.38	52	93	1.45	122	120	66	34	32.42	5	86	33	139	140.83	149	93	64.35	66	25	37	18	42.74	20	143	31	21	64.07	71	51	76.66	26	37	24	8	62.9	145	58	112	134																																																																																																																																																																																														
6	23.74	21	119	60	49	100.9	99	55	91	139	18.08	113	3	74.98	119	31	6	18	73.4	108	89	87	52	113.39	85	77	130.26	27	8	38	95	65.96	13	104	2	54	22.31	77	83	113.43	24	12	92	92	85.77	118	123	29	142																																																																																																																																																																																														
110	114.8	42	116	33	8	57.36	109	97	123	86	92.38	111	114	101.86	67	89	142	101	33.19	142	106	130	44	4.27	2	115	24.68	13	92	132	147	61.83	147	127	59	7	102.3	4	41	80.91	57	97	103	53	79	147	144	100	21																																																																																																																																																																																														
13	46.12	63	12	102	49	72.33	61	2	1	135	111.03	41	19	105.38	8	124	40	78	78.09	109	97	145	46	27.12	115	9	73.42	93	62	73	39	115.46	97	13	5	111	65.58	145	141	143.61	139	82	22	8	81.5	58	51	20	98																																																																																																																																																																																														
37	137.19	56	65	32	108	145.23	32	58	106	98	135.89	97	40	115.78	97	56	44	58	72.12	11	114	138	84	63.15	67	70	104.87	16	132	9	56	33.3	37	39	23	74	55.6	48	66	147.91	129	106	84	122	59.74	70	138	18	150																																																																																																																																																																																														
17	13.92	1	136	102	22	125.93	57	14	17	6	71.47	112	5	72.47	149	42	101	85	75.78	88	105	64	36	143.26	62	147	120.37	33	130	128	35	53.18	69	142	123	96	89.28	36	92	108.5	78	58	113	131	5.9	50	25	4	2																																																																																																																																																																																														
34	109.72	139	76	76	103	34.96	140	144	41	10	50.56	51	18	103.78	62	82	126	62	15.7	136	15	73	43	87.7	130	99	18.21	84	44	83	95	115.41	18	60	55	85	121.82	116	83	108.04	65	56	45	135	85.16	41	1	108	11																																																																																																																																																																																														
60	49.2	80	144	11	133	131.8	68	27	92	99	119.26	38	41	72.51	129	3	69	103	53.83	24	97	27	10	1.07	89	116	115.82	85	10	143	149	126.31	96	150	66	1	3.19	8	87	9.2	60	76	41	123	47.28	127	87	150	130																																																																																																																																																																																														
129	93.81	136	55	118	140	49.96	121	138	70	45	35.2	44	2	96.9	119	41	16	69	85.7	97	54	109	28	60.84	147	118	148.75	38	11	119	35	145.4	110	68	135	108	14.37	118	99	42.74	36	29	22	33	104.63	5	146	143	115																																																																																																																																																																																														
46	85.37	96	19	91	93	30.37	24	29	14	77	16.44	77	59	84.52	107	121	85	70	24.62	59	105	82	25	66.43	61	87	64.44	124	110	10	93	6.2	149	35	34	148	91.28	21	64	80.65	139	99	10	56	133.99	82	49	70	66																																																																																																																																																																																														
55	102.79	39	15	52	145	141.54	128	85	135	42	145.71	87	107	93.69	128	13	56	82	51.53	46	49	80	97	76.96	50	73	80.05	20	74	26	43	69.48	27	103	75	63	113.26	134	88	76.17	95	114	95	75	9.78	75	13	119	103																																																																																																																																																																																														
121	53.37	80	144	68	94	75.22	55	88	121	8	90.78	51	139	93.53	85	120	59	86	55.91	140	19	109	13	119.81	40	128	136.04	111	65	34	74	56.59	101	54	44	115	23.45	87	69	31.48	139	42	42	139	36.38	82	82	37	33																																																																																																																																																																																														
93	82.88	3	125	13	81	13.41	91	100	7	5	95.78	98	26	86.59	47	111	145	41	65.56	139	129	11	56	88.3	118	16	138.95	35	105	79	85	68.72	32	122	68	136	112.87	150	146	144.97	2	87	95	126	98.41	40	79	18	85																																																																																																																																																																																														
73	85.88	135	32	33	146	45.84	125	86	2	99	89.65	96	148	118.36	116	121	16	101	135.28	56	97	136	90	99.72	124	4	107.78	89	32	146	96	47.81	125	99	12	109	121.44	6	81	52.26	60	47	93	150	101.96	117	29	28	102																																																																																																																																																																																														
98	72	48	111	45	127	16.1	95	143	70	80	91.82	89	138	56.52	28	145	28	51	59.81	15	143	7	86	16.32	110	43	113.25	49	99	138	68	14.34	98	119	139	107	122.98	62	84	89.52	44	31	107	12	40.73	140	47	100	137																																																																																																																																																																																														
61	91.87	24	56	30	58	16.94	48	72	20	87	129.26	72	113	22.26	135	51	104	109	80.52	99	92	115	111	144.61	147	44	23.53	108	10	111	39	119.45	137	61	40	55	49.37	136	141	84.34	6	120	88	12	96.96	81	135	148	76																																																																																																																																																																																														
13	1.2	148	135	5	42	6.23	103	49	129	80	47.59	60	129	22.76	33	116	23	15	65.11	78	109	105	28	3.72	4	22	48.76	53	134	143	146	64.41	90	63	43	101	104.82	137	76	145.74	38	90	56	83	29.21	27	45	22	13																																																																																																																																																																																														
48	134.7	149	74	119	5	59.68	111	45	98	42	131.22	45	21	129.61	127	17	96	64	113.97	1	8	18	77	49.61	129	144	44.56	13	107	126	34	36.46	81	81	73	22	38.12	2	67	4.57	95	51	77	52	29.98	59	120	13	44																																																																																																																																																																																														
65	101.62	92	15	5	68	139.28	10	58	108	69	145.44	89	108	26.21	36	4	138	77	19.02	58	6	97	88	75.95	75	42	88.78	86	139	125	108	54.26	41	99	64	120	28.83	123	139	129.88	15	96	34	45	19.05	52	123	89	95																																																																																																																																																																																														
72	27.64	137	82	39	124	131.43	13	99	66	107	72.62	26	2	82.12	73	57	116	53	125.76	78	132	90	98	125.77	122	104	72.24	94	57	31	23	75.78	116	101	14	71	20.65	145	5	20.78	97	132	129	106	121.69	50	114	150	26																																																																																																																																																																																														
66	107.02	23	21	19	82	88.86	9	56	150	44	117.85	93	13	129.51	28	20	6	59	134.58	81	84	9	113	90.08	91	52	64.46	67	68	146	113	107.92	139	110	55	136	48.84	85	83	95.22	14	88	22	8	133.35	18	81	107	76																																																																																																																																																																																														
37	16.1	52	70	106	86	96.57	129	9	130	69	141.24	94	60	7.09	98	100	34	29	138.35	66	72	69	134	33.59	101	37	68.54	47	97	120	3	30.93	105	76	70	21	97.57	70	140	139.37	51	124	140	103	39.43	137	95	73	30																																																																																																																																																																																														
73	141.78	23	80	91	35	75.63	41	134	48	37	122.3	147	100	139.83	89	126	95	39	41.47	129	83	72	122	109.64	8	136	141.13	3	117	55	45	96.65	101	45	138	120	15.49	19	43	44.22	69	143	50	93	72.88	50	104	95	31																																																																																																																																																																																														
112	52.03	60	100	59	128	100.91	104	122	34	61	41.63	11	147	116.08	144	136	141	80	107.16	65	23	113	59	36.99	49	47	137.9	135	150	17	6	12.6	128	112	72	141	143.67	66	99	53.92	145	57	24	116	138.65	149	3	87	127																																																																																																																																																																																														
2	127.77	18	61	88	129	4.42	141	90	100	45	142.49	86	84	39.01	120	112	96	68	133.18	138	70	94	82	10.94	66	25	144.96	22	104	115	63	120.53	119	145	34	83	62.25	11	77	112.92	33	126	79	119	23.31	108	55	144	113																																																																																																																																																																																														
111	138.83	5	143	28	79	23.3	53	22	49	44	75.22	102	120	108.75	15	118	27	49	14.53	102	91	135	72	74.47	118	56	99.75	135	29	31	15	61.86	38	28	91	109	124	14	101	62.19	67	68	53	114	58.47	27	58	134	121																																																																																																																																																																																														
147	52.59	60	67	2	130	86.76	112	56	49	128	103.05	49	4	109.6	48	141	135	21	47.83	48	17	87	147	63.64	32	101	72.23	27	46	105	78	143.33	112	120	111	111	126.09	114	128	96.61	11	40	108	24	103.12	11	109	131	95																																																																																																																																																																																														
57	51.32	49	43	69	149	62.48	132	64	143	121	23.81	121	33	47.89	118	105	140	14	128.24	20	29	60	8	138.94	88	81	29.08	98	106	103	69	144.32	90	107	85	60	70.81	144	75	16.44	70	49	72	53	92.69	128	107	144	85																																																																																																																																																																																														
18	39.79	33	104	99	25	26.17	111	86	32	139	92.1	63	35	91.7	58	115	49	130	4.84	78	85	97	21	36.75	95	44	133.91	102	58	106	142	44.81	136	59	104	33	123.31	99	65	126.29	21	49	17	135	95.83	14	90	65	97																																																																																																																																																																																														
96	39.87	54	28	136	53	149.97	69	84	71	141	23.67	66	85	95.26	5	90	105	16	3.44	29	26	93	6	84.41	54	32	24.34	133	2	68	110	144.51	8	113	74	124	102.94	22	13	123.51	138	55	59	103	133.59	140	34	32	73																																																																																																																																																																																														
131	68.09	105	30	21	19	57.36	89	19	19	103	12.7	55	81	100.77	75	90	13	47	87.34	25	23	25	28	94.07	61	119	75.17	89	121	127	94	127.58	76	91	32	86	8.76	139	85	44.52	122	42	42	86	26.79	14	68	104	63																																																																																																																																																																																														
99	111.95	27	52	18	142	90.95	68	28	113	140	140.01	79	33	105.2	116	92	128	121	3.9	8	37	44	94	108.57	114	126	93.68	92	65	36	141	40.52	60	3	5	59	60.72	97	43	56.88	22	37	59	57	36.7	147	32	26	43																																																																																																																																																																																														
122	84.65	131	28	33	130	72.31	3	70	122	137	114.59	104	32	59.04	14	139	104	46	11.16	131	16	5	88	73.47	144	1	85.84	59	85	131	64	83.69	26	83	137	68	119.07	113	116	33.68	34	105	15	75	100.07	44	63	4	30																																																																																																																																																																																														
19	52.89	85	75	9	79	109.92	80	128	70	137	119.65	125	30	110.23	103	130	147	36	7.66	56	52	103	34	138.12	31	48	144.46	18	19	144	3	44.19	50	2	115	143	118.06	120	60	144.02	61	145	13	55	19.99	33	140	111	65																																																																																																																																																																																														
99	23.72	107	132	118	104	59.09	13	1	122	54	33.07	82	81	45.33	29	8	144	90	50.55	146	118	31	4	36.5	27	9	46.66	40	123	122	113	95.89	124	11	75	133	101.24	121	1	108.72	109	129	128	43	76.21	26	147	79	8																																																																																																																																																																																														
48	139.93	114	90	65	106	85.39	146	31	73	25	114.36	35	21	83.77	6	8	101	53	95.77	16	84	148	25	44.56	62	70	106.46	17	11	93	109	67.01	45	29	79	51	94.61	115	40	149.4	94	61	64	133	145.62	113	95	96	44																																																																																																																																																																																														
91	139.18	125	77	145	133	27.88	62	72	102	64	105.31	16	18	71.9	142	2	99	90	16.94	80	120	76	63	42.67	44	43	149.84	5	48	93	121	134.46	19	32	13	32	95.92	126	116	107.07	137	102	15	80	68.91	71	102	126	36																																																																																																																																																																																														
11	24.02	145	58	96	127	7.01	29	25	135	8	2.69	15	66	124.87	5	64	115	47	15.24	26	24	93	65	140.34	21	32	51.52	74	23	73	119	142.19	31	50	78	24	42.21	146	95	77.39	81	17	3	131	110.67	28	20	66	112																																																																																																																																																																																														
87	130.44	22	132	81	78	144.47	81	27	111	131	107.14	73	140	100.05	104	115	60	18	109.5	123	143	112	111	41.45	117	146	33.39	43	149	121	30	111.53	2	48	96	107	40.91	149	119	66.35	131	15	150	115	96.12	93	143	139	87																																																																																																																																																																																														
139	5.43	17	20	50	35	43.43	136	37	140	137	15.29	109	49	94.68	96	76	96	67	57.92	78	112	93	9	103.25	95	121	87.63	107	116	127	71	27.49	136	114	139	67	53.72	143	115	25.5	89	29	31	38	90.13	67	126	78	107																																																																																																																																																																																														
18	122.41	45	136	140	81	103.32	121	11	131	122	114.44	78	49	83.88	144	48	121	71	56.9	74	33	101	117	94.22	69	23	68.38	88	102	130	73	75.5	23	89	141	103	115.91	40	147	29.81	38	2	137	45	22.9	15	131	87	13																																																																																																																																																																																														
118	60.78	117	142	83	27	24.04	15	93	56	31	48.08	67	57	83.01	7	107	26	58	30.76	41	18	133	92	65.39	140	25	24.98	121	136	117	135	111.71	121	123	27	7	21.29	77	72	4.67	13	13	48	10	137.09	40	23	85	51																																																																																																																																																																																														
48	23.04	82	81	2	14	64.92	21	92	149	106	126.28	48	14	76.07	20	17	144	127	59.8	102	4	6	1	116.75	99	144	19.17	108	51	143	63	123.82	101	35	7	89	136.31	32	106	88.42	97	24	126	37	107.22	69	53	20	56																																																																																																																																																																																														
28	99.86	124	37	142	80	87.66	13	111	125	76	24.55	24	76	15.17	71	87	51	100	24.47	6	5	33	81	10.53	70	39	16.52	138	136	114	12	144.37	108	101	87	10	125.63	104	133	81.62	81	24	24	44	42.34	105	126	105	138																																																																																																																																																																																														
53	38	126	125	23	112	89.66	75	77	67	91	143.53	148	93	59.57	41	70	67	49	3.12	102	126	33	87	14.79	25	78	120.08	95	59	38	21	68.84	75	150	121	136	19.05	87	47	86.06	5	62	100	117	20.63	36	99	58	51																																																																																																																																																																																														
97	47.82	97	119	2	64	59.3	141	11	148	61	32.44	143	23	61.66	112	117	148	120	38.66	148	54	34	38	99.09	115	76	17.42	93	42	113	86	93.95	60	149	34	68	77.9	26	11	138.89	116	80	106	45	97.1	50	17	136	100																																																																																																																																																																																														
34	37.76	39	91	41	29	5.38	22	80	115	89	32.54	104	128	145.61	97	72	5	114	26.49	4	117	127	91	116.45	11	72	133.95	61	13	25	76	36.12	87	125	7	130	32	119	87	98.2	93	83	51	24	88.32	19	80	81	91																																																																																																																																																																																														
58	69.44	106	26	2	84	5.79	10	98	68	36	50.92	131	122	136.09	26	100	49	83	53.62	21	99	26	83	5.93	7	102	118.48	97	144	93	23	79.75	127	54	102	73	35.8	69	105	127.69	93	139	91	46	41.29	50	149	8	15																																																																																																																																																																																														
33	61.28	58	67	14	70	74.54	12	50	56	117	135.73	66	53	62.66	115	133	13	24	83.35	8	125	102	101	97.79	36	92	125.83	13	10	70	18	8.78	140	63	58	106	99.87	15	126	32.66	144	145	5	111	33.99	149	9	65	31																																																																																																																																																																																														
96	132.31	113	41	132	24	82.02	99	149	37	81	65.5	56	68	106.22	126	111	119	51	111.11	62	60	125	57	89.05	52	82	6.11	104	55	90	148	101.71	24	44	89	59	15.96	55	27	26.35	60	100	46	49	81.86	9	14	94	108																																																																																																																																																																																														
42	18.49	57	147	1	79	81.32	6	23	28	11	4.86	54	101	127.92	68	80	128	68	117.44	128	103	118	74	118.29	37	15	18.03	34	135	128	109	93.09	80	119	59	65	101.73	111	47	17.53	64	76	114	115	80.21	146	109	98	38																																																																																																																																																																																														
40	125.93	11	146	138	71	125.47	113	18	130	120	94.63	21	53	109.65	96	93	78	128	13.99	34	40	54	105	122.14	68	78	87.61	67	4	115	124	143.77	40	132	95	38	1.56	89	59	12.5	145	150	14	148	51.97	21	35	115	137																																																																																																																																																																																														
118	109.79	99	9	59	54	124.88	16	127	66	115	76.72	18	50	92.63	104	62	96	149	133.61	51	18	28	90	61.65	79	57	141.14	117	44	63	98	77.47	119	94	130	78	138.23	57	6	140.3	85	120	74	20	21.3	86	147	88	96																																																																																																																																																																																														
130	75.14	87	20	76	106	139.19	136	119	74	100	71.02	123	119	57.61	116	30	127	72	41.68	73	40	34	95	17.89	108	36	108.75	60	14	136	134	132.76	54	54	18	104	62.45	81	118	145.55	130	116	46	65	71.93	9	31	106	114																																																																																																																																																																																														
96	134.53	18	109	76	20	146.21	46	107	126	125	32.22	147	79	60.47	145	148	80	48	12.53	6	117	14	48	38.92	123	6	57.27	146	68	123	84	139.11	5	145	135	1	94.6	101	90	127.98	113	118	55	31	28.08	89	63	26	72																																																																																																																																																																																														
125	20.92	149	89	103	135	65.46	131	50	146	141	50.29	17	52	36.72	26	53	87	48	145.77	44	63	98	65	104.63	112	46	71.27	44	138	14	55	64.71	19	85	71	46	6.8	54	16	27.78	121	43	135	124	86.05	11	55	11	4																																																																																																																																																																																														
131	44.33	52	10	67	28	39.04	11	58	80	37	18.91	87	22	120.49	57	44	57	121	142.36	106	58	12	114	35.18	69	1	90.46	143	73	139	1	114.09	64	34	55	144	13.8	37	3	12.62	105	115	38	146	92.98	105	139	114	47																																																																																																																																																																																														
51	96.04	47	120	141	8	44.85	150	34	124	37	41.06	146	57	20.34	18	101	21	127	29.09	132	143	55	55	57.88	134	125	17.77	63	23	65	90	101.43	112	147	128	110	100.06	11	127	78.99	9	134	41	53	120.28	119	84	45	110																																																																																																																																																																																														
84	114.87	37	121	112	72	15.74	135	56	115	64	2.13	78	78	105.1	32	51	129	39	130.93	59	121	30	62	77.21	3	57	92.35	55	126	15	88	52.63	56	15	49	33	118.43	140	38	98.82	60	76	76	101	49.66	53	17	134	19																																																																																																																																																																																														
31	15.48	63	84	50	9	126.84	76	56	17	22	129.34	113	111	84.21	46	138	115	126	79.99	145	150	14	70	136.6	18	143	68.94	55	103	37	2	20.77	47	88	116	132	69.99	58	105	34.12	143	95	2	45	98.81	145	69	135	115																																																																																																																																																																																														
59	121.24	137	37	57	144	133.55	7	21	37	18	13.43	92	58	70.65	20	26	113	25	26.72	33	53	88	31	43.47	150	62	140.99	4	9	93	115	46.73	85	35	7	14	47.65	52	28	100.92	81	84	103	43	32.77	87	99	72	42																																																																																																																																																																																														
133	43.26	28	27	91	73	144.14	54	61	11	112	2.32	127	84	147.99	27	25	18	27	48.12	12	149	4	120	26.94	141	69	42.36	8	38	133	37	15.76	7	37	18	99	89.43	146	104	31.2	126	56	124	118	74.01	35	83	67	103																																																																																																																																																																																														
128	99.17	51	11	57	92	44.37	37	72	25	143	97.86	39	111	59.01	97	9	12	129	94.04	44	128	51	92	34.88	132	18	19.59	45	86	34	6	149.02	44	63	126	40	117.63	77	15	16.22	67	80	69	135	102.87	138	4	76	14																																																																																																																																																																																														
116	62.9	118	45	20	16	108.42	114	82	113	57	120.17	98	68	100.18	144	52	19	137	85.95	62	136	114	74	101.43	115	50	106.8	117	117	77	31	102.52	135	124	76	84	79.46	103	87	118.74	78	124	118	89	7.09	26	107	119	150																																																																																																																																																																																														
96	63.17	42	122	45	90	43.42	86	55	130	63	131.34	138	150	18.23	117	48	81	37	132.09	100	75	14	5	72.52	118	29	112.86	78	116	116	127	44.22	81	22	24	117	43.81	2	85	134.76	141	136	124	12	148.8	105	44	2	113																																																																																																																																																																																														
117	39.25	150	16	138	1	34.28	3	91	116	113	61.85	124	98	15.52	20	4	45	53	61.36	56	95	65	139	84.92	20	21	116.07	40	36	137	52	86.42	76	43	75	39	85.8	49	68	81.81	72	92	82	136	89.24	142	54	62	67																																																																																																																																																																																														
22	100.74	64	91	128	123	117.39	36	105	104	45	14.78	72	143	145.11	76	34	58	141	72.79	6	86	98	74	119.6	109	109	5.7	143	77	78	11	79.29	84	129	3	95	32.19	18	31	29.76	31	60	81	81	148.5	142	116	141	145																																																																																																																																																																																														
51	123.57	21	139	89	46	39.15	116	84	91	8	121.82	23	133	54.03	103	68	15	68	120.99	64	43	61	93	89.14	54	43	143.52	3	81	107	50	111.86	79	60	105	93	87.8	125	125	118.14	83	96	67	3	38.22	79	38	147	111																																																																																																																																																																																														
143	135.13	24	147	46	22	76.39	36	15	142	146	58.34	27	90	50.65	9	112	32	117	120.74	5	123	27	92	144.87	98	39	37.78	76	71	63	46	39.84	119	128	73	138	72.69	37	118	55.37	16	71	146	96	13.18	29	133	111	17																																																																																																																																																																																														
37	139.12	42	38	55	75	13.05	14	73	91	39	122.88	142	65	109.54	62	149	99	150	35.99	117	101	62	79	90.25	65	8	78.36	146	116	60	87	24.23	44	145	9	52	141.78	68	70	149.78	72	79	28	50	32.04	46	73	150	91																																																																																																																																																																																														
92	98.01	86	64	9	22	80.26	53	95	81	38	84.22	49	55	109.41	34	124	65	133	19.31	61	117	144	94	82.77	76	125	32.4	8	97	58	25	76	102	150	76	136	86.67	35	7	61.23	6	121	25	20	37.64	45	7	106	128																																																																																																																																																																																														
86	101.59	101	138	70	33	82.34	71	71	23	111	54.01	141	73	142.03	9	59	80	126	138.85	65	137	38	62	103.65	66	65	28.43	120	82	54	13	104.35	89	74	30	56	114.86	141	129	91.91	115	127	94	59	42.49	9	75	2	17																																																																																																																																																																																														
99	72.57	128	97	16	133	135.2	145	102	122	139	69.37	114	143	71.2	4	26	57	43	72.9	122	94	114	17	110.2	22	26	104.84	45	128	97	48	100.05	34	75	116	124	148.55	86	125	55.46	129	1	58	68	1.29	57	85	84	4																																																																																																																																																																																														
4	57	91	118	25	126	13.33	20	102	115	81	33.97	104	110	73.63	108	105	68	53	8.63	22	16	76	10	141.94	41	69	124.34	95	138	78	29	100.77	20	38	140	45	45.3	45	132	88.67	108	87	31	7	9.21	109	146	71	110																																																																																																																																																																																														
107	146.53	43	107	41	103	31.76	73	107	79	82	57.97	74	134	142.07	75	52	92	34	128.33	115	55	92	33	133.44	31	87	76.79	56	140	136	142	29.87	58	23	41	114	137.77	17	114	72.42	111	9	11	125	111.28	68	69	46	139																																																																																																																																																																																														
123	56.61	106	143	5	63	24.78	128	37	107	131	147.95	15	140	145.62	121	147	114	16	86.61	144	69	95	62	91.05	100	84	133.74	66	104	25	28	45.92	148	45	141	85	19.01	106	49	46.89	53	127	114	16	100.32	23	80	121	68																																																																																																																																																																																														
100	129.06	23	25	17	7	91.35	110	102	8	77	36.02	54	53	1.72	141	59	116	136	129.07	97	10	88	123	139.1	94	36	93.17	126	67	68	11	94.28	93	45	4	124	71.33	28	82	149.9	37	25	135	26	83.19	132	147	103	127																																																																																																																																																																																														
21	70.54	63	8	132	78	28.81	31	88	146	127	17.53	24	59	49.94	124	43	125	116	40.46	47	51	18	77	77.89	130	116	63.76	29	58	113	21	17.99	114	139	113	86	79.35	63	16	145.22	36	112	138	136	84.1	131	33	31	79																																																																																																																																																																																														
99	43.2	112	61	95	125	111.81	22	120	11	76	97.83	127	146	89.46	38	69	64	62	48.01	149	91	54	124	61.85	5	74	95.74	46	19	63	29	82.03	12	5	103	73	18.34	91	4	3.2	55	28	129	65	146.15	60	40	27	114																																																																																																																																																																																														
89	93.56	141	92	126	38	116.35	77	100	137	11	145.39	41	75	42.99	40	47	29	59	133.41	132	1	77	120	69.29	23	55	123.86	91	84	103	134	141.84	64	94	105	99	115.29	144	11	92.8	66	120	89	43	84.64	104	70	149	149																																																																																																																																																																																														
138	113.82	6	100	10	137	59.21	14	71	52	146	60.06	103	2	48.54	33	76	143	59	108.76	17	139	138	51	80.01	134	127	28.19	141	74	24	51	93.42	117	18	48	119	28.34	10	114	45.42	100	18	140	47	86.66	114	149	137	33																																																																																																																																																																																														
76	140.69	87	26	67	103	96.14	38	116	20	144	64.38	57	142	44.6	15	107	25	70	51.22	72	136	13	140	56.43	94	118	86.76	90	127	57	64	92.34	24	103	22	81	36.31	149	86	24.97	144	16	113	127	10.28	46	75	132	82																																																																																																																																																																																														
73	122.01	96	93	105	84	103.51	91	48	146	14	98.52	42	117	122.54	18	94	139	132	31.61	10	133	34	136	90.72	43	28	136.55	145	21	149	101	7.82	130	124	13	71	135.02	133	110	44.51	127	88	40	67	134.56	30	110	18	19																																																																																																																																																																																														
109	40.48	19	121	2	106	75.09	45	61	87	4	116.43	88	147	97.19	118	139	37	89	58.28	85	141	57	139	131.95	45	124	5.93	115	124	21	121	53.71	55	124	143	65	144.26	12	123	88.83	58	38	49	22	3.29	100	135	4	70																																																																																																																																																																																														
56	24.81	136	145	11	129	102.74	133	51	127	84	48.22	138	85	52.54	106	8	30	58	15.26	12	98	142	143	91.68	23	77	118.96	27	12	76	76	118.35	78	148	21	8	22.02	21	12	17.39	7	120	69	19	125.06	9	16	96	126																																																																																																																																																																																														
68	63.79	119	136	95	78	10.52	112	56	149	24	59.77	137	55	35.09	91	145	22	56	110.42	57	95	63	97	91.36	106	124	92.79	124	25	115	52	9.49	55	122	89	63	59.64	61	37	4.78	87	134	31	150	114.54	106	55	123	82																																																																																																																																																																																														
62	46.34	97	131	121	127	23.93	62	111	112	69	104.7	125	121	93.27	97	92	149	143	105.44	128	100	22	9	96.66	86	130	113.52	59	23	13	45	147.89	143	125	96	37	54.66	87	138	128.48	40	149	112	126	101.23	103	147	142	70																																																																																																																																																																																														
87	99.59	103	110	63	73	133.82	82	41	150	24	7.63	35	137	68.28	6	24	137	69	90.16	3	3	16	4	143.42	31	75	147.7	5	60	39	123	49.36	149	8	37	144	18.16	141	20	24.98	26	19	136	138	128.91	113	87	43	55																																																																																																																																																																																														
129	50.61	52	92	86	44	19.21	75	41	6	17	6.61	20	78	116.51	106	149	13	80	117.46	131	28	142	106	100.05	18	72	122.55	13	87	29	22	78.75	16	145	93	141	117.61	139	47	108.75	79	1	21	1	57.51	146	132	33	51																																																																																																																																																																																														
141	105.54	9	121	56	5	57.89	79	123	4	31	133.47	148	106	104.71	138	74	135	91	104.81	8	66	89	90	94.76	103	42	35.19	120	63	95	18	43.14	13	8	93	31	98.4	16	30	10.26	49	45	55	63	115.39	45	147	54	103																																																																																																																																																																																														
11	130.38	26	144	47	9	117.62	79	49	136	109	145.77	34	94	84.91	58	77	144	36	40.09	128	70	101	46	28.29	22	39	135.29	21	147	9	15	51.73	11	53	150	23	141.47	113	148	99.34	141	105	109	52	27.66	10	57	109	133																																																																																																																																																																																														
42	2.85	149	13	147	129	94.97	93	81	132	47	127.31	85	51	3.49	105	37	50	129	83.48	97	87	104	1	90.24	5	129	39.37	73	90	143	23	42.28	8	150	145	106	23.05	54	119	19.35	109	89	95	20	52.05	140	59	65	97																																																																																																																																																																																														
31	10.95	81	122	122	21	13.31	111	4	148	42	71.63	10	15	63.14	136	120	84	113	41.05	71	128	56	17	65.14	47	113	10.78	43	77	147	41	29.94	117	104	42	31	78.07	149	142	93.88	35	70	74	7	18.1	9	111	122	128																																																																																																																																																																																														
84	2.12	13	142	85	94	105.76	71	78	120	4	93.48	13	12	57.09	59	131	46	37	102.33	86	93	33	48	20.61	126	132	95.17	91	137	119	91	89.92	113	22	27	68	26.2	122	75	76.83	108	72	12	69	124.75	52	87	18	67																																																																																																																																																																																														
60	74.11	97	75	91	70	101.78	104	19	84	125	118.53	125	137	144.87	133	142	133	120	15.74	93	115	80	60	58.49	118	115	79.25	64	120	143	63	141.71	137	118	42	62	80.35	124	114	58.18	40	10	108	103	73.98	16	94	89	99																																																																																																																																																																																														
141	31.05	72	141	142	29	26.61	65	62	1	68	19.58	83	103	5.05	43	96	71	107	103.61	78	149	32	115	87.44	44	21	86.14	129	64	69	150	60.89	86	120	99	101	145.43	112	85	102.49	103	50	68	50	60.18	46	95	92	126																																																																																																																																																																																														
33	61.91	53	148	137	53	112.38	76	73	123	103	67.91	115	123	6.7	142	48	137	67	115.6	131	16	104	78	23.1	150	87	88.86	112	12	31	61	24.76	34	106	116	73	36.89	127	53	110.78	53	48	87	86	45.22	65	22	99	2																																																																																																																																																																																														
88	66.36	144	114	108	122	120.04	43	102	8	108	53.9	62	61	119.86	101	140	14	128	20.46	93	143	50	99	122.08	27	76	101.97	113	124	22	18	120.4	10	77	81	7	98.24	60	86	2.36	145	140	134	112	136.56	2	13	29	18																																																																																																																																																																																														
88	121.01	142	135	76	55	18.84	25	133	53	75	125.53	124	42	140.34	117	138	140	15	39.35	116	109	146	118	35.95	141	100	61.98	103	12	106	35	79.84	147	145	93	102	129.42	109	95	48.9	87	83	79	12	122.74	39	81	145	127																																																																																																																																																																																														
104	11.24	26	149	4	62	2.56	125	51	53	142	54.37	52	68	20.68	42	55	120	16	47.33	1	29	98	144	88.57	7	33	105.26	42	139	52	95	6.99	90	45	65	133	50.61	29	61	7.73	81	97	41	25	83.86	56	146	102	106																																																																																																																																																																																														
111	38.49	32	103	131	34	46.5	35	124	107	39	120.25	45	61	132.32	53	124	54	128	77.03	42	53	16	139	145.02	73	1	40.4	142	132	41	102	99.69	127	36	91	77	80.53	129	1	93.09	63	24	2	2	115.94	59	115	106	5																																																																																																																																																																																														
87	26.06	60	58	133	87	31.43	50	16	124	93	20.92	59	49	8.57	95	79	132	57	134.82	53	47	124	125	61.62	27	30	81.24	20	147	24	69	140.43	72	41	113	57	110.65	87	9	18.93	80	66	150	45	138.2	58	1	28	100																																																																																																																																																																																														
86	84.73	79	17	112	99	97.32	130	144	73	133	78.91	59	101	72.25	94	29	61	6	121.7	133	28	146	38	134.68	34	61	89.44	88	14	97	35	56.25	52	37	108	57	130.59	64	98	44.15	4	45	137	149	68.77	125	85	124	76																																																																																																																																																																																														
124	105.91	22	24	65	11	24.82	72	33	50	50	10.06	54	43	113.98	145	111	132	139	87.48	51	16	74	143	18.83	123	55	6.59	16	120	58	73	143.2	18	66	41	22	43.02	101	70	132.42	17	62	136	66	28.05	121	10	72	117																																																																																																																																																																																														
138	26.14	13	34	133	26	21.83	99	65	34	132	60.55	105	4	77.56	150	112	106	113	99.1	118	38	102	61	10.51	44	109	44.31	98	90	23	17	42.92	43	7	77	99	14.42	119	17	27.64	49	112	47	124	93.95	65	17	149	90																																																																																																																																																																																														
20	50.63	32	133	13	40	87.65	119	48	57	118	67.76	21	58	62.6	77	24	26	99	89.71	79	4	142	73	121.29	96	58	52.94	31	134	141	29	1.08	86	70	53	8	127.05	40	64	48.65	66	90	54	13	111.15	40	22	53	77																																																																																																																																																																																														
68	126.63	99	30	30	61	30.94	105	123	103	102	138.92	15	96	96.41	126	115	108	39	84.21	139	142	98	72	18.08	54	131	109.59	107	65	116	21	98.74	34	15	77	16	54.94	16	9	91.99	80	47	76	145	49.81	41	117	79	83																																																																																																																																																																																														
67	119.75	23	97	68	147	28.94	65	24	71	62	139.06	97	65	146.26	131	73	129	50	31.1	149	81	3	82	107.46	23	93	13.9	43	121	94	77	64.96	24	140	13	149	1.36	8	1	69.32	150	85	36	76	114.49	48	75	35	63																																																																																																																																																																																														
80	47.43	51	17	82	131	13.26	139	47	100	97	68.46	1	3	116.3	74	34	87	117	30.48	99	13	64	144	148.53	129	11	79.21	141	60	99	8	144.7	76	79	51	38	103.78	111	10	4.66	108	36	51	35	70.43	4	60	56	72																																																																																																																																																																																														
65	137.92	63	149	15	146	132.99	57	129	115	131	4.15	80	121	13.2	53	20	39	54	121.14	37	56	102	51	38.21	29	113	14.08	97	51	90	71	24.37	65	65	53	73	13.09	117	134	129.65	89	119	69	104	125.2	56	38	26	136																																																																																																																																																																																														
123	33.82	83	128	63	146	120.17	81	75	102	9	46.13	49	17	125.52	24	39	24	16	128.76	83	140	49	146	99.3	21	31	68.4	76	13	56	49	139.66	21	128	45	105	125.14	77	108	45.17	39	35	83	5	141.44	11	27	82	109																																																																																																																																																																																														
24	103.89	41	60	53	132	13.61	50	22	7	46	73.82	131	60	82.05	33	126	110	124	70.12	125	138	19	62	135.46	24	81	101.22	93	10	94	76	98.66	3	135	21	4	77.79	118	124	132.2	32	87	48	101	137.86	81	134	104	79																																																																																																																																																																																														
71	102.23	119	63	108	110	88.23	4	132	27	18	61.39	134	69	9.04	11	6	139	14	144.42	105	81	65	119	70.99	9	144	146.25	77	96	85	40	46.55	95	55	35	43	49.74	82	10	68.75	12	137	134	123	103.47	142	97	23	99																																																																																																																																																																																														
101	107.52	1	60	80	45	59.21	75	123	86	112	45.13	69	25	27.45	138	79	33	48	54.38	91	120	150	48	140.24	15	93	122.66	138	67	10	39	95.04	35	27	141	7	23.71	31	1	70.45	72	66	40	16	54.69	53	39	77	85																																																																																																																																																																																														
77	58.7	77	92	4	68	111.76	92	68	121	94	14.65	118	131	139.82	107	83	96	142	147.82	12	90	89	61	110.93	50	149	27.36	78	28	81	96	65.98	73	48	75	6	27.52	18	140	47.34	133	120	77	6	69.02	100	76	146	19																																																																																																																																																																																														
143	36.92	95	72	105	107	70.19	101	140	103	122	120.49	19	60	149	110	22	58	6	72.04	123	45	125	62	145.51	65	19	141.4	12	47	26	150	67.56	132	102	130	57	13.73	110	13	14.39	106	58	37	140	45.88	103	54	49	120																																																																																																																																																																																														
53	74.18	90	71	36	64	21.09	49	103	150	7	136.7	73	18	103.61	26	33	114	29	130	16	25	66	143	143.31	65	81	143.11	70	70	108	124	89.34	121	37	57	62	98.31	118	97	99.22	68	58	113	58	115.83	16	4	101	10																																																																																																																																																																																														
21	58.96	39	133	89	127	132.86	24	26	57	124	126.7	133	122	66.83	88	147	147	12	47.9	11	23	2	55	146.8	61	149	89.29	51	26	20	80	14.08	93	105	125	39	87.27	145	76	47.48	12	9	94	48	99.42	1	12	39	6																																																																																																																																																																																														
123	104.75	40	15	131	105	146.17	106	58	33	141	141.34	1	10	36.1	56	7	11	96	110.54	51	73	135	119	100.52	40	37	101.19	48	98	113	107	130.98	46	106	30	69	24.64	141	124	138.86	62	11	14	141	11.32	138	11	82	131																																																																																																																																																																																														
71	26.79	81	19	54	134	4.85	19	138	100	135	11.26	63	51	17.54	32	144	92	16	14	13	134	120	7	130.29	122	66	90.7	44	150	118	47	39.52	89	24	47	20	119.91	39	12	17.34	12	80	105	27	96.74	108	127	70	132																																																																																																																																																																																														
99	100.73	1	65	146	144	33.5	46	134	31	138	26.71	50	110	45.42	131	19	11	72	14.36	86	106	51	150	72.05	83	14	91.07	30	90	67	116	114.07	20	36	142	75	89.87	21	16	104.75	45	25	137	31	75.54	16	122	22	91																																																																																																																																																																																														
36	91.83	22	34	98	134	118.13	96	9	141	138	104	37	112	132.87	53	23	1	140	34.36	1	139	85	62	134.03	31	58	111.34	57	131	116	21	62.46	62	125	57	137	78.36	78	16	53.15	76	100	145	141	21.39	75	91	41	94																																																																																																																																																																																														
38	124.41	101	37	117	133	143.01	56	141	30	116	5.39	31	54	145.47	119	22	131	99	4.69	99	37	82	111	146.26	35	91	20.52	59	34	92	67	51.54	37	53	75	34	90.9	102	123	110.19	89	64	38	56	79.09	21	17	102	142																																																																																																																																																																																														
59	70.43	56	39	102	35	99.4	50	106	63	84	52.31	79	3	12.23	90	98	45	109	145.25	150	126	133	21	124.11	61	129	118.8	65	11	54	139	11.64	46	72	53	55	45.64	120	137	17.58	130	125	128	127	125.01	128	94	107	110																																																																																																																																																																																														
114	118.46	9	93	40	21	124.88	81	132	107	99	19.98	145	43	92.44	136	9	4	55	62.64	73	65	96	105	149.63	82	143	9.49	28	15	85	98	24.42	148	122	1	82	67.97	24	94	24.44	97	80	98	129	53.02	46	86	85	81																																																																																																																																																																																														
75	81.68	77	108	48	85	22.93	12	69	49	121	12.62	113	142	4.57	50	144	140	102	118.31	76	39	76	141	146.38	63	123	129.56	145	139	100	98	7.38	113	89	73	68	77.29	12	61	69.06	136	115	150	59	94.93	61	99	80	93																																																																																																																																																																																														
91	139.28	15	88	36	133	37.83	33	91	35	84	134.48	19	119	125.33	81	60	136	73	76.89	8	88	58	138	118.59	132	77	51.85	54	95	66	7	69.15	92	85	97	21	75.57	60	85	143.19	8	4	80	93	120.68	137	82	79	106	17	74	6	1.09	83	89	61	96	12.14	135	85	123	2	113.94	78	49	88	6	6.01	123	124	138	127	52.28	49	90	142	47	40.66	84	15	73	85	22.98	58	67	74	114	63.13	148	107	148	78	5.54	65	139	137	89	3.79	131	34	40	91	112.76	147	131	109	102	110.97	20	78	62	10	76.18	129	7	82	19	88.76	99	120	123	41	21.89	48	133	29	118	59.03	80	38	6	38	56.93	33	69	147	127	29.65	44	143	4	40	90.09	33	77	144	75	127.82	44	147	75	98	34.36	24	147	86	66	35.43	124	67	137	81	64.09	50	1	39	148	101.17	148	144	83	67	103.69	48	141	3	52	128.71	81	75	108	90	2.27	95	103	80	38	75.77	83	136	26	117	135.46	37	7	46	93	130.94	6	41	89	122	61.86	4	141	56	90	39.29	141	91	73	64	122.26	39	121	140	138	141.45	141	94	128	59	147.7	25	35	22	68	121.92	144	45	74	145	56.1	88	96	82	94	55.14	25