50 240
89	6.97	56	7	69	80	10.12	113	72	6	44	97.76	106	60	64.37	125	7	113	37	120.75	31	21	143	114	114.21	78	66	15.94	20	20	50	124	91.26	73	93	54	3	131.02	8	43	42.18	132	123	146	137	102.31	92	146	101	1																																																																																																																																																																																														
96	140.15	84	33	42	96	25.17	92	21	5	142	119.92	37	32	38.96	46	96	126	124	138.52	70	101	47	19	9.11	111	57	12	108	57	27	61	144.83	132	108	15	43	32.72	126	120	19.86	42	16	105	56	36.23	103	144	112	124																																																																																																																																																																																														
70	59.51	37	1	27	31	18	76	107	61	76	80.2	67	144	28.96	110	97	5	77	93.53	16	91	126	54	120.9	42	35	95.45	50	114	104	47	7.43	138	68	13	26	132.39	83	127	103.88	8	100	43	56	66.56	78	77	23	87																																																																																																																																																																																														
95	45.12	69	62	133	70	98.5	109	115	20	68	47.27	69	13	134.02	58	98	85	13	25.47	44	115	140	21	123.32	35	113	24.48	54	26	146	120	50.75	64	77	22	114	115.97	140	119	40.9	8	92	141	148	101.05	17	53	150	5																																																																																																																																																																																														
114	1.26	150	136	113	80	119.38	116	45	115	66	143.1	139	147	105.2	119	7	42	120	120.76	73	120	31	137	41.06	137	6	4.6	140	64	98	48	7.55	43	10	36	76	130.88	21	114	99.58	61	121	66	27	1.74	80	108	60	51																																																																																																																																																																																														
28	28.81	102	149	73	62	125.06	68	132	4	134	52.15	148	44	45.9	3	96	149	65	29.9	103	14	42	17	28.49	9	113	104.84	121	26	13	90	13.32	3	36	19	64	123.77	97	68	4.91	129	111	18	63	62.9	125	59	43	2																																																																																																																																																																																														
109	27.96	106	62	70	62	85.85	109	112	69	45	38.57	28	112	29.7	99	142	128	75	126.96	69	29	88	123	63.07	25	131	135.58	41	111	115	120	67.36	123	9	67	135	60.4	77	116	91.98	10	123	50	52	142.24	10	99	37	130																																																																																																																																																																																														
89	9.61	4	113	56	143	95.51	142	76	19	139	104.59	8	29	72.32	70	44	20	16	20.28	77	48	112	71	38.01	109	103	93.66	66	54	113	137	8.94	15	95	46	70	97.44	29	94	21.73	45	56	142	109	97.87	3	55	37	55																																																																																																																																																																																														
89	136.55	62	54	45	140	8.37	99	51	58	70	10.75	6	98	69.26	16	136	5	96	104.32	74	56	90	66	149.35	88	128	54.89	129	107	41	124	96.25	66	58	9	54	47.59	136	74	144.89	85	56	95	9	141.19	105	127	114	83																																																																																																																																																																																														
113	9.22	125	24	69	149	30.56	134	80	34	141	145.42	11	71	15.65	89	137	115	129	149.21	68	20	3	58	73.6	6	100	121.65	24	7	94	136	96.13	58	142	122	110	86.1	141	27	136.81	65	144	113	137	126.81	12	30	9	62																																																																																																																																																																																														
2	138.45	146	94	131	108	64.68	104	63	70	147	118.58	128	26	29.58	16	51	25	87	11.71	96	125	130	106	21.95	100	44	39.51	147	125	106	56	91.76	110	69	12	10	43.09	58	80	21.54	31	104	29	144	145.14	41	92	25	149																																																																																																																																																																																														
140	55.32	130	131	111	110	74.46	46	119	142	133	124.55	73	98	42.09	104	103	121	43	31.31	104	119	63	86	51.62	147	140	106.98	124	21	62	83	70.53	3	21	144	18	53.37	59	108	29.4	121	140	30	113	62.02	74	64	121	67																																																																																																																																																																																														
131	127	119	54	5	110	2.87	96	40	90	86	99.6	110	141	27.25	15	109	53	98	69.15	1	146	88	35	33.41	25	8	136.23	126	117	144	71	122.27	9	150	99	113	20.54	136	34	112.46	116	7	72	130	22.53	25	58	120	15																																																																																																																																																																																														
136	26.56	105	124	84	129	113.6	33	78	44	108	78.45	116	106	42.38	5	141	74	58	91.8	57	16	33	37	38.74	66	97	134.37	64	34	146	2	127.42	100	125	116	80	57.68	106	56	44.03	51	142	137	15	136.61	9	94	8	74																																																																																																																																																																																														
46	95.94	116	122	90	116	68.19	22	3	116	73	39.01	131	91	46.29	132	108	57	122	58.88	76	78	47	131	108.9	91	80	66.24	145	35	66	142	85.49	24	59	38	50	72.73	49	35	3.73	125	131	6	54	69.72	140	30	112	135																																																																																																																																																																																														
81	64.95	107	109	131	1	71.85	1	48	95	55	118.37	18	91	32.38	116	33	13	112	135.56	42	139	55	32	8.88	42	86	118.71	84	73	148	92	97.34	125	100	75	53	114.25	106	52	140.52	83	56	57	23	31.26	69	53	23	36																																																																																																																																																																																														
88	13.68	3	39	91	77	46.95	89	98	147	96	68.69	129	44	124.27	118	26	100	140	121.71	108	46	111	35	21.25	76	78	88.55	87	5	129	37	99.39	90	80	104	49	122.43	89	120	122.73	19	22	6	54	110.13	132	133	71	28																																																																																																																																																																																														
10	94.3	13	54	124	1	131.64	104	141	134	61	68.03	111	7	112.59	78	71	93	3	139.24	72	7	121	75	112.8	137	18	28.15	56	63	138	67	36.16	83	98	72	100	48.42	125	76	29.48	50	84	8	67	138.65	54	90	124	42																																																																																																																																																																																														
96	6.82	81	134	144	35	123.55	140	34	69	58	113.2	33	43	91.27	27	64	17	100	111.03	105	87	60	49	137.58	5	43	43.07	106	18	136	17	148.99	46	71	129	54	21.9	80	112	13.47	35	81	68	136	141.85	35	22	60	101																																																																																																																																																																																														
85	99.58	131	141	39	67	74.05	77	137	106	106	97.49	109	42	50.71	88	48	63	64	117.69	117	128	96	66	10.54	80	85	17.94	135	83	94	29	93.72	35	6	46	11	113.94	141	95	84.11	121	8	105	147	16.54	146	18	4	42																																																																																																																																																																																														
57	122.74	60	89	80	119	40.04	71	104	4	113	70.02	150	143	42.92	72	44	134	148	34.39	149	55	146	17	4.05	138	47	86.21	122	129	30	86	134.88	137	20	117	101	86.09	13	108	2.69	146	132	61	49	97.93	138	80	126	68																																																																																																																																																																																														
24	20.4	47	28	99	61	49.53	19	114	54	77	29.9	56	47	56.71	56	77	51	126	49.52	26	107	91	42	132.32	105	138	82.27	115	28	116	106	33.52	118	64	126	142	148.51	88	111	139.87	26	125	97	17	147.76	32	51	15	57																																																																																																																																																																																														
72	4.63	116	144	71	11	57.59	6	141	124	29	20.43	96	36	141.9	90	63	81	93	127	70	138	116	48	70.57	92	16	53.64	38	7	147	117	26.76	23	96	128	101	40.23	38	113	67.75	124	5	46	124	22.71	104	120	115	113																																																																																																																																																																																														
22	110.73	147	27	138	72	134.88	88	74	125	97	126.79	147	49	39.7	135	12	59	12	129.9	102	76	8	127	19.18	28	59	35.59	133	32	103	60	125.4	41	149	88	70	119.78	96	25	3.68	48	131	94	1	128.96	112	100	113	74																																																																																																																																																																																														
98	32.44	39	61	87	59	134.57	92	36	123	77	84.21	60	24	120.77	143	109	38	56	145.4	74	93	112	48	87.44	2	66	125.81	142	142	82	88	40.42	51	127	64	40	81.47	61	109	70.37	140	21	81	99	86.99	61	28	144	145																																																																																																																																																																																														
86	107.84	58	107	82	95	94.64	95	23	85	53	116.93	59	92	90.83	116	82	134	2	133.52	117	133	54	113	90.94	20	15	134.21	25	20	146	110	29.72	14	123	112	103	114.01	96	78	142.31	61	59	117	24	76.82	56	112	22	128																																																																																																																																																																																														
1	53.4	5	79	95	91	32.11	32	20	27	134	48.27	14	30	90.14	142	127	23	71	139.82	24	115	11	24	30.78	22	111	53.94	103	127	114	123	116.75	143	135	138	128	113.37	132	33	135.42	140	59	33	11	147.59	137	102	72	29																																																																																																																																																																																														
125	50.45	126	115	32	23	132.81	75	123	150	58	74.52	148	23	69.48	117	14	106	111	13.33	2	74	114	21	141.6	89	20	71.55	16	95	49	115	94.15	39	136	45	98	10.3	115	42	31.69	38	136	147	9	128.01	37	80	123	47																																																																																																																																																																																														
9	112.05	102	148	67	118	56.73	52	80	96	56	40.5	103	110	62.03	80	31	121	96	65.78	129	108	147	79	59.28	107	81	98.02	112	98	125	37	67.6	21	42	51	7	13.91	105	24	124.22	117	101	102	23	64.35	66	10	105	73																																																																																																																																																																																														
84	40.48	145	126	35	133	127.18	94	94	105	85	134.12	116	149	128.83	92	132	14	137	76.37	108	96	51	28	31.49	107	26	54.14	78	84	76	67	123.48	22	142	85	91	23.06	87	92	24.45	70	23	82	75	85.59	74	47	99	24																																																																																																																																																																																														
112	42.73	26	14	83	44	22.3	47	146	51	135	74.34	121	32	89.46	55	125	60	62	108.4	92	60	29	101	129.66	24	33	115.32	135	125	135	35	108.69	64	29	65	76	75.09	144	36	80.66	72	50	95	105	2.02	41	105	108	76																																																																																																																																																																																														
82	30.7	88	4	22	145	42.92	48	34	52	19	149.28	144	141	109.44	74	144	66	73	128.25	145	89	101	150	8.92	139	128	29.66	3	81	58	91	73.78	123	97	102	79	134.41	22	106	114.63	41	17	41	96	50.64	82	18	31	98																																																																																																																																																																																														
149	88.65	150	85	78	75	54.75	126	52	46	38	93.89	60	147	117.63	59	135	63	73	147.04	105	95	39	55	33.97	56	104	128.74	18	24	59	140	6.05	95	136	55	97	88.66	90	28	139.76	84	114	73	111	45.92	105	96	132	4																																																																																																																																																																																														
34	100.01	69	131	28	3	121.51	148	6	107	2	44.81	86	23	26.06	119	57	86	125	68.16	123	74	84	134	20.56	22	1	52.92	65	27	14	40	123.03	50	115	61	95	59.41	96	28	51.98	113	92	118	22	94.94	50	149	94	106																																																																																																																																																																																														
60	56.22	132	122	16	31	12.87	84	17	76	115	139.99	101	90	68.08	130	38	119	114	3.19	99	36	107	124	37.62	62	25	34	69	149	31	107	80.11	43	66	100	33	144.88	117	85	55.63	32	67	130	132	111.16	112	32	128	126																																																																																																																																																																																														
34	143.66	49	142	149	56	47.15	15	74	17	93	36.96	116	86	22.59	19	102	87	101	2.76	22	69	40	77	133.1	127	125	140.32	134	76	19	11	8.63	26	65	74	118	36.33	63	71	14.91	122	89	102	135	93.13	145	137	134	127																																																																																																																																																																																														
47	50.01	105	20	18	91	91.62	15	55	13	46	67.09	40	145	121.04	95	13	33	109	77.11	30	39	128	97	88.15	141	93	22.02	23	110	88	7	142.17	41	113	11	32	16.39	7	129	141.85	123	109	115	128	140.26	66	43	54	75																																																																																																																																																																																														
134	59.54	3	60	150	113	79.75	142	125	82	62	95.09	14	150	6.6	45	146	92	38	57.08	85	142	105	129	85.73	101	65	123.88	31	96	50	79	54.11	133	20	109	143	127.06	5	64	134.68	40	135	91	79	23.12	97	38	119	67																																																																																																																																																																																														
87	14.63	134	29	127	24	133.41	106	65	6	113	49.48	59	144	136.96	4	19	149	103	96.65	73	39	13	67	137.05	65	137	43.06	86	7	21	21	148.78	122	77	109	27	117.98	118	8	143.82	24	111	138	99	36.94	65	109	61	127																																																																																																																																																																																														
59	136.93	138	101	66	39	126.62	23	19	98	100	147.87	5	48	135.89	146	114	2	18	38.89	141	147	62	132	12.12	13	113	109.28	49	135	42	95	77.51	43	21	42	54	95.77	148	78	137.14	122	36	26	23	24.64	80	145	103	33																																																																																																																																																																																														
104	126.48	61	4	32	77	138.88	42	102	88	28	46.19	30	110	77.54	5	12	56	2	128.79	140	99	15	80	91.4	42	76	78.11	132	76	92	48	127	74	39	94	149	139.62	46	2	118.46	65	37	96	37	85	132	133	12	12																																																																																																																																																																																														
68	120.87	50	22	74	51	18.38	25	5	92	82	70.47	3	138	15.89	73	79	6	40	112.62	135	56	86	124	63.11	54	72	71.99	58	30	144	142	74.66	24	42	111	82	9.81	91	91	110.15	41	71	112	148	62.6	122	58	110	102																																																																																																																																																																																														
146	81.34	94	50	37	22	118.24	140	108	35	81	90.75	58	103	88.45	3	94	99	104	10.6	118	53	69	51	63.86	56	127	141.64	90	83	4	36	107.08	52	127	145	12	90.67	120	120	37.93	135	76	136	107	138.34	126	17	25	96																																																																																																																																																																																														
92	140.14	118	149	122	41	62.39	53	149	92	57	103.55	88	138	22.85	11	38	69	31	57.51	73	136	14	148	71.28	138	148	59.62	30	77	74	120	101.05	47	31	84	67	100.91	89	92	117.47	53	93	42	80	56.5	114	29	36	78																																																																																																																																																																																														
103	141.84	7	61	22	136	18.97	40	56	101	141	101.84	117	71	71.97	39	95	64	141	90.46	46	145	150	95	44.28	4	144	104.92	104	28	61	126	14.34	46	15	102	76	62.89	117	58	23.58	69	40	78	130	52.85	127	28	127	73																																																																																																																																																																																														
33	60.67	23	80	5	34	121.31	125	57	85	15	82.16	37	5	64.02	15	9	16	81	50.25	70	30	118	13	85.93	33	117	85.93	94	59	30	60	14.94	104	24	45	59	136.7	46	94	62.64	42	26	8	101	35.78	85	108	69	60																																																																																																																																																																																														
120	147.09	96	31	77	138	37.01	106	81	147	14	55.55	89	10	22.91	98	124	142	146	90.91	130	48	74	49	54.15	90	100	34.77	112	63	1	5	137.51	4	105	88	100	117.84	82	87	92.89	117	81	8	116	9.34	125	87	63	47																																																																																																																																																																																														
94	74.78	43	104	138	67	27.51	134	98	125	79	74.86	12	137	109.53	63	131	31	30	62.83	144	129	147	49	135.96	90	46	124.63	111	8	112	75	55.22	80	32	130	142	53.97	46	65	25.03	136	10	40	139	4.79	64	104	44	17																																																																																																																																																																																														
65	111.36	71	119	114	118	49.03	13	46	24	115	109.11	67	144	98.66	137	68	16	72	91.59	114	35	112	31	91.44	123	20	135.01	129	100	123	32	60.59	93	47	98	41	7.18	76	87	13.24	15	49	47	135	102.84	58	80	65	79																																																																																																																																																																																														
119	112.01	71	103	68	123	140.73	126	78	54	91	12.59	68	45	119.72	12	30	28	129	119.8	28	3	8	62	137.04	56	22	105.16	134	119	120	89	89.77	106	112	149	59	142.9	18	139	129.43	50	140	29	135	121.76	31	107	102	94																																																																																																																																																																																														
28	110.16	35	112	37	78	136.85	42	20	132	120	53.28	121	140	58.75	91	19	43	141	65.4	69	127	136	79	128.76	3	135	1.76	60	62	24	75	18.98	15	9	127	66	32.62	56	47	106.79	3	51	79	1	65.13	110	89	50	123																																																																																																																																																																																														
32	138.38	28	89	123	25	138.15	3	82	22	40	122.54	13	12	116.99	107	10	134	100	10.97	26	9	13	133	85.09	82	27	123.79	104	8	17	32	61.59	66	98	149	138	99.93	55	75	25.77	20	68	30	131	70.56	15	17	40	17																																																																																																																																																																																														
79	49	40	150	123	10	95.5	37	148	74	32	10.43	29	45	78.53	32	21	33	39	99.32	133	54	44	146	12.09	89	9	89.55	61	89	81	140	13.49	143	68	88	135	147.89	25	9	76.91	84	145	37	93	110.93	103	100	1	133																																																																																																																																																																																														
46	101.8	133	2	116	140	122.54	99	74	102	68	53.06	112	62	41.48	108	40	5	100	10.86	2	54	64	22	101.36	50	47	100.42	63	80	43	117	81.2	75	33	42	18	36	31	87	5.91	65	100	123	54	70.69	27	76	13	8																																																																																																																																																																																														
120	49.45	15	30	53	36	145.24	34	96	16	148	103.28	71	17	107.75	74	136	29	102	122.56	142	116	103	115	120	70	149	145.35	4	31	7	39	24.95	59	73	39	118	104.04	58	117	129.03	139	19	62	40	80.34	70	111	130	150																																																																																																																																																																																														
82	106.74	133	35	121	6	17.12	67	150	47	26	19.66	87	122	73.3	108	113	63	106	79.57	92	76	73	32	71.76	38	69	10.75	88	44	1	112	144.37	105	55	134	27	76.87	33	117	75.14	64	100	88	94	1.84	19	44	122	142																																																																																																																																																																																														
61	15.52	82	18	24	57	22.16	134	94	17	125	50.51	93	93	74.47	142	128	81	27	25.93	129	57	21	55	38.76	68	100	71.78	138	9	88	79	110.93	48	92	106	61	116.79	127	75	130.47	18	13	148	136	49.71	143	135	33	50																																																																																																																																																																																														
89	145.34	147	49	30	27	52.9	97	41	43	75	34.33	88	38	1.12	120	56	33	122	122.75	148	2	4	121	62.09	37	114	80.47	39	104	132	1	65.81	147	114	14	117	125.86	144	5	124.77	88	28	80	110	149.77	36	76	109	56																																																																																																																																																																																														
67	31.62	94	138	86	142	97.99	7	24	64	140	136.87	148	127	35.07	20	26	69	51	26.92	134	52	37	14	5.84	2	19	37.02	84	95	126	90	22.87	104	3	72	88	104.98	104	130	48.44	70	141	58	114	9.18	63	39	29	80																																																																																																																																																																																														
1	139.7	111	28	112	126	17.39	3	81	148	84	142.49	144	3	73.59	61	127	40	36	76.58	55	22	90	105	42.13	68	146	114.16	65	107	24	3	52.68	75	35	75	89	113.29	65	45	83.17	59	138	132	58	145.23	89	132	96	116																																																																																																																																																																																														
110	105.05	45	38	94	88	36.87	109	129	10	44	54.39	1	74	80.81	12	47	57	4	34.79	62	120	135	9	144.57	19	15	25.41	36	86	82	27	5.48	101	77	41	105	92.46	89	131	45.86	134	96	124	54	9.31	16	100	67	26																																																																																																																																																																																														
98	41.91	128	117	113	146	104.81	16	114	113	42	110.85	89	77	79.75	75	150	79	20	128.25	115	31	133	126	43.06	80	98	110.99	3	27	84	28	93.45	27	82	126	128	5.44	108	64	107.3	121	127	101	123	82.74	54	139	141	56																																																																																																																																																																																														
110	108.88	130	10	63	78	34.17	144	78	48	80	75.51	79	67	50.37	23	140	34	58	109.81	30	144	44	120	93.59	12	44	50.62	150	45	132	26	62.6	105	94	43	49	44.32	23	80	137.34	102	6	52	83	102.63	30	89	33	15																																																																																																																																																																																														
12	36.64	4	72	109	78	127.78	1	47	110	56	68.32	112	140	14.94	60	123	98	97	8.44	148	134	138	36	5.52	91	124	147.52	86	82	68	16	97.58	101	119	64	5	39.51	136	103	138.5	64	127	135	146	113.21	3	29	15	118																																																																																																																																																																																														
93	63.95	25	128	81	136	40.89	30	104	16	113	44.18	76	2	7.46	138	141	28	118	117.61	12	44	38	123	133.12	124	90	133.71	34	61	112	150	120.74	7	23	135	85	133.22	50	143	63.74	99	78	97	30	124.24	106	57	61	70																																																																																																																																																																																														
113	102.62	39	63	9	80	63.11	1	80	75	130	5.35	107	107	61.98	101	54	82	33	121.24	73	102	86	103	56.47	122	130	69.52	109	93	5	3	80.15	5	30	3	76	23.66	141	94	44.71	104	132	123	141	146.5	92	10	109	41																																																																																																																																																																																														
60	147.2	33	80	50	128	124.13	48	69	116	81	17.86	88	19	84.55	10	72	74	99	140.26	85	11	141	72	66.08	76	111	129.25	101	87	56	72	25.71	99	40	95	59	144.45	89	64	143.04	115	140	7	46	73.34	74	119	40	139																																																																																																																																																																																														
70	110.32	78	77	111	111	17.28	46	101	21	59	78.45	25	57	86.09	42	71	68	56	90.39	82	130	111	120	54.23	73	49	51.98	145	21	125	139	81.42	24	36	60	133	54.47	22	144	71.11	139	67	12	94	140.24	44	51	45	13																																																																																																																																																																																														
95	104.69	148	131	98	6	29.57	4	11	93	100	56.12	67	49	42.16	22	63	47	4	98.57	119	49	29	54	145.21	77	121	51.14	32	100	31	133	103.7	47	70	26	117	15.77	40	78	147.28	82	116	77	40	137.43	135	65	70	142																																																																																																																																																																																														
62	114.1	30	20	131	115	59.5	127	60	113	94	32.57	101	44	114.52	96	110	83	147	115.36	3	6	150	121	133.56	100	70	45	11	51	53	14	74.09	138	18	140	131	41.25	65	115	70.3	30	1	5	57	24.29	40	31	134	119																																																																																																																																																																																														
10	53.53	7	92	117	120	76.63	36	95	104	126	107.1	131	59	13.97	31	39	73	128	25.28	78	64	35	118	8.57	124	70	19.09	137	124	3	19	79.49	118	45	125	146	113.29	69	102	73.47	139	69	76	136	1.96	130	47	103	111																																																																																																																																																																																														
39	51.46	148	93	55	70	45.4	116	116	50	3	14.73	100	126	94.58	4	118	129	12	60.39	87	41	38	69	54.82	116	77	108.69	129	148	31	52	32.47	117	80	71	27	87.8	65	87	34.15	48	71	36	60	75.83	72	110	96	6																																																																																																																																																																																														
79	122.3	83	39	36	117	32.17	122	75	22	72	7.7	86	149	53.35	133	79	123	44	10.61	40	46	102	38	33.25	48	64	11	40	97	104	140	33.8	61	127	107	77	10.31	76	27	84.91	88	103	47	45	65.02	81	69	71	28																																																																																																																																																																																														
80	136.65	69	33	150	64	90.22	38	82	43	76	17.24	3	100	42.39	114	64	75	146	23.54	147	148	50	4	36.1	42	24	16.49	34	149	63	27	81.13	103	84	83	92	89.43	96	100	121.85	85	89	67	4	33.21	98	109	98	92																																																																																																																																																																																														
34	6.7	109	124	97	137	62.88	117	69	102	44	32.19	148	7	117.83	75	123	53	80	49.82	109	16	137	115	117.64	90	80	126.38	112	142	23	43	78.72	51	17	94	107	86.46	133	128	130.43	19	62	54	131	92.53	84	69	87	69																																																																																																																																																																																														
104	145.68	16	116	46	104	132.65	17	39	121	118	106.75	85	74	50.02	143	121	76	87	69.32	114	89	11	71	97.5	122	21	115.34	2	132	20	50	54.66	2	104	93	95	97.3	34	129	17.95	130	147	94	138	20.39	23	135	70	70																																																																																																																																																																																														
119	59.94	113	89	83	45	58	95	122	39	90	78.03	52	52	13.24	39	95	50	85	104.81	29	110	134	69	55.39	48	72	132.89	71	6	142	49	85.9	104	79	149	53	11.86	35	144	38.39	81	121	83	128	89.21	47	17	13	109																																																																																																																																																																																														
145	42.17	93	141	16	47	60.4	120	86	145	131	70.01	133	1	128.22	116	11	22	110	57.09	114	123	12	81	42.63	130	86	83.49	101	99	107	40	110.35	44	142	39	125	129.5	147	39	110.86	132	1	38	64	94.42	51	25	112	25																																																																																																																																																																																														
63	59.25	122	133	73	84	66.41	125	130	137	63	90.05	92	47	31.27	150	90	76	27	95.88	128	124	113	68	100.38	149	47	18.8	117	38	12	128	25.74	29	123	2	112	104.2	144	36	116.74	105	68	147	20	102.42	36	81	120	145																																																																																																																																																																																														
10	75.3	14	121	51	69	121.79	57	133	105	42	96.04	30	56	96.92	96	48	75	81	116.56	128	125	24	132	127.15	104	121	71.11	57	16	43	69	18.68	77	93	91	123	78	122	51	99.87	4	58	89	75	54.33	123	59	43	145																																																																																																																																																																																														
105	51.94	4	13	79	106	43.21	6	26	144	39	25.58	69	6	42.85	114	7	121	83	46.84	30	43	25	106	59.09	137	17	142.2	102	16	126	24	44.58	99	141	123	80	64.66	92	139	94.55	15	53	89	19	134.25	55	149	125	93																																																																																																																																																																																														
106	4	34	87	69	63	40.46	105	89	31	112	30.87	26	68	85.88	127	101	38	59	34.77	100	78	98	42	52.22	6	87	77.45	102	103	39	37	139.93	10	51	3	13	135.52	33	2	65.56	123	148	124	3	17.89	148	55	88	64																																																																																																																																																																																														
105	52.58	112	138	77	60	124.47	130	62	139	10	17.96	51	123	13.51	124	136	68	51	113.2	87	109	116	42	72.13	1	93	4.06	61	110	47	55	52.22	123	20	33	38	61.64	114	53	126.22	3	74	109	45	130.05	84	23	83	83																																																																																																																																																																																														
70	138.85	73	75	17	72	108.8	141	68	131	108	25.23	87	26	3.45	122	33	141	10	42.12	2	4	64	80	37.3	51	53	30.84	73	1	56	149	117.65	39	81	79	44	24.96	139	43	90.54	63	1	34	82	87.17	1	49	136	80																																																																																																																																																																																														
55	31.96	124	85	46	60	22.3	52	137	35	26	34.93	107	145	97.73	148	61	20	139	63.63	48	6	122	17	125.73	61	60	101.75	12	65	69	25	49.32	101	68	126	135	72.24	41	106	15.36	107	19	26	116	69.75	88	93	117	68																																																																																																																																																																																														
74	147.31	145	19	30	86	36.65	51	97	146	76	16.44	39	78	63.53	13	116	104	40	25.6	147	116	58	41	48.66	136	123	18.52	91	34	136	145	116.58	124	124	26	66	21.52	104	58	13.89	94	111	124	2	114.03	120	79	17	147																																																																																																																																																																																														
109	19.15	63	89	39	60	66.55	23	6	98	149	1.3	30	107	30.52	64	132	73	138	78.76	115	137	6	116	99.16	9	98	53.24	29	28	34	98	130.43	65	92	26	26	89.49	99	25	23.89	75	23	77	21	114.9	83	33	144	62																																																																																																																																																																																														
104	94.6	141	59	103	130	37.68	148	91	71	33	35.42	113	140	93.12	18	72	130	24	54.57	107	67	55	40	101.03	131	34	44.76	66	46	88	128	36.07	22	40	59	136	50.67	138	147	42.64	22	110	130	42	136.53	46	34	110	18																																																																																																																																																																																														
21	126.47	14	24	137	146	65.74	117	35	69	92	139.97	72	122	30.55	39	140	106	100	108.1	70	20	48	97	30.45	46	127	61.08	14	69	125	132	6.94	68	107	67	1	35.66	30	133	94.33	68	66	68	136	109.32	138	104	82	83																																																																																																																																																																																														
81	9.35	26	60	90	9	43.49	115	96	19	77	83.43	135	106	119.18	80	71	13	21	12.19	117	126	71	13	146.77	96	42	87.16	117	65	4	4	50.33	39	131	31	78	8.09	77	147	132.53	56	100	85	128	141.36	148	1	36	138																																																																																																																																																																																														
127	127.36	67	125	124	67	106.75	1	61	21	92	113.61	7	39	46.24	57	58	109	69	122.67	34	122	63	48	92.88	35	92	14.15	94	61	8	41	24.09	117	135	50	87	92.35	112	75	117.65	140	44	17	121	130.92	135	121	61	44																																																																																																																																																																																														
59	101.2	53	81	46	2	29.63	21	118	88	65	30.47	70	23	76.67	128	89	35	136	29.69	1	118	57	22	60.55	70	84	51.29	114	125	63	143	8.94	62	75	70	70	149.9	33	13	92.81	138	45	128	145	1.73	147	88	150	69																																																																																																																																																																																														
19	59.59	145	10	131	42	40.47	36	77	67	66	103.26	140	16	43.46	124	16	30	82	113.73	99	82	127	40	92.86	40	115	128.72	103	105	150	134	124.3	27	11	43	122	51.92	123	81	82.14	118	117	38	123	79.1	35	62	73	147																																																																																																																																																																																														
97	46	35	130	33	69	129.27	119	15	81	44	26.62	65	80	24.33	140	74	32	84	63.68	63	106	10	25	104.24	43	73	74.32	97	141	117	93	38.95	76	122	27	68	126.98	61	84	10.63	134	43	134	111	84.29	61	138	97	71																																																																																																																																																																																														
55	53.09	134	105	135	56	79.53	43	76	16	11	9.4	29	8	22.71	72	94	23	94	81.4	126	122	146	150	118.88	76	93	46.7	122	25	22	35	31.92	78	80	72	130	113.72	23	96	76.71	69	29	29	113	81.94	93	106	47	15																																																																																																																																																																																														
142	24.97	122	39	27	150	66.7	113	80	2	14	17.34	65	148	3.17	50	60	104	126	91.28	133	127	136	141	61.91	96	14	63.89	140	72	2	36	145.38	102	77	110	25	57.14	10	110	147.29	69	47	61	87	128.21	29	107	106	9																																																																																																																																																																																														
39	82.77	75	57	121	45	4.89	101	22	35	74	91.29	63	49	107.98	74	30	121	27	96	77	71	59	6	75.39	21	143	82.71	117	149	102	73	60.43	137	131	27	10	45.33	108	29	34.03	25	89	88	29	135.14	26	41	65	66																																																																																																																																																																																														
147	106.02	24	117	113	93	131.15	90	108	84	82	8.46	89	102	71.43	142	107	97	134	25.97	129	41	40	140	110.61	101	28	96.8	73	102	121	138	128.43	135	23	67	118	113.74	81	80	71.54	70	11	50	114	149.49	4	42	87	27																																																																																																																																																																																														
146	91.31	98	75	78	135	75.77	37	103	60	78	78.2	62	78	9.29	57	20	107	116	11.76	70	72	41	86	14.26	72	4	46.45	64	146	141	54	48.22	4	61	117	54	52.75	57	40	66	128	91	99	101	130.15	53	16	56	150																																																																																																																																																																																														
147	59.12	71	32	123	25	131.33	141	4	28	89	9.7	93	135	15.61	114	7	3	40	80.33	63	70	131	52	85.88	18	123	42.88	110	137	55	148	72.06	89	32	13	94	24.84	25	3	97.13	73	67	93	143	113.94	142	119	107	148																																																																																																																																																																																														
99	82.06	83	3	14	25	53.86	64	39	125	107	57.42	25	134	138.56	13	78	56	38	143.66	116	74	34	137	53.01	60	36	100.05	20	47	136	101	67.01	76	70	11	87	93.19	144	53	135.94	135	98	89	106	132.97	65	122	104	44																																																																																																																																																																																														
110	19.48	27	39	134	82	85.88	108	135	136	51	95.94	92	133	129.29	119	93	124	103	88.11	18	103	137	8	24.32	59	20	26.1	48	71	51	78	68.97	112	56	39	24	41.72	36	106	8.62	113	29	136	15	33.69	57	23	102	25																																																																																																																																																																																														
84	58.84	72	34	1	99	16.92	37	103	38	138	111.2	42	47	112.52	49	41	11	78	57.68	31	23	103	44	137.86	100	70	13.28	36	148	56	150	50.41	133	147	6	134	76.72	141	11	43.85	8	117	7	89	76.21	59	43	58	39																																																																																																																																																																																														
135	97.81	98	59	133	144	19.96	131	83	85	22	42.71	80	114	124.58	9	105	28	128	97.99	143	54	92	88	19.53	73	146	126.02	36	143	45	138	5.56	141	94	65	24	37.37	74	135	66.59	27	93	104	135	21.01	123	140	50	85																																																																																																																																																																																														
57	84.72	48	91	34	81	119.54	29	14	138	122	140.33	26	125	37.07	92	37	75	118	38.83	40	65	137	83	93.91	15	112	50.04	25	12	85	146	135.42	148	34	113	96	24.06	7	101	145.98	95	29	58	54	4.59	103	28	102	19																																																																																																																																																																																														
139	87.38	147	23	48	17	137.82	88	7	96	50	76.77	45	104	74.92	41	113	104	95	23.04	11	149	20	137	8.52	75	98	13.5	146	51	110	60	95.38	56	22	77	128	82.6	148	40	22.97	78	59	114	34	141.92	55	9	4	75																																																																																																																																																																																														
15	38.1	54	88	126	9	11.11	138	129	107	73	120.33	103	118	62.25	93	139	122	123	61.31	38	111	132	143	4.31	61	43	114.16	82	101	140	94	34.43	13	15	127	19	22.66	78	142	4.07	94	24	51	98	50.38	44	43	61	27																																																																																																																																																																																														
32	127.8	49	71	67	92	39.94	67	144	82	101	22.56	64	23	112.69	83	61	34	145	99.65	100	124	141	99	84.34	110	53	112.99	104	59	7	94	28.64	6	77	112	33	111.23	121	40	7.28	140	40	132	79	43.08	149	40	20	62																																																																																																																																																																																														
59	134.24	12	91	4	2	6.23	34	95	32	98	28.38	45	115	21.36	71	6	30	26	14.77	25	101	132	149	146.99	149	61	27.94	47	78	110	36	3.76	137	48	35	11	99.43	19	141	125.75	36	13	132	144	59.41	84	86	32	14																																																																																																																																																																																														
107	55.17	43	12	70	143	2.23	42	8	62	86	6.4	136	94	136.2	116	72	62	17	53.23	105	70	62	41	22.27	78	98	120.43	73	119	62	142	82.28	14	92	29	107	128.62	108	61	111.71	100	115	31	100	35.08	115	136	148	53																																																																																																																																																																																														
83	35.14	67	19	115	36	13.82	66	47	21	63	36.97	32	129	59.01	28	30	24	141	94.37	55	87	10	8	78.91	64	10	81.34	123	18	69	28	14.05	38	4	63	116	117.41	29	149	123.5	69	39	7	100	149.5	41	27	15	62																																																																																																																																																																																														
109	74.92	56	6	83	132	91.86	127	36	148	138	101.67	64	46	62.29	86	110	130	36	16.35	142	39	137	88	144.42	92	11	125.5	136	115	149	22	60.92	52	122	106	19	12.99	113	86	93.12	70	15	148	14	93.21	83	80	145	115																																																																																																																																																																																														
122	48.31	2	128	54	5	78.45	57	9	111	114	27.03	76	135	93.86	139	99	10	109	19.36	55	90	87	9	67.14	80	121	42.93	122	143	142	126	31.14	26	75	144	13	83.79	113	142	49.01	8	63	36	124	72.01	128	83	104	116																																																																																																																																																																																														
123	17.06	94	99	145	118	135.86	63	94	80	3	33.19	74	47	75.66	87	141	11	106	58.02	26	126	141	53	9.22	1	76	114.55	91	117	74	116	109.2	13	115	134	122	24.06	114	49	8.89	140	138	37	106	84.51	108	62	108	75																																																																																																																																																																																														
25	30.37	114	124	70	145	14.11	86	98	49	29	117.21	62	104	69.08	21	30	28	8	122.79	56	73	126	50	51.9	22	120	13.88	10	89	102	65	12.88	125	54	90	30	94.52	128	102	67.19	100	101	150	34	137.6	39	79	5	62																																																																																																																																																																																														
139	135.13	56	42	59	49	65.77	18	6	84	123	31.15	82	125	119.34	24	34	87	131	137.39	149	25	112	58	94.4	36	101	119.55	17	114	116	9	36.48	145	147	37	126	4.68	131	10	133.12	149	95	90	3	92.92	43	136	118	88																																																																																																																																																																																														
45	10.6	1	88	123	13	64.45	37	132	116	2	44.97	116	145	128.11	113	82	8	116	47.47	76	88	63	1	44.52	66	97	71.84	129	96	28	53	51.55	149	77	138	72	78.68	15	37	65.19	146	110	55	92	88.03	144	11	110	11																																																																																																																																																																																														
123	132.57	47	22	85	71	68.61	114	15	104	149	148.21	112	47	22.97	20	53	37	47	55.53	49	28	117	86	107.77	36	68	29.45	114	97	55	84	8.76	38	123	60	70	27.18	142	141	71.15	133	142	89	41	147.28	25	110	50	12																																																																																																																																																																																														
125	33.11	144	137	56	64	149.35	12	133	91	129	45.77	91	100	16.16	86	150	101	38	99.04	44	3	126	121	55.39	87	76	112.8	75	121	127	53	138.03	95	54	116	141	92.39	73	107	89.97	8	64	137	75	63.84	24	20	41	27																																																																																																																																																																																														
146	119.47	113	124	103	25	108.68	48	111	94	130	118.75	124	45	100.27	17	66	27	8	80.79	45	120	47	39	84.01	36	29	134.11	45	73	53	22	61.87	117	136	9	90	120.85	133	135	88.6	94	69	53	56	127.02	44	31	134	49																																																																																																																																																																																														
108	86.89	31	18	114	99	24.24	130	33	37	110	18.62	99	46	81.33	47	143	81	61	18.43	12	12	147	83	75.03	100	27	83.52	115	90	66	93	118.92	50	5	78	97	41.09	96	135	73.27	150	144	110	76	24.65	94	48	42	149																																																																																																																																																																																														
24	67.09	116	146	110	71	9.23	19	75	56	54	76.25	39	132	116.98	21	11	21	142	41.76	29	81	38	115	80.08	29	146	6.14	71	32	53	132	78.11	114	120	141	67	61.22	108	80	74.89	3	23	90	21	61.51	13	82	63	84																																																																																																																																																																																														
69	117.43	89	96	52	28	85.84	15	85	112	114	126.99	79	54	101.05	22	113	132	104	25.69	129	60	5	62	135.46	9	25	43.62	14	150	86	147	105.52	13	112	122	135	60.01	83	86	78.45	72	78	50	68	138.08	109	145	96	46																																																																																																																																																																																														
45	89.69	85	59	58	132	57.03	27	105	23	19	78.02	125	42	139.86	82	118	16	31	113.07	141	67	127	37	89.29	79	82	20.4	36	51	90	112	102.94	133	49	40	106	16.27	53	56	25.6	137	49	22	122	94.77	60	85	72	108																																																																																																																																																																																														
149	119.4	8	90	15	23	84.41	81	119	71	123	47.86	34	148	56.12	93	89	1	56	75.92	146	137	78	136	63.77	41	29	95.15	10	149	36	138	53.99	72	99	36	115	123.13	6	58	56.86	97	20	61	48	40.7	62	113	29	110																																																																																																																																																																																														
80	94.63	100	111	93	10	88.95	73	54	24	131	8.02	124	29	90.65	68	22	145	79	94.99	46	29	107	64	7.75	125	21	24.69	15	56	82	93	145.83	109	82	146	67	18.18	12	123	9.97	117	137	27	37	9.51	31	135	59	28																																																																																																																																																																																														
89	67.83	69	80	47	100	36.65	51	133	125	131	102.34	19	77	16.27	43	81	9	122	148.73	124	110	125	138	85.11	89	69	2.12	69	125	83	19	112.6	56	17	144	99	119.43	41	42	119.76	3	92	29	7	136.77	118	131	58	98																																																																																																																																																																																														
80	120.36	32	148	87	32	33.73	79	14	145	16	29.18	41	140	124.44	114	60	25	17	143.64	49	114	113	39	70.13	12	27	20.74	114	52	95	115	149.85	103	26	76	60	85.29	85	50	107.26	118	37	112	2	149.97	125	34	108	87																																																																																																																																																																																														
50	89.07	111	87	137	9	30.84	117	130	41	69	2.11	70	99	141.12	50	98	150	78	114.75	7	63	130	149	112.07	36	99	89.89	101	150	43	146	61.97	142	33	60	88	63.46	35	76	110.03	27	32	138	33	148.55	136	10	15	87																																																																																																																																																																																														
116	143.07	128	100	64	144	15.16	11	4	88	49	45.67	78	4	53.55	67	6	39	57	65.43	87	6	103	28	34.85	119	104	17.13	120	30	110	87	43.43	127	14	41	6	78.27	121	88	82.97	73	73	141	95	117.66	14	77	45	68																																																																																																																																																																																														
18	148.07	35	100	56	20	129.46	75	32	16	119	50.06	19	118	101.87	39	105	109	18	18.38	94	52	13	62	94.76	129	114	72.02	47	76	87	61	131.21	147	39	127	87	19.55	116	118	102.5	47	92	25	40	134.79	106	21	4	126																																																																																																																																																																																														
110	95.52	54	83	22	133	43.95	121	130	27	78	121.23	77	131	30.8	3	78	57	73	72	95	143	80	33	104.38	21	9	78.71	30	27	75	31	42.18	87	128	111	1	13.66	112	121	104.4	84	65	36	98	98.71	27	84	11	113																																																																																																																																																																																														
52	100.21	118	41	50	63	5.4	138	81	25	31	115.03	17	62	58.32	59	142	10	88	22.61	100	149	123	51	145.16	38	136	123.72	105	27	118	31	76.18	137	99	41	139	88.81	35	91	11.47	111	75	65	99	16.56	131	57	118	10																																																																																																																																																																																														
107	67.42	9	48	96	105	105.01	73	103	19	28	117.76	74	68	77.43	22	130	111	112	99.5	92	100	139	126	70.8	150	149	38.4	33	44	4	147	112.12	15	88	65	138	98.7	44	84	66.37	86	135	124	105	35.36	116	17	63	131																																																																																																																																																																																														
124	25.14	71	11	128	69	59.91	94	38	100	55	139.96	48	94	58.87	30	88	149	37	121.54	45	46	85	106	46.42	6	64	77.84	95	3	69	87	2.19	14	121	81	139	144.19	2	34	115.78	48	71	127	141	19.59	60	136	130	141																																																																																																																																																																																														
55	132.36	123	121	141	47	69.87	23	44	130	64	130.5	123	19	84.63	94	141	111	62	142.85	145	30	28	125	149.68	126	20	29.61	20	69	93	125	125.19	77	132	98	35	145.11	71	106	50.38	150	57	119	54	65.7	102	59	96	51																																																																																																																																																																																														
40	43.48	114	73	118	83	91.58	23	107	110	37	31.07	116	9	79.92	69	49	68	7	27.74	29	123	136	89	29.92	25	73	98.39	137	32	86	51	1.18	41	106	142	133	125.36	83	129	66.68	14	87	92	52	128.9	77	133	94	36																																																																																																																																																																																														
65	54.38	22	125	82	106	146.16	94	111	117	54	94.72	79	146	132.32	96	70	108	75	5.33	129	37	100	61	20.1	149	130	126.57	43	34	52	95	138.94	146	131	144	25	48.21	86	5	43.82	27	24	59	7	69.94	88	132	106	115																																																																																																																																																																																														
18	103.3	146	101	32	55	136.66	52	72	145	106	43.88	80	110	57.32	146	104	94	112	38.11	124	19	26	88	99.83	94	107	31.61	25	89	103	139	96.87	62	138	147	138	14.53	64	84	100.62	76	77	87	6	45.17	28	52	40	52																																																																																																																																																																																														
35	141.26	2	92	12	53	9.68	93	146	135	71	56.62	145	118	58.07	118	83	3	67	113.77	126	62	34	49	47.97	87	82	6.05	75	119	116	62	5.74	129	11	32	77	65.02	124	55	70.16	42	146	60	140	90.11	1	87	115	137																																																																																																																																																																																														
37	70.53	53	61	40	87	83.14	53	37	28	29	120.92	52	143	101.25	78	25	86	79	122.06	34	17	82	27	125.41	129	22	64.63	77	146	62	129	5.38	127	150	41	36	2.17	103	66	89.17	112	58	36	122	41.03	142	15	40	102																																																																																																																																																																																														
113	89.9	143	78	128	57	5.07	50	71	96	150	80.04	32	94	92.87	76	2	79	49	35.27	78	133	70	30	37.72	22	78	105.03	12	77	99	60	7.45	99	88	58	97	11.63	77	136	111.18	86	122	148	119	107.39	55	139	43	15																																																																																																																																																																																														
64	20.18	129	145	5	112	99.99	109	145	55	40	57.09	51	10	101.28	145	132	116	93	123.84	20	71	23	17	63.19	147	33	141.32	123	128	146	61	64	91	119	51	136	50.4	63	72	132.92	128	91	131	46	63.74	118	76	142	8																																																																																																																																																																																														
54	55.24	104	1	106	9	103.69	80	91	17	8	11.32	136	70	55.46	101	86	112	122	91.29	86	29	44	80	112.49	40	37	24.79	69	1	118	30	102.33	141	138	40	123	1.51	108	35	93.69	47	131	96	136	12.56	102	144	95	67																																																																																																																																																																																														
131	140.18	129	94	25	9	149.94	85	112	6	104	25.28	108	44	121.03	18	147	66	52	103.72	21	133	149	12	44.96	3	55	14.04	31	121	86	28	99.68	76	54	115	38	119.38	112	125	108.49	68	113	60	114	41.29	42	89	118	16																																																																																																																																																																																														
75	56.74	25	51	91	36	28.28	80	116	145	66	28.18	11	100	38.75	119	25	105	27	78.52	21	102	118	40	19.74	27	29	143.68	57	69	10	15	34.17	19	71	100	90	71.52	94	124	102.12	29	141	148	125	74.6	76	83	16	21																																																																																																																																																																																														
35	21.33	43	98	74	63	24.04	134	10	37	29	50.26	138	106	69.58	64	150	59	7	47.88	69	148	87	92	141.05	121	47	68.98	132	97	121	147	57.03	137	145	36	118	107.44	91	49	85.82	111	104	70	47	43.43	95	44	59	97																																																																																																																																																																																														
124	132.39	107	49	150	64	35.79	79	71	1	131	109.83	77	48	79.22	150	82	1	92	14.16	132	58	136	50	76.63	5	94	77.56	33	137	16	65	29.83	2	33	106	29	133.09	80	66	96.01	131	126	52	18	115.86	43	20	89	105																																																																																																																																																																																														
108	81.01	75	20	70	141	34.41	9	9	100	59	2.44	56	115	93.46	127	69	104	150	46.62	142	120	116	140	85.79	148	99	116.81	99	150	58	22	55.4	66	117	87	93	21.62	79	59	45.3	79	108	73	66	33.21	107	54	113	84																																																																																																																																																																																														
74	113.82	82	133	96	36	125.13	53	68	129	104	80.05	77	111	32.42	77	14	64	126	39.22	121	8	5	119	92.5	50	70	123.11	131	17	148	27	133.42	89	56	85	88	31.86	99	130	68.56	24	23	141	85	114.79	35	101	26	30																																																																																																																																																																																														
149	117.67	4	52	14	148	85.71	148	95	10	144	20.07	132	23	4.93	15	83	118	74	51.97	41	115	18	105	39.02	42	102	148.94	117	98	89	43	63.27	121	14	75	53	34.62	78	12	83.09	119	36	8	107	57.11	23	124	22	53																																																																																																																																																																																														
68	52.22	1	13	118	132	21.36	124	35	20	116	145.22	122	82	105.79	68	72	112	71	138.65	47	115	50	5	87.89	99	27	59.42	8	92	8	83	81.21	114	129	138	124	134.95	60	113	6	35	76	52	131	44.32	78	17	39	117																																																																																																																																																																																														
80	87.58	106	129	26	139	143.77	115	117	145	31	128.29	7	114	13.52	8	111	8	69	103.76	12	95	40	19	75.59	47	93	29.39	57	91	138	15	111.18	73	78	77	35	56.72	75	101	73.79	118	123	48	63	129.62	61	96	11	122																																																																																																																																																																																														
115	17.56	71	108	64	49	35.89	29	75	80	86	127.91	35	119	61.28	107	94	19	97	40.98	113	24	148	125	50.57	131	142	77.5	76	117	131	100	126.15	7	96	53	21	72.88	58	4	113.42	18	144	58	98	88.46	24	95	21	125																																																																																																																																																																																														
9	111.19	41	34	41	15	96.84	140	83	141	147	126.05	149	8	88.38	53	104	118	1	48.04	133	21	148	136	46.31	101	65	117.14	135	21	71	49	126.2	134	48	134	51	73.21	79	44	132.29	18	3	59	73	113.05	112	126	147	79																																																																																																																																																																																														
85	33.75	33	2	84	86	139.06	115	110	111	40	148.17	148	11	37.92	108	66	78	69	73.19	67	53	98	9	137.18	6	39	14.55	112	1	5	82	61.16	118	142	33	116	104.59	43	42	52.54	96	33	142	79	52.29	13	86	131	88																																																																																																																																																																																														
116	92.52	19	88	23	48	12.34	132	53	97	3	119.95	54	37	89.63	33	104	4	7	120.62	64	46	149	67	44.93	134	13	3.27	136	106	49	56	46.58	121	27	81	58	119.45	4	13	76.64	134	119	24	111	102.91	146	58	39	19																																																																																																																																																																																														
19	4.48	80	46	28	122	32.23	58	150	43	35	73.43	50	49	47.4	6	27	59	43	57.9	119	85	73	14	80	133	67	6.77	147	29	109	137	98.08	18	15	11	4	11.07	107	142	132.63	132	118	134	85	25.19	29	80	111	65																																																																																																																																																																																														
54	52.19	59	135	115	9	147.08	126	27	117	83	9.19	83	39	20.76	18	111	54	78	46.42	81	118	53	92	72.42	132	96	4.75	110	132	5	120	16.26	73	66	106	87	101.8	147	144	79.88	130	69	124	53	118.91	141	56	69	144																																																																																																																																																																																														
130	105.41	110	94	65	45	61.66	42	124	64	135	59.57	135	140	23.26	146	150	115	20	12.57	99	87	116	108	64.12	100	42	35.28	97	26	67	82	127.34	126	103	69	47	18.87	71	15	31.45	81	144	23	139	106.91	148	105	67	94																																																																																																																																																																																														
14	39.12	87	20	113	24	67.51	39	46	44	84	57.3	73	30	11.87	97	14	72	50	72.65	131	2	7	97	50.14	120	22	40.89	13	13	131	36	10.21	106	40	72	125	76.53	21	91	130.37	95	39	111	81	44.27	101	28	84	112																																																																																																																																																																																														
5	131.17	47	40	108	102	59.05	22	75	71	6	134.55	58	33	7.1	81	8	69	28	108.84	129	80	90	112	79.32	5	50	36.67	135	117	120	15	69.95	66	113	124	9	145.85	100	75	44.55	17	127	1	107	64.49	15	146	35	81																																																																																																																																																																																														
129	91.85	49	105	130	111	70.04	103	109	61	7	109.78	68	1	90.9	149	87	92	106	132.64	110	128	150	72	37.13	31	101	27.94	81	75	22	48	115.09	117	58	104	56	126.27	13	110	5.07	118	91	6	96	65.91	36	87	5	8																																																																																																																																																																																														
134	106.02	25	84	40	146	78.07	60	8	141	56	131.06	101	78	32.06	140	26	47	40	144.14	108	38	41	146	109.3	96	60	130.53	65	124	119	77	60.25	58	126	67	134	103.9	53	30	111.49	94	143	125	130	44.55	13	10	36	13																																																																																																																																																																																														
91	121.74	47	105	40	138	145.75	141	81	73	148	82.66	136	70	55.11	144	148	78	79	54.07	11	19	95	117	2.48	104	58	16.73	98	6	143	150	101.26	52	67	80	112	101.76	140	58	69.14	66	7	127	112	137.4	16	23	11	24																																																																																																																																																																																														
54	34.2	45	145	88	42	30.75	28	121	45	100	149.91	102	87	16.91	145	97	49	114	83.37	63	24	86	100	60.58	120	26	66.47	125	95	109	122	38.21	34	14	128	37	67	89	147	2.16	4	131	148	142	94.03	25	54	74	46																																																																																																																																																																																														
87	83.75	55	39	133	128	24.5	25	125	15	110	105.51	90	63	60.16	75	67	142	62	19.39	136	54	128	120	76.84	124	93	114.91	117	32	147	100	142.44	117	6	20	77	78.73	23	136	80.91	47	109	12	14	37.42	100	116	23	87																																																																																																																																																																																														
69	35.27	116	29	39	104	34.26	136	127	84	132	18.18	129	70	85.23	72	124	40	24	126.72	114	10	53	101	43.02	99	30	125.35	7	6	25	88	31.04	11	8	28	50	96.18	94	19	49.26	132	40	69	101	91.08	48	70	149	150																																																																																																																																																																																														
81	133.63	137	53	2	63	76.83	88	135	9	82	19.67	149	32	46.16	61	41	137	136	149.52	94	73	133	72	70.95	118	138	57.44	9	18	141	60	88.81	71	86	117	119	9.61	7	42	33.07	88	2	126	44	80.69	116	70	117	100																																																																																																																																																																																														
7	75.25	14	48	25	99	86.95	24	86	138	43	23.62	115	74	77.57	136	99	72	12	57.04	15	140	77	82	62.57	25	104	67.17	115	60	89	96	58.09	74	140	27	137	14.29	81	136	138.88	43	50	93	70	2.1	57	26	28	63																																																																																																																																																																																														
57	49.03	72	9	90	58	114.02	143	86	2	33	49.47	136	131	29.58	25	137	39	28	90.13	144	111	37	134	87.41	129	28	109	88	19	50	139	27.02	136	132	3	5	60.28	11	1	32.34	19	148	126	70	138.41	117	97	103	144																																																																																																																																																																																														
13	86.26	98	131	94	91	12.09	102	128	41	29	23.33	126	126	147.7	39	125	111	138	57.62	75	108	8	15	134.34	85	135	118.54	86	88	23	143	112.23	65	51	9	17	26.8	59	87	11.74	27	138	73	29	44.62	117	110	14	35																																																																																																																																																																																														
79	70.62	121	20	118	134	7.61	5	48	106	139	108.63	73	42	4.06	7	54	19	147	144.08	57	103	135	24	4.74	108	83	44.6	8	70	52	90	34.63	95	52	137	75	96.65	24	22	146.16	12	29	66	74	100.96	105	50	133	3																																																																																																																																																																																														
82	59.08	49	72	148	134	148.38	76	145	17	13	90.78	130	29	57.31	2	113	131	3	139.41	124	108	101	83	27.79	21	129	9.69	144	72	114	112	18	96	106	51	20	79.28	48	16	132.23	119	116	111	26	142.83	84	5	138	50																																																																																																																																																																																														
61	44.79	93	104	139	116	148.23	80	139	127	127	140.48	38	24	23.95	28	73	76	85	7.28	67	61	34	111	126.82	4	93	141.49	33	129	46	47	13.46	145	149	40	139	100.66	15	29	58.47	32	11	21	44	136.29	78	125	122	66																																																																																																																																																																																														
43	6.32	142	93	116	29	123.44	2	31	19	72	89.76	117	81	30.75	7	46	65	123	72.94	46	51	129	97	133.85	13	149	120.26	38	69	139	15	123.01	69	105	101	39	89.3	44	122	78.95	101	148	42	115	9.53	73	128	66	89																																																																																																																																																																																														
96	63.87	135	100	105	64	61.74	82	79	133	48	34.84	122	65	17.58	90	57	106	90	125.87	62	121	81	135	67.08	31	78	112.45	20	45	138	72	23.49	52	114	7	97	107.22	114	66	15.94	53	46	136	24	146.87	47	131	32	22																																																																																																																																																																																														
94	65.61	148	105	125	139	88.35	126	145	17	27	10.87	33	88	113.55	78	7	145	58	2.5	72	123	132	127	123.2	92	144	68	17	144	45	29	96.72	29	42	96	74	130.95	78	65	86.68	119	37	119	61	38.41	5	132	91	77																																																																																																																																																																																														
58	3.47	2	76	42	18	90.72	141	148	68	28	126.24	14	99	67.59	106	12	126	78	111.62	105	129	55	60	44.1	66	61	53.64	120	66	143	42	114.75	78	95	30	50	68.42	65	16	93.24	113	19	42	85	129.65	96	90	33	80																																																																																																																																																																																														
15	46.2	60	41	147	93	48.4	13	69	100	89	48.6	66	112	141.76	18	80	106	14	55.53	27	35	60	18	147.88	64	7	62.46	142	117	5	26	107.06	71	70	124	95	70.44	76	65	144.31	146	120	74	52	115.22	145	83	57	94																																																																																																																																																																																														
21	115.66	106	21	88	116	64.14	113	13	64	48	121.71	129	148	147.83	19	133	46	100	71.85	146	21	46	132	60.64	59	109	6.28	19	13	121	118	5.62	28	24	15	126	14.85	17	97	128.09	34	143	67	4	115.02	98	117	7	109																																																																																																																																																																																														
120	81.95	124	64	5	24	103.91	82	39	99	66	35.08	89	60	96.39	17	72	118	142	145	13	61	22	140	49.76	132	21	22.41	40	107	30	74	111.33	140	56	150	46	10	56	87	40.92	70	49	108	4	17.64	55	134	11	117																																																																																																																																																																																														
104	13.55	7	107	2	134	27.9	98	89	36	57	138.63	7	41	126.51	122	30	124	32	126.99	109	55	122	128	145.91	133	113	136.11	19	38	64	68	69.09	93	109	47	57	140.5	74	93	5.52	64	48	66	89	97.49	98	31	61	146																																																																																																																																																																																														
118	144.77	65	1	65	136	1.96	70	70	1	56	88.35	88	49	65.54	103	74	85	15	2.57	69	120	138	111	15.42	144	117	30.72	89	105	39	6	70.81	99	102	128	80	56.13	69	82	127.84	144	128	32	122	145.21	54	40	150	147																																																																																																																																																																																														
31	125.76	90	122	142	81	110.47	81	43	46	89	44.61	20	119	57.86	110	18	86	94	147.69	56	32	122	122	111.31	144	6	69.79	83	22	11	4	64.23	100	59	127	95	47.9	66	67	110.87	73	39	7	94	42.03	59	113	60	145																																																																																																																																																																																														
17	12.22	1	92	1	150	93.35	9	123	79	56	99.21	64	34	92.22	136	87	7	105	65.65	50	136	115	110	47.02	60	129	95.09	140	71	122	132	5.23	52	68	39	128	116.09	32	11	42.62	86	98	130	74	84.87	98	1	62	115																																																																																																																																																																																														
3	39.1	49	64	1	75	130.36	66	16	70	40	15.28	21	44	39.11	58	64	97	112	32.2	135	55	110	17	37.23	108	6	74.09	42	130	44	19	61.33	41	5	147	101	79.28	9	121	142.96	2	145	11	30	37.11	80	14	146	75																																																																																																																																																																																														
36	110.96	48	134	115	76	2.34	98	55	26	45	89.46	61	45	124.81	75	111	121	122	133.44	127	105	74	101	123.87	72	28	144.17	91	121	76	123	84.36	25	137	141	19	84.22	93	98	2.32	70	79	115	67	72.94	21	62	46	81																																																																																																																																																																																														
37	76.14	82	83	148	63	123.18	129	40	26	141	116.42	89	70	51.39	69	135	12	124	21.73	110	133	32	2	94.42	110	10	3.83	109	60	100	103	48.71	149	21	137	137	137.69	61	128	111.54	62	7	73	51	48.17	148	76	122	10																																																																																																																																																																																														
16	106.3	32	122	98	58	88.91	12	52	53	120	59.56	113	41	95.92	13	49	113	125	45.06	4	17	116	20	117.9	129	28	85.7	44	130	99	116	138.63	45	88	63	109	101.45	89	131	71.75	65	45	81	57	12.33	92	131	63	43																																																																																																																																																																																														
91	79.8	23	103	70	21	35.41	76	73	105	71	120.15	19	95	97.89	15	92	36	126	17.79	53	57	32	149	132.08	47	58	122.96	111	130	97	131	67.34	115	110	21	56	130.82	48	18	129.65	36	62	149	34	41.52	47	58	42	65																																																																																																																																																																																														
79	80.63	38	40	120	92	17.49	124	43	119	143	108.19	131	133	1.74	99	20	139	136	47.35	144	21	121	57	130.48	129	29	54.91	26	60	97	39	60.92	95	143	118	4	54.77	117	19	106.49	7	100	132	72	71.72	72	74	115	45																																																																																																																																																																																														
112	147.4	27	22	62	30	45.91	66	85	53	136	45.89	37	7	3.16	59	30	16	55	145.37	79	147	96	149	115.92	117	26	28.13	96	113	43	98	65.91	64	48	35	24	45.39	76	88	61.26	48	24	53	128	111.87	36	39	9	22																																																																																																																																																																																														
81	14.5	11	97	127	65	32.67	14	12	62	62	48.4	12	34	118.1	99	110	146	55	130.76	4	24	101	11	29.55	93	56	142.23	109	91	94	104	30.67	77	132	99	71	139.64	139	89	52.83	16	72	43	38	110.55	19	143	53	53																																																																																																																																																																																														
26	132.64	51	123	68	53	84.94	36	118	11	91	99.81	103	33	48.31	20	125	9	24	11.27	18	115	113	77	70.1	6	141	114.05	111	1	124	33	101.71	34	129	46	58	64.67	19	79	123.07	118	57	80	10	74.45	134	64	77	13																																																																																																																																																																																														
52	68.12	42	68	43	61	143.01	81	77	118	114	26.77	130	14	51.1	128	11	143	26	22.91	4	49	70	74	27.82	68	19	88.08	7	95	60	73	27.39	137	83	46	84	108.31	22	121	14.51	72	116	111	97	142.37	12	51	114	104																																																																																																																																																																																														
141	78.13	119	14	131	80	132.8	68	147	11	93	90.57	101	7	21.95	94	136	87	118	124.58	92	19	81	12	100.57	88	21	55.12	134	122	80	29	145.18	142	92	142	57	4.3	74	106	46.15	141	28	36	149	36.62	51	131	2	71																																																																																																																																																																																														
85	40.09	93	16	115	93	140.12	74	20	85	24	56.08	59	92	37.13	84	42	63	19	4.46	63	130	5	17	77.8	27	70	136.43	121	146	40	54	34.74	138	102	78	122	26.95	89	74	56.72	26	147	88	114	29.18	8	92	63	109																																																																																																																																																																																														
45	134.63	125	26	126	92	36.66	109	100	13	37	65.59	115	48	46.22	107	40	96	53	108.93	148	80	110	13	120.29	104	61	121.46	21	147	126	39	5.09	21	54	98	70	26.54	84	132	54.17	6	17	34	27	47.06	148	85	124	60																																																																																																																																																																																														
146	130.43	58	140	54	44	135.58	7	58	6	50	22.04	111	120	146.8	121	81	150	19	106.44	34	8	99	54	106.15	99	30	112.6	124	14	145	27	93.67	117	6	116	59	118.61	18	40	4.07	89	54	125	66	12.96	82	75	110	68																																																																																																																																																																																														
4	4.53	76	67	52	116	106.12	137	41	124	80	70.19	96	10	45.46	5	77	90	85	24.2	95	36	115	143	35.93	110	143	147.88	121	128	36	27	92.51	67	64	57	94	49.75	120	6	124.55	4	106	98	21	125.36	43	55	93	117																																																																																																																																																																																														
54	103.25	1	32	28	129	108.29	65	134	149	105	146.44	129	94	6.86	71	138	63	115	128	136	121	28	62	62.44	145	134	123.91	65	88	74	148	24.78	149	94	81	7	47.27	30	109	140.68	111	41	5	2	138.17	104	93	119	117																																																																																																																																																																																														
22	16.84	129	58	15	106	51.24	123	142	69	5	119.9	140	87	30.42	63	84	49	58	55.99	71	60	60	112	69.09	148	38	8.34	10	4	88	46	29.05	56	128	146	148	104.48	30	33	120.11	63	27	68	114	83.58	19	128	6	56																																																																																																																																																																																														
67	135.53	117	47	85	144	66.41	97	99	123	136	137.14	113	23	72.54	85	48	19	51	147.84	142	26	131	134	100.17	82	138	50.97	4	41	27	101	132.76	52	71	29	91	128.37	71	32	25.9	78	68	37	113	94.95	49	102	147	47																																																																																																																																																																																														
79	143.43	4	128	21	97	101.84	17	40	90	25	97.85	12	35	38.84	140	10	32	110	73.76	105	70	52	65	52.64	141	113	137.54	92	126	87	57	72.85	91	122	37	1	20.62	84	34	111.98	37	54	80	85	50.14	53	65	15	81																																																																																																																																																																																														
25	100.34	78	140	62	102	11.31	133	2	72	31	57.18	43	22	40.02	72	45	53	6	34.1	43	51	76	14	104.23	42	54	148.18	100	4	29	23	57.12	130	133	87	65	13.31	79	83	13.86	73	46	143	66	121.02	35	79	119	48																																																																																																																																																																																														
105	104.36	8	5	93	42	13.15	79	108	58	46	103.33	16	139	141.79	135	96	100	134	16.28	140	61	146	131	83.38	81	86	10.25	27	133	46	12	102.13	38	103	146	83	130.31	50	73	135.77	122	64	18	35	21.72	56	1	131	65																																																																																																																																																																																														
95	89.68	25	23	79	58	25.31	2	95	110	147	143.95	49	12	133.84	42	88	61	14	109.1	96	148	13	82	27.9	8	21	22.4	9	103	42	35	18.9	84	75	67	112	56	26	71	118.01	51	123	117	103	17.91	53	136	90	61																																																																																																																																																																																														
56	127.56	71	19	89	57	137.09	124	106	85	18	85.62	69	113	10.61	88	94	70	145	11.77	113	93	111	133	107.09	103	48	10.8	80	75	32	76	117.68	27	61	91	28	144.5	65	1	132.67	29	135	120	64	111.61	21	13	75	102																																																																																																																																																																																														
9	41.65	15	52	99	12	122.24	3	112	47	89	108.23	97	112	117.14	93	119	78	7	53.55	47	89	110	107	113.39	21	122	112.64	144	142	83	95	71.1	138	143	10	41	2.42	73	62	30.53	55	17	85	6	12.27	35	97	104	117																																																																																																																																																																																														
112	45.87	38	29	37	50	90.15	49	102	95	145	3.21	126	85	98.52	143	129	63	25	119.34	31	2	113	144	49.25	18	31	58.51	113	85	96	146	143.12	126	144	93	68	102.38	147	53	145.97	31	81	59	106	130.25	38	141	79	58																																																																																																																																																																																														
47	92.34	41	10	116	121	56.84	48	112	146	11	80.63	143	100	61.46	29	119	79	31	49.93	24	144	10	96	69.5	131	146	134.19	112	92	21	54	30.13	91	84	113	115	89.47	136	72	62.66	135	69	49	65	75.99	143	70	45	134																																																																																																																																																																																														
109	136.01	21	85	52	145	30.3	75	50	80	64	44.8	107	137	147.7	102	18	109	5	39.66	129	135	15	71	100.85	107	22	56.61	91	19	140	103	56.29	18	100	143	121	10.8	12	78	148.54	33	134	78	63	68.48	147	44	3	49																																																																																																																																																																																														
63	67.73	17	141	90	106	78.21	65	108	148	103	48.16	144	88	105.08	101	149	29	15	52.32	139	29	85	44	8.49	35	26	114.83	129	25	10	54	16.3	115	106	56	115	61.11	80	39	133.91	131	118	28	41	75.52	124	31	78	135																																																																																																																																																																																														
72	36.98	23	38	148	11	141.47	16	115	30	123	82.63	104	106	54.39	18	76	108	111	102.09	41	144	65	22	101.86	9	141	54.06	90	56	144	119	148.25	109	100	55	145	72.6	134	149	89.28	5	113	129	131	68.25	86	144	143	123																																																																																																																																																																																														
52	146.51	99	38	42	88	4.86	35	96	41	24	28.21	66	150	50.96	55	69	5	120	48.74	59	145	148	84	46.78	70	75	12.19	93	30	110	147	15.29	92	82	102	140	34.27	33	101	65.42	99	124	61	7	87.59	105	98	54	134																																																																																																																																																																																														
2	112.93	85	147	41	93	31.26	73	47	132	23	71.78	31	125	148.58	36	8	60	132	33.68	70	121	113	134	66.03	13	2	68.48	150	68	51	43	60.14	135	103	38	76	87.44	10	68	85.3	99	79	87	70	91.1	107	68	37	85																																																																																																																																																																																														
54	62.62	20	38	80	96	53.5	64	23	102	35	62.72	98	135	47.24	75	42	18	25	73.27	115	99	80	15	59.26	62	61	53.73	100	91	88	80	132.75	103	33	10	31	104.44	39	59	108.15	47	42	35	95	143.68	114	91	102	96																																																																																																																																																																																														
87	61.64	90	90	94	88	115.9	130	45	72	17	4.03	88	139	77.64	37	8	87	47	77.27	87	70	84	143	137.18	50	33	35.69	120	89	20	129	55.79	145	121	63	66	122.67	9	44	56.88	27	83	92	145	106.96	100	144	34	33																																																																																																																																																																																														
105	117.45	20	142	126	8	6.9	42	130	47	63	76.23	11	42	76	9	66	102	77	103.23	71	53	81	126	23.29	74	42	102.73	139	60	76	62	27.13	93	63	137	7	47.02	117	62	10.64	67	138	32	58	68.1	63	80	94	25																																																																																																																																																																																														
3	40.97	106	135	106	8	53.81	115	132	32	43	80	132	30	87.04	89	21	21	69	129.49	88	35	53	103	41.51	82	122	77.17	69	74	38	87	132.4	82	5	46	42	16.61	149	35	30.73	131	23	126	35	83.08	74	134	76	136																																																																																																																																																																																														
79	149.45	112	136	65	6	8.12	63	116	150	143	78.27	49	69	135.56	114	40	56	43	75.76	77	89	105	32	99.35	71	147	2.97	95	52	22	77	86.16	112	16	64	143	112.7	109	149	39.93	98	101	83	6	4.4	15	138	50	62																																																																																																																																																																																														
77	70.46	116	27	115	121	120.41	3	53	36	115	142.18	130	31	105.88	26	20	108	58	31.51	124	139	146	4	127.34	73	40	120.92	137	56	142	141	73.13	36	88	123	76	143.46	149	112	137.44	12	33	150	124	116.79	99	119	77	103																																																																																																																																																																																														
44	134.81	116	2	25	67	67.06	47	66	107	97	50.76	81	147	61.07	97	50	80	124	27.11	87	131	30	99	25.69	101	87	141.48	47	67	80	130	57.77	94	48	35	118	85.16	71	77	34.84	122	81	69	10	126.6	7	128	106	126																																																																																																																																																																																														
120	98.32	127	81	127	51	49.71	135	99	71	35	31.99	54	37	44.66	146	144	59	109	52.18	69	28	23	102	41	38	43	103.29	56	41	142	77	26.76	135	52	126	4	80.02	55	132	62.96	65	44	75	12	20.95	127	17	123	14																																																																																																																																																																																														
83	128.42	42	126	47	26	123.79	96	136	143	98	100.87	50	75	76.08	130	40	126	142	126.45	64	146	106	96	118.68	143	137	77.23	103	42	82	101	117.61	96	82	116	109	14.89	35	76	136.63	44	43	32	67	80.49	84	141	75	121																																																																																																																																																																																														
120	119.78	77	115	66	11	71.01	47	147	144	59	105.66	147	55	51.53	140	133	145	6	111.6	35	121	54	8	23.08	92	108	98.11	67	20	65	1	67.21	126	43	109	121	70.91	52	112	81.99	51	148	60	10	73.55	27	129	102	103																																																																																																																																																																																														
120	51.16	52	75	58	117	62.56	32	125	99	53	2.76	103	20	7.14	26	150	90	27	112.13	94	127	142	144	28.16	4	29	62.26	94	118	117	59	67.27	44	94	8	9	6.81	74	63	49.24	28	14	20	79	37.08	23	126	19	90																																																																																																																																																																																														
118	64.33	110	74	14	77	114.82	146	128	148	144	87.02	6	21	9.07	59	30	71	118	64.58	107	110	86	77	145.67	88	111	25.12	63	60	21	103	142.73	89	81	89	125	92.69	58	116	119.23	97	116	60	23	28.11	20	45	56	105																																																																																																																																																																																														
73	40.01	141	138	114	1	134.55	128	65	57	120	25.43	107	51	148.11	88	31	74	86	38.48	126	17	134	41	71.55	104	13	96.58	119	17	61	76	103	120	86	82	38	80.52	124	49	67.76	76	98	52	67	147.92	120	44	31	21																																																																																																																																																																																														
5	68.08	16	80	135	120	2.98	84	89	28	21	55.68	35	7	115.77	7	25	72	56	56.52	101	142	15	137	58.84	13	97	129.36	122	48	5	114	6.87	62	49	30	150	54.11	16	44	137.53	41	69	105	13	53.62	102	72	132	7																																																																																																																																																																																														
128	52.22	35	71	103	99	115.06	80	54	63	29	77.77	148	70	7.32	31	69	93	136	64.5	91	137	78	92	67.53	12	72	61.96	87	49	136	126	9.56	94	51	71	138	99.55	4	53	66.89	143	14	6	87	44.61	50	121	135	32																																																																																																																																																																																														
146	76.64	104	110	69	123	6.12	55	89	7	93	67.78	92	1	36.79	70	114	137	89	100.26	137	89	148	76	91.66	70	8	8.09	33	67	141	51	98	150	124	94	101	140.88	115	46	113.82	12	47	112	82	86.69	11	97	38	124																																																																																																																																																																																														
96	5.48	41	148	137	1	49.27	69	140	3	149	131.61	150	112	111.96	14	25	72	150	105.49	116	29	144	88	81.74	2	10	114.79	83	106	20	91	41.19	111	37	71	114	7.68	99	61	123	111	137	54	87	87.04	21	68	72	94																																																																																																																																																																																														
124	7.85	142	138	54	66	59.13	75	92	38	98	12.51	105	3	73.16	55	92	44	78	14.19	133	91	112	79	90.16	75	119	90.13	20	31	81	11	91.88	22	87	38	123	44.34	149	11	106.35	144	86	111	127	88.31	141	50	90	142																																																																																																																																																																																														
17	45.93	71	147	2	101	30.48	93	116	47	73	24.11	42	147	51.89	35	13	133	136	59.9	95	118	115	59	80.7	65	11	101.47	32	92	41	10	21.55	137	21	139	9	68.08	39	134	122.52	46	124	122	55	79.34	48	38	149	138																																																																																																																																																																																														
130	44.48	102	62	17	137	25.36	27	121	134	45	17.46	97	99	33.46	47	22	89	13	55.03	45	6	79	133	37.25	57	76	59.47	128	27	12	105	85.44	107	39	147	60	39.36	30	136	34.93	29	2	99	135	133.52	90	98	94	78																																																																																																																																																																																														
32	7.77	75	26	108	67	27.81	21	113	57	81	73.14	117	108	10.83	16	105	135	138	62.59	89	141	116	49	26.94	104	130	55.61	137	127	17	144	12.42	91	145	80	105	76.58	11	16	83.67	102	145	125	21	61.1	19	57	32	94																																																																																																																																																																																														
128	68.33	55	60	77	140	20.01	43	105	106	39	70.39	62	13	75.32	45	95	123	47	61.68	82	102	106	135	100.43	82	11	46.68	132	52	3	146	61.72	68	98	90	61	49.37	143	38	56.59	62	110	82	83	1.27	22	147	38	35																																																																																																																																																																																														
116	101.29	60	53	88	44	96.65	9	87	64	52	15.94	26	54	68.86	103	107	39	48	101.47	6	51	117	96	127.39	14	14	112.89	142	145	76	86	22.27	75	25	111	60	65.04	147	25	113.5	125	116	111	24	96.39	86	149	129	36																																																																																																																																																																																														
48	5.29	126	134	99	80	14.4	144	131	106	106	67.01	56	55	10.3	140	50	48	88	99.39	139	8	106	96	112.43	49	23	108.01	79	76	117	72	30.14	35	10	132	70	80.22	69	56	22.44	82	2	134	136	20.7	47	24	70	23	131	37	133	57.11	93	41	5	51	112.71	118	28	148	101	3.87	127	96	88	95	21.83	112	76	140	53	23.77	32	8	89	47	56.44	68	144	137	59	31.35	49	49	111	135	37.16	149	63	46	135	104.54	48	65	5	124	4.51	22	149	3	47	2.71	129	129	47	51	2.07	68	132	39	35	3.14	28	104	62	10	69.55	130	36	75	51	145.26	10	102	52	103	26.67	82	126	95	59	76.34	3	128	11	47	25.98	70	59	64	22	40.52	107	102	1	80	109.71	114	5	143	87	15.58	6	28	43	87	22.47	21	8	129	47	100.68	17	38	79	68	91.19	125	79	97	108	49.29	89	78	105	48	61.42	84	20	145	128	39.16	88	111	11	54	122.9	2	129	120	63	57.08	142	107	61	24	145.18	96	86	124	92	61.79	136	31	34	18	70.93	79	12	76	16	70	20	11	26	95	92.49	119	6	72	105	126.65	101	126	46	144	113.33	39	27	28	113	145.44	27	76	1	58	15.53	90