50 240
72	69	98	18	48	21	147.32	47	115	135	44	117.23	75	89	5.57	28	59	86	16	66.87	9	8	11	74	117.44	47	17	39.71	12	3	4	47	88.07	113	42	80	28	117.6	62	139	143.27	126	139	33	42	128.05	70	44	102	30																																																																																																																																																																																														
116	77.49	20	96	70	94	74.77	47	47	35	120	96.74	60	141	73.77	133	43	52	135	64.12	23	124	108	121	47.83	95	78	124.53	88	148	102	117	143.14	86	147	139	102	9.42	97	106	141.3	121	127	109	46	131.75	136	65	85	96																																																																																																																																																																																														
19	81.27	34	27	93	10	42.01	132	80	37	5	61.24	91	81	2.39	137	129	113	96	26.72	81	35	83	50	41.05	51	12	54.81	35	23	3	55	7.36	125	99	94	111	142.06	11	62	70.26	38	111	1	22	30.16	140	141	24	121																																																																																																																																																																																														
91	11.3	52	111	101	79	139.27	78	105	117	138	60.56	130	123	87.55	59	150	2	141	30.01	61	33	130	41	9.9	21	68	32.99	111	67	127	88	97.92	51	95	95	4	116.57	130	42	57.17	83	29	120	107	5.88	79	102	24	107																																																																																																																																																																																														
36	103.04	10	72	122	30	139.33	27	16	81	94	29.19	63	138	93.58	40	38	6	102	11.36	13	128	150	92	81.52	74	114	148.42	35	73	29	33	10.9	33	75	49	126	111.32	103	93	114.96	33	16	143	81	131.36	55	2	28	64																																																																																																																																																																																														
75	98.58	135	139	25	142	86.85	111	3	28	3	3.06	64	69	89.27	66	135	130	60	19.48	27	107	1	136	67.75	143	116	69.79	110	13	110	109	31.48	92	65	131	96	59.24	147	84	47.08	140	87	64	142	27.06	31	103	143	60																																																																																																																																																																																														
83	20.67	83	78	90	2	89.62	44	141	53	15	107.02	48	84	22.92	15	79	43	104	121.28	33	142	108	118	52.71	49	98	149.28	70	120	73	21	132.51	148	43	147	57	50.53	2	15	7.93	84	143	5	21	108.82	54	11	39	21																																																																																																																																																																																														
117	92.35	142	62	138	99	121.08	140	27	44	140	115.13	42	76	130.12	22	105	74	59	136.03	103	144	34	99	135.24	37	55	121.92	96	50	43	23	19.68	49	114	36	23	78.99	136	145	143.24	43	106	45	76	133.85	69	27	133	46																																																																																																																																																																																														
121	79.14	31	118	92	143	122.07	76	78	55	100	70.02	1	58	33.08	17	44	131	6	126.3	128	47	15	89	61.24	62	29	48.37	24	82	144	46	15.14	87	90	15	26	110.87	68	146	30.39	114	85	44	107	108.62	31	80	120	60																																																																																																																																																																																														
127	18.45	120	117	46	60	133.08	47	142	144	131	6.61	72	46	129.23	110	136	13	14	125.07	82	114	38	49	117.49	125	120	77.83	103	49	94	6	122.17	23	24	10	31	58.91	99	66	75.49	149	119	71	73	10.69	46	132	89	25																																																																																																																																																																																														
14	81.36	2	97	17	102	58.61	120	27	67	2	75.57	106	31	121.49	109	107	91	2	73.59	65	145	65	5	94.18	99	50	37.76	58	123	19	135	56.7	74	7	76	32	92.84	99	138	98.67	55	142	50	74	139.25	44	149	19	43																																																																																																																																																																																														
59	51.94	60	26	111	63	107.55	77	112	25	58	133.05	63	146	110.53	118	48	112	69	110.67	29	142	121	112	91.58	79	12	87.62	117	117	135	58	80.74	147	143	98	130	89.13	122	62	121.81	38	19	57	54	87.07	109	126	114	65																																																																																																																																																																																														
127	67.79	4	116	141	149	68.34	10	62	96	10	69.88	106	147	45.99	149	82	67	116	114.95	141	62	15	66	111.74	89	123	9.09	49	142	93	3	30.98	146	45	33	70	93.9	57	57	148.17	148	57	124	33	92.04	87	11	2	86																																																																																																																																																																																														
81	111.09	36	70	59	132	91.1	12	98	38	1	149.86	137	142	107.3	150	72	123	77	66.93	125	138	60	76	110.78	60	11	85.54	27	39	81	128	64.19	134	52	77	85	94.59	76	141	105.52	128	79	42	10	1.39	147	115	99	53																																																																																																																																																																																														
6	81.41	50	144	84	6	58.07	18	20	51	128	43.86	149	22	33.68	77	145	102	98	113.58	30	52	22	144	139.21	16	106	84.29	10	103	67	124	145.15	114	70	22	3	11.35	8	47	80.9	131	86	42	16	108.4	49	78	137	4																																																																																																																																																																																														
109	128.27	134	35	140	46	75.32	87	14	137	26	40	39	60	140.49	102	128	121	85	63.38	6	9	119	147	25.9	18	28	31.13	50	60	59	130	149.48	93	79	48	57	27.2	34	2	48.86	34	108	6	77	123.36	44	122	125	140																																																																																																																																																																																														
6	38.08	123	71	100	105	5.25	110	146	69	67	144.25	53	21	140.77	130	24	94	117	115.38	26	6	91	65	42.1	29	70	65.74	55	98	102	89	121.68	2	75	65	85	55.32	70	11	43.22	12	104	64	122	72.12	124	68	70	4																																																																																																																																																																																														
75	5.72	30	147	34	145	136.54	123	87	121	61	131.8	77	29	19.57	109	84	16	25	17.83	120	73	51	48	34.06	108	123	124.16	115	14	56	2	50.16	75	107	145	110	59.54	9	52	69.29	150	93	84	42	11.21	81	58	35	34																																																																																																																																																																																														
39	39.17	103	129	104	58	148.39	22	8	112	53	14.8	88	126	24.24	90	127	60	87	148.3	145	17	79	12	53.66	141	127	51.9	70	139	38	127	63.56	110	81	114	114	24.88	113	120	92.59	11	143	15	142	69.12	88	111	131	33																																																																																																																																																																																														
141	62.65	142	144	44	48	5.38	78	135	148	98	51.71	106	148	132.13	133	71	83	40	38.01	136	68	46	127	61.33	35	119	13.55	131	145	8	22	43.29	121	68	149	6	39.94	100	140	147.77	26	139	138	9	77.86	92	24	2	118																																																																																																																																																																																														
126	34.61	110	54	69	18	116.92	95	42	107	47	107.4	131	105	39.82	80	65	71	86	108.4	35	38	130	71	24.67	3	43	62.15	64	42	31	111	42.23	37	144	59	36	144.87	101	140	141.61	43	45	8	12	22.27	125	33	136	101																																																																																																																																																																																														
7	58.8	63	38	31	54	89.49	29	52	119	144	2.47	73	27	1.13	25	14	60	1	41.32	105	21	134	33	49.25	98	39	16	137	115	104	135	133.38	37	17	17	145	13.49	30	150	83.42	52	56	23	80	40.26	81	144	54	14																																																																																																																																																																																														
77	91.71	52	118	36	146	26.93	28	49	147	70	120.61	11	78	62.18	145	89	124	13	138.66	87	83	107	110	62.59	71	48	55.17	100	76	91	77	42.97	103	115	61	52	70.89	131	80	127.12	53	100	14	41	90.91	97	130	93	135																																																																																																																																																																																														
24	144.88	113	96	38	68	7.27	65	42	63	59	38.61	114	13	83.44	27	97	148	107	79.95	58	49	51	89	106.3	113	136	37.33	19	41	80	51	130.49	23	69	90	35	109.91	68	135	24.41	50	92	66	143	50.08	132	61	125	117																																																																																																																																																																																														
31	70.71	130	39	9	49	113.47	41	42	121	20	14.83	31	85	56.12	45	71	24	82	62.44	68	63	143	59	7.36	49	20	45.73	88	137	146	105	51.34	104	102	20	35	36.62	5	103	60.3	63	60	38	131	120.62	8	77	25	59																																																																																																																																																																																														
2	90.09	17	13	127	55	114.34	30	50	5	68	35.9	129	48	120.27	12	79	126	121	7.5	69	12	107	91	61.09	62	18	65.2	1	141	138	14	137.36	133	57	35	53	35.68	30	135	143.95	15	147	124	67	66.03	124	85	136	18																																																																																																																																																																																														
117	7.18	134	148	80	92	145.2	12	121	64	133	71.31	150	29	34.87	136	119	133	14	123.58	149	43	125	91	2.92	123	27	25.16	117	100	2	124	95.72	11	11	49	129	122.89	87	103	63.76	134	24	17	92	66.43	134	85	18	119																																																																																																																																																																																														
149	128.49	8	119	135	144	94.24	139	47	108	147	81.78	18	63	123.11	86	107	98	59	112.32	148	75	30	46	98.7	113	103	93.66	33	144	102	126	73.61	62	97	106	89	101.53	89	23	48.73	134	122	6	7	39.42	121	60	149	127																																																																																																																																																																																														
124	79.04	29	130	43	135	16.12	39	32	91	70	115.16	93	58	121.01	50	126	36	63	107.38	49	6	98	110	42.62	54	140	38.39	46	139	32	97	45.53	99	127	51	144	63.61	65	38	19.85	132	118	74	106	93.62	24	56	133	146																																																																																																																																																																																														
107	105.33	46	124	82	37	58.42	131	129	1	95	3.78	51	132	105.13	109	113	57	102	30.26	141	33	144	113	131.46	65	22	121.52	74	91	80	37	54.69	86	86	105	101	21.88	120	143	17.53	94	19	119	74	85.35	123	137	101	115																																																																																																																																																																																														
143	142.08	4	57	74	77	87.24	122	21	65	42	123.16	119	129	31.71	94	46	148	98	8.19	52	33	119	1	90.53	99	98	90.77	13	63	49	69	140.27	87	38	138	76	44.34	6	146	89.04	26	138	133	79	137.2	15	14	102	40																																																																																																																																																																																														
82	20.08	69	84	68	75	13.77	110	35	91	85	57.31	142	136	27.61	135	58	113	111	136.84	73	31	24	58	47.92	69	70	78.1	123	122	100	65	58.06	79	43	34	83	86.4	1	9	30.28	73	46	58	102	135.41	106	147	148	108																																																																																																																																																																																														
60	12.55	31	123	108	83	69.41	98	112	113	64	15.59	14	78	81.42	147	30	114	81	82.16	5	56	91	135	115.44	56	29	53.22	5	132	91	86	128.07	131	107	89	102	21.38	125	87	34.7	29	144	119	46	44.79	73	16	22	14																																																																																																																																																																																														
42	149.03	60	10	96	33	6.31	54	7	94	88	14.16	41	117	138.78	7	9	94	45	111.07	124	71	58	90	31.13	47	69	35.06	37	32	57	126	48.72	14	9	130	141	33.9	84	130	94.51	70	89	130	55	50.96	51	136	60	130																																																																																																																																																																																														
138	90.79	68	65	109	88	53.83	98	85	23	34	139.23	96	69	103.69	99	140	4	123	126.58	81	57	47	62	125.09	62	2	56.47	108	142	82	45	5.56	107	105	31	134	45.91	124	90	43.42	1	38	80	115	15.78	79	5	14	26																																																																																																																																																																																														
43	19.02	45	7	79	142	118.26	146	58	56	141	13.15	68	73	140.76	53	17	141	2	103.95	108	61	46	59	22.33	53	23	114.45	124	73	134	43	19.78	3	94	138	47	75.96	52	8	144.61	3	133	93	102	119.78	70	75	43	128																																																																																																																																																																																														
112	37.23	103	52	17	13	99.37	130	8	147	101	141.74	4	141	90.7	109	55	103	99	148.74	17	44	112	27	110.73	36	103	60.81	19	130	105	26	108.24	103	150	8	125	102.05	6	148	82.67	88	14	83	28	59.97	73	29	16	146																																																																																																																																																																																														
24	47.18	76	8	130	39	97.4	24	14	73	65	84.25	12	123	61.45	124	90	130	83	110.13	106	104	95	97	136.18	99	5	49.56	50	6	135	115	80.9	54	79	141	139	119.19	127	68	64.81	30	49	98	33	84.53	40	17	46	136																																																																																																																																																																																														
98	70.74	119	1	64	10	79.97	31	50	19	88	113.02	94	34	92.9	51	141	93	89	126.41	36	69	82	31	56.93	94	2	28.49	112	110	124	1	93.87	48	41	31	90	109.09	10	93	75.28	83	103	114	93	86.78	25	51	22	89																																																																																																																																																																																														
66	4.38	104	64	96	138	20.85	89	116	72	110	51.95	139	65	16.54	90	106	84	81	65.5	146	119	21	144	31.43	94	27	86.73	111	126	142	37	29.55	61	137	122	35	92.13	34	75	32.27	44	90	39	50	31.68	94	129	38	40																																																																																																																																																																																														
125	120.34	62	13	43	27	41.53	135	5	115	15	124.77	36	72	28.92	148	148	13	20	53.36	100	146	84	6	50.77	93	30	6.42	148	7	90	123	130.05	53	79	50	65	52.06	62	25	66.61	140	13	57	105	24.73	92	96	105	38																																																																																																																																																																																														
107	142.35	7	134	49	84	9.16	32	80	16	34	69.74	18	49	26.13	85	131	130	119	97.55	95	62	25	11	135.95	26	114	146.03	26	56	108	57	3.02	112	142	89	71	121.28	31	131	67.65	98	32	108	63	114.03	131	107	125	57																																																																																																																																																																																														
109	2.49	108	132	37	145	31.2	86	86	117	88	63.31	114	25	33.97	78	41	140	43	2.16	73	88	42	137	34.42	97	108	13.25	84	12	16	119	74.14	129	71	92	8	44.07	136	111	116.64	136	44	92	49	52.45	130	113	99	138																																																																																																																																																																																														
84	65.75	119	82	42	90	77.55	83	114	90	53	45.17	96	80	6.36	113	150	116	55	39.25	5	45	63	23	134.74	140	69	106.19	66	96	27	130	42.7	128	104	2	79	103.54	70	65	85.69	114	49	66	146	56.17	50	104	128	86																																																																																																																																																																																														
21	63.08	47	38	33	9	26.4	17	96	24	47	87.66	59	83	130.8	64	91	49	109	135.15	26	136	84	29	136.91	1	150	61.74	22	84	65	70	102.96	41	22	110	84	43.61	58	7	71.77	13	116	21	79	99.97	140	116	84	98																																																																																																																																																																																														
129	39.12	143	84	129	72	83.85	105	90	11	131	110.87	150	4	64.68	64	3	131	53	9.6	143	106	49	6	11.64	48	19	33.64	43	51	87	26	54.37	108	47	101	75	81.88	124	25	3.74	149	117	111	6	136.48	125	143	22	43																																																																																																																																																																																														
130	94.32	22	142	47	34	97.27	60	80	20	145	67.38	105	136	129.53	2	32	80	149	123.61	139	112	50	102	61.44	18	146	28.01	143	144	18	146	82.78	26	112	146	140	30.99	3	63	20.13	69	66	127	121	8.48	106	110	6	44																																																																																																																																																																																														
106	18.77	109	133	58	25	47.11	25	3	144	29	15.45	10	127	76.39	137	148	88	129	108.16	47	37	150	135	72.63	51	62	63.34	88	116	96	91	125.84	65	114	72	36	10.16	5	20	24.11	17	13	80	45	39.76	31	117	117	81																																																																																																																																																																																														
87	112.05	104	103	24	103	74.5	121	73	131	121	128.53	11	19	90.91	24	42	112	63	5.13	142	82	87	117	51.68	150	41	80.77	54	54	126	31	33.71	19	31	139	23	113.1	101	72	91.18	111	31	98	94	127.14	105	45	122	25																																																																																																																																																																																														
136	64.03	139	107	30	76	102.32	72	67	119	46	133.27	86	17	116.04	47	73	74	139	14.77	107	82	147	5	6.29	16	133	10.72	46	26	29	126	79.64	90	116	64	73	32.51	140	28	9.25	34	16	150	20	63	55	101	26	131																																																																																																																																																																																														
80	95.48	104	79	6	149	60.86	12	28	2	60	93.04	108	81	44.53	92	103	45	104	145.21	30	82	4	56	135.65	81	111	136.18	3	94	18	67	47.88	59	37	27	37	15.64	31	26	57.08	138	75	135	116	51.39	62	125	31	80																																																																																																																																																																																														
58	24.56	43	44	42	125	88.18	122	89	2	38	12.69	81	131	112.08	82	110	56	131	36.12	38	110	33	120	106.58	135	37	35.51	43	14	142	141	28.5	72	29	36	124	6.38	81	93	106.22	148	150	30	150	130.99	13	39	112	46																																																																																																																																																																																														
112	74.62	19	64	60	19	89.26	100	114	98	49	46.45	74	150	114.39	10	54	113	144	57.41	57	48	21	121	37.29	53	6	123.58	12	110	60	148	84.99	13	85	118	113	55.66	73	148	76.4	2	43	29	83	26.37	61	93	56	141																																																																																																																																																																																														
4	59.87	69	117	140	138	61.85	28	111	26	16	33.11	119	103	36.29	39	6	112	16	144.25	56	124	48	78	28.12	70	126	45.84	89	141	72	25	130.83	136	137	128	41	25.6	33	44	84.24	80	148	30	91	99.06	118	76	112	39																																																																																																																																																																																														
65	18.39	123	75	107	107	76	25	129	86	125	11.2	141	130	96.01	20	22	135	30	78.44	45	68	50	134	126.17	129	6	21.87	68	118	140	110	31.88	109	59	1	29	148.03	42	24	28.87	143	124	104	88	68.85	109	139	20	48																																																																																																																																																																																														
123	85.28	70	2	104	61	16.51	136	62	64	118	58.92	138	13	103.66	6	114	127	24	115.66	130	59	73	31	16.01	34	70	23.38	60	32	103	66	17.33	71	128	2	14	11.38	90	112	68.37	78	111	70	29	18.11	11	76	142	136																																																																																																																																																																																														
136	20.1	140	138	56	24	126.73	40	41	123	139	11.41	34	42	138.74	83	35	51	99	77.94	117	150	27	42	116.71	45	87	146.57	23	80	87	36	64.26	60	98	2	91	139.58	135	75	82.58	85	91	102	4	53.92	129	89	103	131																																																																																																																																																																																														
96	59.26	145	46	24	12	125.93	101	51	52	13	141.46	73	106	53.08	107	67	74	48	28.82	36	30	35	115	48.46	88	94	97.26	88	18	64	117	66.2	92	47	53	96	64.31	60	31	78.66	8	131	32	18	50.42	52	99	92	85																																																																																																																																																																																														
32	25.86	13	26	31	130	130.05	10	8	135	76	20.57	6	122	119.08	114	64	73	88	121.48	121	104	118	79	29.94	4	33	129.18	132	133	74	137	102.56	137	82	12	59	125.47	143	47	5.77	119	64	23	19	120.45	5	109	57	139																																																																																																																																																																																														
90	100.93	79	27	38	118	42.11	113	131	127	147	128.58	60	50	100.5	87	43	62	76	40.61	31	109	109	28	8.27	59	10	59.95	15	121	91	50	92.18	10	63	149	95	57.43	90	66	49.44	129	69	135	47	41.23	2	132	28	45																																																																																																																																																																																														
68	125.56	32	108	59	77	91.49	119	145	101	94	76.62	35	121	44.95	93	109	55	49	100.2	148	80	136	94	79.27	89	97	85.11	72	11	74	97	18.28	16	20	22	74	146.18	69	139	93	122	10	115	99	115.99	23	9	150	86																																																																																																																																																																																														
131	14.74	30	133	126	115	69.82	148	144	21	67	24.38	32	48	38.11	49	83	78	49	68	70	56	42	60	29.97	123	27	132.37	15	33	77	46	83.39	110	54	12	131	43.71	54	31	77.32	50	125	59	61	22.52	34	8	75	88																																																																																																																																																																																														
97	97.93	62	144	70	68	16.4	110	123	33	67	11.56	93	78	109.12	50	96	131	100	101.73	137	24	92	62	148.52	99	39	63.6	7	14	150	108	130.89	58	32	15	121	142.65	141	124	57.46	143	134	55	106	107.43	8	20	143	70																																																																																																																																																																																														
91	12.95	46	84	1	141	63.69	72	113	8	41	97.36	148	138	100.4	141	24	69	141	51.93	10	46	91	29	143.96	8	65	116.31	103	55	86	79	35.38	6	116	104	42	68.84	28	12	7.45	98	49	54	123	96.73	54	35	9	35																																																																																																																																																																																														
122	42.6	48	33	74	39	90.63	105	11	123	76	88.94	54	44	6.93	104	140	73	67	19.34	40	42	24	136	55.1	106	90	42.5	140	15	85	8	100.61	91	10	17	27	3.7	62	97	42.88	84	4	125	23	126.86	133	62	77	19																																																																																																																																																																																														
44	91.96	63	18	21	37	104.71	9	21	68	47	125.6	78	92	64.82	58	20	150	100	139.06	35	118	100	29	125.37	110	54	34.41	29	62	26	147	125.64	128	87	29	118	58.07	13	130	37.47	30	42	84	12	105.86	131	82	101	90																																																																																																																																																																																														
70	59.08	138	56	76	118	138.88	52	123	90	77	91.17	47	32	143.67	98	149	27	65	118.58	109	109	47	3	123.14	24	26	24.7	27	129	119	11	19.56	5	132	105	37	45.19	143	127	82.01	103	81	9	104	103.45	60	141	131	31																																																																																																																																																																																														
98	136.75	88	126	138	148	95.61	53	85	150	107	145.57	111	43	25.2	47	25	5	51	83.18	100	122	142	30	79.31	103	130	42.98	88	55	54	46	105.19	114	147	32	32	89.92	17	133	41.57	146	11	140	13	59.98	60	140	14	62																																																																																																																																																																																														
41	133.52	145	44	120	140	70.85	116	123	29	84	98.1	43	79	99.68	42	92	82	146	137.59	89	18	140	120	70.48	99	97	102.6	124	65	110	29	118.02	92	42	28	46	1.64	114	2	109.18	74	71	91	13	108.79	37	9	129	74																																																																																																																																																																																														
28	53.01	86	39	6	40	145.02	56	35	110	70	109.34	95	54	73.41	23	18	99	29	148.26	103	119	38	42	73.24	26	70	38.21	116	89	135	83	52.76	39	80	104	120	108.38	12	44	106.08	90	55	103	144	138.47	78	150	111	44																																																																																																																																																																																														
96	61.23	31	145	109	64	48.24	73	34	107	59	127.85	134	21	26.06	100	133	11	57	6.91	147	44	89	2	62.07	25	2	127.93	39	98	123	106	23.16	131	88	62	5	54.47	21	111	69.57	15	15	98	48	51.66	66	134	32	99																																																																																																																																																																																														
100	139.33	40	122	20	21	79.06	91	9	20	20	141.25	19	100	37.08	56	124	78	8	80.82	148	32	123	11	29.83	85	61	22.94	90	68	130	139	113.54	91	133	142	59	118.86	36	14	145.29	43	79	61	133	125.72	61	67	120	124																																																																																																																																																																																														
117	81.4	73	71	70	79	55.58	11	63	70	4	142.33	127	54	26.21	84	62	64	148	12.98	41	82	141	53	123.19	140	60	78.64	83	17	142	26	32.74	21	147	134	83	27.63	42	136	45.46	89	73	58	138	149.04	97	81	12	99																																																																																																																																																																																														
32	7.61	48	70	82	100	63.5	115	25	136	146	58.58	57	79	46.38	91	108	94	19	149.83	115	36	101	5	33.2	22	45	110.73	146	23	37	23	6.14	141	111	55	9	50.3	62	37	126.53	103	141	29	59	127.8	44	138	1	90																																																																																																																																																																																														
66	65.38	75	101	83	18	148.53	63	105	54	126	16.92	6	42	147.37	61	48	44	13	95.62	148	21	129	2	79.1	2	30	129.76	32	39	138	98	77.9	145	94	119	100	141.61	150	51	123.92	145	72	58	58	124.68	19	33	36	72																																																																																																																																																																																														
3	27.5	73	96	78	10	8.15	67	112	59	135	127.93	148	66	55.89	71	99	32	92	108.56	55	66	16	35	26.74	25	139	100.68	137	134	25	142	95.69	14	54	80	139	76.45	94	68	84.68	59	107	73	104	21.54	59	65	3	126																																																																																																																																																																																														
84	2.78	81	58	19	15	28.79	129	113	80	114	115.06	105	49	62.14	27	63	107	90	149.33	148	141	52	24	25.07	139	136	105.31	27	98	118	146	33.22	70	107	9	1	141.81	101	143	59.44	107	111	76	30	50.22	31	143	54	124																																																																																																																																																																																														
104	107.04	51	36	81	86	45.5	23	59	15	51	22.59	150	3	148.37	91	149	86	144	111.13	115	72	57	65	23.39	73	52	97.31	115	145	63	89	27.09	79	111	93	67	70.56	126	58	32.19	10	57	147	32	70.71	88	128	119	120																																																																																																																																																																																														
138	143.39	73	2	112	89	20.7	89	135	64	137	126.42	128	122	91.37	7	127	138	39	47.25	17	46	13	50	3.26	105	147	16.21	78	63	47	2	97.07	102	67	95	105	26.55	27	36	75.12	102	139	96	126	26.36	9	73	150	43																																																																																																																																																																																														
125	74.61	22	118	98	21	104.69	124	100	28	59	53.85	30	107	126.25	26	117	11	62	40.1	137	12	68	135	29.95	69	122	145.1	43	68	15	120	55.33	54	143	55	78	93.31	109	116	127.03	58	38	27	118	109.95	77	87	129	59																																																																																																																																																																																														
16	42.83	9	73	62	12	27.76	63	124	84	126	90.15	76	34	122.44	92	116	125	26	97.89	54	45	53	141	8.92	138	23	137.35	2	60	91	55	46.55	18	107	38	21	19.28	101	5	140.66	87	91	126	72	88.92	74	145	139	76																																																																																																																																																																																														
92	6.41	33	10	18	77	114.82	87	136	44	103	143.94	80	117	76.15	37	75	119	111	116.06	5	32	99	79	43.75	65	49	139.71	54	24	145	93	60.57	81	95	121	57	37.84	7	60	69.77	2	102	15	73	101.53	76	88	3	121																																																																																																																																																																																														
149	123.17	135	60	97	137	80.01	121	140	119	48	7.69	46	94	77.36	143	7	130	48	28.75	2	107	100	51	57.72	35	42	142.48	29	46	71	61	25.65	66	129	141	49	117.85	111	143	19.52	46	143	22	123	31.51	32	61	31	105																																																																																																																																																																																														
105	133.2	6	150	116	149	105.76	91	70	123	117	102.02	135	61	12.7	65	14	23	36	42.77	51	72	123	147	72.98	46	23	28.63	130	40	130	114	143.55	88	23	89	114	71.12	37	82	82.52	121	93	97	70	7.12	9	47	32	12																																																																																																																																																																																														
84	135.99	96	40	65	127	81.67	24	111	60	40	122.26	3	119	51.51	76	134	80	76	100.87	67	20	90	94	66.21	123	131	88.08	66	127	146	141	74.99	25	94	38	116	104.51	70	4	110.57	2	87	108	96	67.74	122	7	87	53																																																																																																																																																																																														
146	33.55	59	103	4	94	147.98	130	31	66	46	63.4	86	91	136.15	93	82	88	86	9.3	25	37	149	142	9.8	6	51	6.77	149	93	30	89	106.71	85	101	55	14	141.36	41	107	2.95	46	146	114	43	89.74	131	108	129	89																																																																																																																																																																																														
121	3.84	103	130	65	70	69.43	149	7	30	40	69.44	44	9	94.89	26	110	25	123	28.07	129	88	108	49	45.57	130	76	28.47	68	55	105	13	96.92	83	72	47	118	147.93	6	88	131.27	5	17	85	38	10.03	73	14	98	120																																																																																																																																																																																														
128	86.31	65	18	45	114	35.8	44	7	136	134	2.59	106	95	52.03	79	148	133	59	130.3	112	98	92	93	122.81	32	26	66.76	148	58	92	105	139.78	113	52	18	90	14.58	112	113	54.43	98	40	134	55	73.05	142	144	109	102																																																																																																																																																																																														
57	31.46	83	138	59	112	96.59	143	3	44	18	62.9	44	120	29.58	92	139	77	87	126.55	119	60	2	38	129.17	64	57	4.64	129	118	20	109	80.02	60	7	149	15	122.5	128	74	51.51	51	37	51	141	115.61	94	111	10	3																																																																																																																																																																																														
17	124.59	79	49	123	36	103.12	107	23	133	133	80.16	150	12	64.2	91	133	104	88	99.18	86	127	135	141	143.75	128	48	121.78	50	122	52	30	11.2	25	138	96	22	57.84	149	68	20.32	44	68	143	64	94.63	57	5	35	120																																																																																																																																																																																														
102	41.35	102	118	123	24	25.08	24	76	53	46	119.31	40	27	42.49	93	10	97	103	107.93	47	144	124	8	104	10	72	140.45	134	150	56	4	141.98	137	34	3	69	3.88	150	47	73.72	75	11	39	20	75.7	114	10	72	147																																																																																																																																																																																														
123	14.65	44	102	29	59	12.78	145	96	136	119	141.14	35	111	40.6	72	130	69	135	101.65	129	56	140	14	89.22	123	11	73.81	4	65	100	145	119.35	142	23	104	110	43.75	12	116	119.9	46	137	19	40	12.53	39	44	128	106																																																																																																																																																																																														
37	49.23	21	86	20	14	10.47	19	135	9	5	134.12	58	96	137.46	129	13	13	7	75.57	102	38	45	88	117.56	103	3	144.85	117	41	63	114	1.28	81	34	11	33	109.92	65	104	70.27	119	71	71	113	25.84	7	92	117	105																																																																																																																																																																																														
118	92.3	36	44	139	1	91.71	24	77	37	142	22.94	76	75	122.24	54	110	150	8	6.24	119	128	48	10	111.28	62	99	127.58	114	138	52	148	143.07	28	36	62	51	54.48	115	121	41.35	73	11	147	8	70.72	28	17	103	8																																																																																																																																																																																														
79	23.4	37	15	41	46	9.25	95	77	104	60	29.15	134	20	19.81	23	18	71	78	109.32	128	35	104	44	18.02	121	77	79.01	48	14	64	125	109.06	13	58	132	14	63.87	4	14	74.04	65	91	10	95	66.33	147	119	83	123																																																																																																																																																																																														
114	130.1	145	123	131	113	95.44	116	82	30	99	49.77	33	88	46.45	69	1	87	43	81.6	137	64	74	57	111.8	124	140	10.27	146	88	91	139	105.11	101	103	48	9	15.37	121	15	5.96	34	31	125	30	80.11	49	110	20	57																																																																																																																																																																																														
78	126.92	50	74	142	149	33.97	138	3	135	61	18.89	84	144	104.92	48	113	113	85	126.43	41	115	120	86	7.12	55	124	125.95	83	138	5	26	61.6	96	59	38	18	12.19	103	41	140.73	78	79	43	44	124.88	113	21	40	25																																																																																																																																																																																														
148	69.38	115	115	90	102	4.44	102	28	102	1	20	87	130	80.39	148	102	132	31	36.36	58	123	51	100	13.53	17	135	35.66	9	27	10	54	84.56	107	146	141	144	17.72	103	125	41.29	21	72	116	130	11.76	51	56	44	50																																																																																																																																																																																														
42	40.44	76	59	110	49	78.45	32	119	115	10	52.49	137	104	83.07	100	12	27	127	96.59	71	59	43	54	114.15	29	22	130.08	5	25	67	66	137.62	136	39	9	118	25.25	145	19	6.4	58	5	149	114	106.29	13	47	89	106																																																																																																																																																																																														
67	59.44	97	99	40	87	46.04	111	140	5	22	28.87	105	137	20.23	37	67	25	149	64.83	19	28	124	111	25.53	64	108	50.14	104	42	69	137	86.47	55	84	57	107	52.17	55	50	131.54	77	85	117	43	8.97	73	120	1	72																																																																																																																																																																																														
141	8.43	66	44	124	52	13.8	128	92	75	115	42.68	10	4	118.4	64	4	65	46	13.16	103	130	118	52	21.03	56	113	125.63	47	113	38	17	144.25	55	8	99	137	10.18	26	18	50.92	135	105	18	76	23.32	65	108	7	91																																																																																																																																																																																														
22	51.81	41	23	87	36	26.93	35	101	143	92	14.19	41	57	63.46	104	42	54	92	96.29	135	132	139	18	144.59	130	115	136.25	107	7	44	113	71.21	27	76	18	68	7.18	4	89	57.86	30	69	122	6	2.21	37	7	126	20																																																																																																																																																																																														
115	99.82	25	110	18	31	130.03	135	63	15	38	2.68	105	53	60.49	34	66	60	146	120.88	146	69	66	30	89.16	24	130	131.96	90	15	104	146	14.91	35	104	142	113	46.41	58	80	129.1	95	138	92	44	145.94	150	113	29	81																																																																																																																																																																																														
83	52.77	123	6	120	43	104.04	116	36	139	121	94.82	32	28	68.1	90	147	122	127	94.73	24	108	134	51	136.63	19	1	62.68	112	73	109	53	63.52	128	30	50	63	55.82	31	79	40.87	49	26	56	47	104.53	82	41	68	73																																																																																																																																																																																														
126	125.22	37	66	21	69	1.85	121	143	90	59	60.88	47	44	50.52	60	51	51	132	9.78	16	123	14	62	131.99	105	37	119.32	64	42	127	143	103.62	138	77	9	20	92.56	17	83	33.97	148	11	109	125	123.94	69	45	135	39																																																																																																																																																																																														
16	84.63	20	93	142	16	126.91	27	117	57	64	6.52	2	88	119.95	14	104	134	93	12.37	68	55	122	80	81.11	10	80	35.91	51	79	26	129	117.8	115	115	57	12	90.5	137	4	146.42	53	28	130	122	147.34	88	113	135	15																																																																																																																																																																																														
60	35.95	10	54	41	92	29.67	39	90	22	91	63.99	77	44	143.8	101	32	94	29	59.3	107	34	96	135	84.65	96	147	120.81	143	49	89	50	65.3	135	52	58	24	101.34	28	59	7	125	132	12	17	63.64	49	141	63	123																																																																																																																																																																																														
32	52.35	59	39	88	52	26.08	13	39	150	31	142.65	108	115	131.91	128	72	81	105	130.33	135	41	32	109	69.45	140	96	8	37	92	72	91	117.55	91	115	96	14	70.02	62	97	110.3	70	128	140	95	84.16	70	114	27	12																																																																																																																																																																																														
130	75.55	140	117	71	18	27.93	62	39	70	105	52.78	6	22	84.05	69	57	113	21	61.42	137	13	40	52	65.79	120	24	136.97	56	93	49	25	39.63	68	32	32	66	18.88	106	27	49.05	124	137	12	2	148.88	109	66	105	48																																																																																																																																																																																														
72	93.37	149	60	70	57	14.47	61	41	123	45	111.2	125	63	62.75	150	14	21	141	40.52	67	105	109	116	77.07	111	82	145.92	35	7	38	115	51.11	89	67	129	51	107.76	18	118	59.58	123	2	78	84	108.5	56	102	139	5																																																																																																																																																																																														
117	62.68	40	44	8	2	38.1	112	145	74	147	100.05	136	5	71.67	136	72	88	60	114.36	52	68	125	54	76.41	99	71	102.18	100	38	22	89	132.33	20	13	39	127	143.34	4	140	101.88	93	17	117	126	107.85	104	70	97	145																																																																																																																																																																																														
134	41.29	51	95	81	60	89.76	34	42	123	9	56.05	13	109	67.78	18	75	90	100	138.83	25	72	109	146	109.65	2	51	95.07	109	74	12	145	139.25	145	123	50	113	110.37	84	29	89.28	54	31	59	24	83.42	110	67	23	80																																																																																																																																																																																														
27	131.6	61	144	66	1	113.82	146	75	58	145	37.33	102	110	135.09	68	144	33	5	54.81	38	81	142	65	121.24	40	109	5.21	92	32	111	74	19.7	60	129	104	56	106.89	33	115	86.9	138	85	148	57	101.2	141	77	7	53																																																																																																																																																																																														
27	96.35	1	127	81	97	131.48	121	21	119	80	73.94	96	8	9	77	6	120	32	50.76	110	53	40	29	128.75	33	138	142.83	146	92	64	63	3.14	97	14	43	143	30.99	134	124	132.28	58	96	29	99	139	117	73	61	42																																																																																																																																																																																														
74	1.29	77	90	116	33	91.4	28	83	34	33	63.54	132	45	144.28	10	81	61	88	128.4	87	150	86	149	60.72	73	40	99.44	114	69	127	78	119.13	53	63	65	87	67.35	31	77	74.16	77	21	36	5	81.78	127	20	59	41																																																																																																																																																																																														
140	33.4	107	90	90	135	75.2	126	43	104	105	105.15	80	70	130.11	36	146	61	81	3.69	112	107	59	3	70.57	23	135	29.41	38	54	73	99	28.04	129	137	37	98	71.05	91	118	117.33	95	78	73	117	28.05	124	122	59	97																																																																																																																																																																																														
114	130.54	67	65	122	37	117.93	31	7	3	114	103.53	65	99	145.25	106	147	131	73	7.38	106	103	13	150	27.4	118	130	47.01	126	76	94	126	149.56	82	60	12	67	17.62	30	50	70.41	97	92	130	120	125.31	49	6	74	101																																																																																																																																																																																														
61	35.01	51	138	127	117	119.9	133	90	32	60	3.21	110	146	95.87	120	134	70	40	104.87	33	85	110	67	70.77	32	91	84.53	32	10	119	114	126.14	55	23	115	43	141.55	61	92	73.44	108	24	112	96	95.18	22	86	44	74																																																																																																																																																																																														
94	104.59	20	25	55	130	76.07	138	43	3	5	142.26	82	36	44.95	62	3	148	130	130.1	148	59	111	118	50.74	16	64	63.63	64	17	31	31	7.71	140	116	3	41	32.19	136	4	61.02	124	129	122	79	86.37	66	16	35	122																																																																																																																																																																																														
108	28.22	6	56	40	99	7.29	46	68	97	26	63.43	98	63	102.76	121	102	70	126	120.27	2	42	11	118	147.98	9	59	44.81	77	23	72	144	100.86	97	59	91	106	128.87	41	79	115.51	109	69	105	12	21.51	98	138	67	2																																																																																																																																																																																														
69	80.72	56	144	72	131	78.82	22	64	11	52	49.94	71	143	20.62	87	98	109	114	33.59	119	35	70	14	1.84	73	95	17.38	35	1	85	84	122.37	105	33	26	38	30.59	89	75	44.88	13	25	82	44	108.1	68	82	87	41																																																																																																																																																																																														
34	38.75	130	60	104	32	115.1	102	147	79	81	115.51	4	116	25.21	83	142	80	146	109.06	10	107	87	97	7.69	84	112	1.7	50	38	115	126	125.95	69	50	21	56	132.35	73	98	16.46	131	143	80	100	128.05	51	74	31	9																																																																																																																																																																																														
42	16.86	93	70	127	61	75.5	94	107	141	71	132.81	97	134	32.94	23	97	109	21	24.96	5	38	73	137	23.15	72	89	58.46	113	79	71	1	4.06	80	50	65	81	7.48	119	33	65.27	105	114	53	85	25.84	44	102	94	47																																																																																																																																																																																														
144	16.84	38	126	57	45	91	131	75	63	4	99.88	10	129	1.07	104	113	14	48	65.32	145	150	23	92	12.87	30	19	104.26	25	88	55	56	53.07	114	149	84	123	121.39	66	50	109.37	62	110	26	132	26.77	28	92	91	99																																																																																																																																																																																														
63	79.26	79	30	106	43	84.8	9	81	93	83	128.39	54	4	18.55	123	99	88	84	60.77	150	87	14	93	64.39	95	127	97.6	31	122	30	52	66.3	133	66	47	71	69.53	98	12	84.13	111	119	47	115	69.32	113	69	21	149																																																																																																																																																																																														
139	142.4	126	34	100	118	104.29	49	65	139	14	94.93	39	93	21.7	57	127	121	79	107.28	129	2	149	36	48.68	66	51	106.26	42	85	70	80	12.3	69	49	71	120	48.21	94	39	8.28	94	18	40	10	95.96	73	37	132	51																																																																																																																																																																																														
48	65.35	119	49	107	38	145.81	70	39	64	31	91.17	59	144	133.55	69	94	111	117	88.27	114	45	122	1	112.02	127	75	103.71	126	59	125	86	141.9	54	71	141	91	101.74	62	146	68.85	77	149	94	30	122.15	80	122	63	136																																																																																																																																																																																														
11	52.85	37	142	127	120	119.63	128	63	116	104	24.47	48	47	79.12	33	41	93	61	120.62	91	135	56	26	67.56	13	96	17.1	57	7	138	25	10.71	95	135	13	12	40.02	29	32	101.09	41	29	71	146	7.61	67	121	12	32																																																																																																																																																																																														
66	148.42	38	92	147	73	70.64	120	108	29	100	18.16	84	73	112.65	56	139	73	76	37	85	76	54	114	138.11	22	73	87.34	146	142	68	148	30.08	21	45	132	140	48.5	83	103	40.09	147	144	150	5	17.54	39	134	93	96																																																																																																																																																																																														
118	118.51	132	140	20	104	2.91	29	90	94	140	149.28	7	48	118.43	75	47	30	129	29.91	142	77	49	84	129.97	23	128	82.18	92	50	23	62	62.97	60	67	21	145	10.93	72	141	107.52	103	85	73	86	40.61	14	120	2	124																																																																																																																																																																																														
105	30.21	129	3	106	92	116.79	141	14	94	51	126.31	74	150	138.86	85	35	1	42	94.03	56	118	97	124	21.19	92	81	49.44	147	105	123	113	7.62	56	93	143	16	57.76	29	14	148.27	96	101	9	12	141.07	24	97	69	60																																																																																																																																																																																														
44	93.45	28	109	72	76	34.8	97	120	121	116	75.03	54	104	58.37	75	134	76	124	56.89	35	74	41	81	148.3	4	17	147.91	44	146	18	82	1.17	95	119	52	149	136.28	65	149	125.43	29	26	79	136	123.37	129	2	28	113																																																																																																																																																																																														
48	101.4	85	73	33	142	97.68	89	36	118	75	107.31	149	48	9.57	138	89	45	28	64.83	135	105	54	1	86.13	16	106	34.32	38	142	27	108	36.86	28	3	4	93	1.9	14	132	40.07	39	21	145	67	60.24	119	69	61	94																																																																																																																																																																																														
92	11.74	1	83	81	44	71.99	50	58	137	88	30.74	79	127	114	97	108	73	69	20.06	138	107	114	117	44.54	61	25	86.48	66	59	130	141	119.61	13	41	27	15	16.45	139	19	88.93	42	103	77	52	119.77	46	107	13	133																																																																																																																																																																																														
45	110.92	150	83	22	97	57.18	76	116	136	8	66.97	127	93	128.47	50	100	150	45	72.12	44	28	63	75	4.39	27	41	9.32	97	91	78	122	101.51	99	42	148	138	25.89	59	131	35.61	1	135	42	18	47.07	78	81	89	126																																																																																																																																																																																														
141	125.52	120	9	75	76	71.71	1	105	11	128	139.86	88	138	42.95	63	17	6	107	20.37	56	113	29	29	35.23	17	66	34.48	149	61	67	84	112.11	85	98	25	38	36.15	82	118	49.81	76	1	61	30	127.64	148	8	54	103																																																																																																																																																																																														
37	104.29	50	38	73	105	58.73	66	65	98	1	21.24	30	46	52.25	77	50	62	64	101.8	137	150	137	31	123.73	15	17	74.59	128	148	39	120	126.13	37	51	27	66	53.55	130	9	92.49	31	20	85	77	101.95	44	82	141	78																																																																																																																																																																																														
115	24.27	55	46	15	31	120.06	41	7	120	57	99.5	40	72	18.14	65	84	128	58	6.91	7	127	86	118	29.18	137	14	116.26	80	16	78	114	144.91	41	87	49	37	108.14	23	69	30.83	132	125	124	44	24.94	70	106	94	1																																																																																																																																																																																														
68	86.99	40	9	81	42	23.71	45	105	139	125	148.82	126	31	25.85	140	9	100	136	113.57	118	104	125	62	129.45	122	60	107.96	88	23	91	74	110.84	48	52	15	71	59.16	122	90	60.43	81	125	109	129	5.98	27	113	125	116																																																																																																																																																																																														
98	8.73	124	121	50	46	12.49	99	117	51	88	80.03	9	76	74.03	65	31	86	9	142.17	105	6	111	42	50.02	130	137	111.05	119	2	148	70	140.46	61	95	25	123	93.28	95	75	102.86	72	106	12	61	110.34	46	93	109	51																																																																																																																																																																																														
133	120.68	126	93	76	123	88.56	76	69	15	66	133.01	52	50	22.56	94	80	145	16	33.97	13	62	109	76	32.92	57	148	45.49	46	78	146	50	110.3	27	71	53	123	61.59	3	16	38.94	106	22	99	98	55.05	130	143	36	78																																																																																																																																																																																														
116	49.06	34	6	57	87	59.96	17	84	74	89	21.79	108	26	63.71	76	49	102	2	81.84	111	53	27	124	117.28	56	124	64.53	127	48	144	5	81.34	134	108	145	119	95.75	98	36	110.7	57	33	80	88	6.56	74	107	48	129																																																																																																																																																																																														
125	87.37	11	116	123	42	56.42	115	115	1	34	103.15	73	87	38.19	117	129	17	38	63.15	54	46	111	139	120.16	65	26	80.06	53	148	29	136	63.89	4	7	33	128	105.38	33	127	59.47	94	85	25	18	26.59	40	88	57	113																																																																																																																																																																																														
94	139.41	93	123	60	51	52.18	125	134	83	9	34.03	38	85	57.7	142	19	55	61	42.25	32	116	96	149	64.31	113	113	36.73	28	126	2	8	52.55	77	37	62	64	111.53	92	118	27.07	91	149	80	127	131.81	23	73	97	53																																																																																																																																																																																														
125	57.85	125	11	41	17	36.01	77	97	44	126	87.94	30	36	58.67	41	2	115	117	124.2	90	56	34	45	4.72	120	103	106.17	134	40	34	143	58.97	93	106	4	67	45.29	53	23	128.22	45	81	150	66	16.53	68	54	131	124																																																																																																																																																																																														
36	132.63	49	132	97	7	21.57	33	128	132	118	90.95	139	51	130.86	8	141	124	18	28.19	98	82	97	38	57.27	128	144	27.43	12	48	63	89	58.42	54	35	111	108	84.13	128	16	15.63	6	134	60	91	86.93	102	53	67	96																																																																																																																																																																																														
51	74.81	65	93	139	57	17.34	45	131	118	150	141.65	62	112	133.48	58	120	131	32	60.86	20	135	145	110	54.79	107	15	107.31	121	97	143	122	40.82	33	108	63	37	84.27	101	140	17.33	34	21	27	49	117.9	87	141	102	67																																																																																																																																																																																														
128	57.88	59	58	11	50	17.19	51	91	126	131	10.31	12	143	23.21	53	148	135	35	6.92	122	83	7	36	105.37	87	116	118.52	96	125	26	42	70.14	28	106	84	108	11.7	53	121	93.94	23	18	104	84	128.77	51	64	99	106																																																																																																																																																																																														
19	10.05	46	132	98	73	59.37	56	150	81	34	138.34	18	13	109.38	115	52	44	141	72.58	147	79	127	89	26.99	148	121	46.06	81	130	128	79	97.73	86	126	54	136	141.21	108	141	5.52	140	103	83	132	15.97	140	23	67	97																																																																																																																																																																																														
31	102.18	88	101	38	145	102.92	109	84	68	98	48.59	8	99	81.51	24	100	101	31	30	33	85	93	76	75.51	106	2	70.06	75	89	130	87	121.13	64	88	76	88	20.47	37	104	68.67	74	97	27	108	16.07	3	148	47	57																																																																																																																																																																																														
55	94.97	56	107	100	133	108.43	61	64	95	64	143.94	125	82	137.67	102	59	90	45	119.84	92	121	89	88	54.53	4	40	107.04	30	140	108	141	112.52	11	2	75	11	56.68	84	85	10.26	8	83	110	27	13.93	39	47	7	34																																																																																																																																																																																														
135	119.13	28	138	37	138	25.33	63	15	109	7	54.3	114	91	89.11	102	124	30	13	76.22	11	116	142	12	33.42	102	63	102.39	71	53	73	55	125	141	90	141	96	105.54	71	42	141.89	88	83	52	53	124.35	99	24	43	52																																																																																																																																																																																														
4	29.43	11	139	117	54	37.2	41	136	55	63	69.63	4	92	128.22	1	112	122	5	48.73	86	42	80	102	58.14	53	32	80.91	111	75	65	37	58.6	52	26	4	126	47.5	105	95	42.11	70	103	13	24	96.07	42	37	48	116																																																																																																																																																																																														
54	44.06	127	81	38	117	118.38	115	86	124	140	31.9	12	4	142.99	33	145	149	62	103.25	54	129	80	130	18.25	5	68	29.16	14	110	109	56	93.05	98	2	13	19	129.54	128	73	18.36	77	107	136	123	29.3	41	139	94	105																																																																																																																																																																																														
53	100.92	15	12	25	51	69.47	33	122	70	68	64.74	76	132	33.38	36	28	102	116	109.66	26	104	137	21	12.1	115	135	143	85	125	17	92	30.63	79	80	78	110	97.22	93	142	113.13	107	107	148	94	104.11	55	103	48	132																																																																																																																																																																																														
41	79.81	130	4	126	76	76.78	6	60	13	41	143.15	61	29	111.27	53	149	51	93	35.91	38	105	69	19	44.46	129	64	58.92	146	7	85	46	23.99	112	1	89	131	125.65	44	96	123.51	79	26	51	107	136.06	106	45	3	27																																																																																																																																																																																														
36	134.18	58	48	33	52	58.99	102	1	21	83	125.55	12	29	28.24	92	6	116	139	12.38	49	71	85	143	147.87	114	126	124.17	58	52	24	104	147.78	138	75	7	139	32.56	76	65	126.52	7	15	11	54	33.03	12	70	107	111																																																																																																																																																																																														
124	61.05	132	56	57	101	3.07	86	80	99	11	66.54	5	144	5.03	141	131	10	58	106.74	92	70	48	17	46.65	106	150	75.33	42	58	70	143	50.02	95	24	90	150	19.91	70	18	35.97	13	63	99	135	104.91	38	148	89	104																																																																																																																																																																																														
144	89.12	42	121	106	46	6.04	38	83	32	88	118.71	1	13	2.66	60	80	136	38	149.56	75	125	92	7	5.23	128	105	1.88	76	97	144	68	32.94	125	52	29	66	78.2	130	104	15.72	43	34	24	42	61.86	144	8	78	75																																																																																																																																																																																														
143	89	44	78	122	63	29.01	99	9	106	54	69.42	18	73	90.74	86	148	47	3	29.47	89	124	87	100	142.52	82	98	109.6	20	78	55	121	112.94	139	90	64	71	72.08	11	100	101.39	14	126	41	59	61.44	63	1	8	106																																																																																																																																																																																														
119	38.08	125	10	56	71	72.86	45	74	27	99	98.36	73	85	17.01	54	66	149	60	80.47	125	2	60	52	95.73	104	86	44.47	43	68	57	16	59.29	127	61	30	67	99.31	87	32	71.92	137	88	63	107	7.6	58	93	61	87																																																																																																																																																																																														
83	115.99	127	63	31	14	25.31	86	147	109	119	57.31	121	90	21.4	111	148	94	52	10.88	10	68	12	23	71.21	32	131	119.92	63	25	4	61	67.58	10	92	46	119	86.97	74	77	36.83	62	15	21	137	143.51	104	76	135	43																																																																																																																																																																																														
147	62.59	67	70	102	32	53.85	139	99	97	101	14.27	73	113	132.27	20	102	54	52	117.79	57	84	150	67	98.64	137	144	133.53	123	27	121	80	62.19	41	6	49	28	113.27	90	68	72.03	71	142	75	112	55.27	84	131	97	65																																																																																																																																																																																														
12	97.15	21	45	91	79	105.06	29	70	95	30	113.67	109	3	25.23	90	59	118	102	4.61	91	40	27	35	47.47	94	61	135.51	53	108	148	142	74.84	60	109	26	72	23.37	64	66	110.41	26	105	141	104	17.16	110	64	77	7																																																																																																																																																																																														
86	72.25	120	133	87	43	58.29	125	25	77	136	6.57	104	146	94.06	53	13	42	105	28.35	115	128	83	116	49.65	65	126	94.68	104	124	98	82	36.81	35	51	150	99	108.9	91	81	85.83	110	67	112	103	133.93	108	64	108	141																																																																																																																																																																																														
99	36.99	59	141	40	116	140.88	72	62	147	6	134.96	109	68	59.13	63	138	19	91	10.58	78	144	21	47	107.22	48	125	77.36	122	7	61	45	8.23	111	136	100	45	28.97	60	22	68.64	106	123	99	7	49.98	90	31	143	144																																																																																																																																																																																														
34	126.85	63	22	104	96	84.57	134	101	76	38	102.9	65	16	62.29	143	52	139	60	41.21	39	110	97	73	130.01	38	20	27.13	114	143	13	83	106.08	103	145	140	102	69.55	1	118	108.15	34	74	72	91	143.96	35	11	23	45																																																																																																																																																																																														
102	23.91	18	67	115	135	104.53	7	11	115	39	15.9	24	81	43.65	149	145	35	109	52.45	80	127	41	66	79.45	109	68	98.08	23	96	97	121	16.61	62	141	20	63	76.99	116	116	66.03	49	63	124	57	28.89	30	21	29	70																																																																																																																																																																																														
6	143.46	92	20	134	31	66.98	28	148	37	138	114.06	41	73	41.03	110	127	28	112	136.96	124	129	124	43	143.3	96	92	70.05	37	140	115	141	2.62	32	87	120	8	44.75	35	68	17.75	28	66	138	106	56.67	134	55	9	95																																																																																																																																																																																														
110	71.27	134	2	89	74	106.39	41	116	85	104	21.35	59	63	144.17	131	124	32	145	12.76	42	136	14	70	124.02	122	36	42.17	84	82	141	23	144.69	53	65	73	19	78.23	14	132	102.09	27	91	44	59	112.93	55	115	45	99																																																																																																																																																																																														
94	42.95	42	32	129	142	142.44	123	21	36	15	73.96	136	21	19.86	28	118	58	42	3.2	37	74	27	33	20.13	48	40	2.87	28	17	76	95	135.81	90	16	2	144	126.13	76	56	121.1	16	33	12	4	18.4	24	61	88	70																																																																																																																																																																																														
1	39.6	61	84	111	47	145.2	91	1	6	28	99.01	46	94	112.03	29	141	20	98	127.42	68	141	91	12	24.14	129	17	21.78	87	107	99	2	133.19	114	50	93	19	82.44	142	49	36.71	129	3	142	134	67.97	121	142	100	139																																																																																																																																																																																														
109	85.15	24	136	68	84	64.21	26	58	72	119	64.08	106	98	117.25	124	119	122	29	145.34	68	50	67	85	16.6	125	34	72.48	73	90	7	49	76.59	119	95	33	141	146.2	81	59	133.28	85	114	29	140	21.49	100	28	54	54																																																																																																																																																																																														
37	21.85	107	116	90	107	30.92	105	12	93	98	94.97	150	122	48.24	77	101	90	148	24.32	139	86	83	91	51.77	131	137	128.31	81	27	93	90	94.77	68	47	115	25	4.61	113	21	108.88	135	42	127	84	9.61	144	88	26	34																																																																																																																																																																																														
61	15.23	86	81	29	38	134.12	109	115	79	102	120.4	97	18	43.49	102	133	44	11	21.8	2	138	43	40	68.33	147	106	60.1	24	97	136	42	142.1	34	112	132	92	16.73	60	109	41.23	24	101	103	140	122.25	137	109	115	138																																																																																																																																																																																														
146	66.89	90	123	32	44	44.4	54	29	91	121	41.78	150	71	137.69	104	95	123	14	97.45	69	85	47	38	87.1	47	63	37.84	33	90	108	23	69.07	60	51	96	122	19.86	150	124	91.43	84	139	40	135	62.16	148	55	76	2																																																																																																																																																																																														
106	122.07	92	48	140	95	39.28	53	120	131	32	44.36	107	91	112.26	119	59	14	92	77.46	78	82	10	149	20.38	53	28	12.88	25	34	100	141	56.02	125	81	40	37	40.29	105	31	108.53	24	47	125	144	82.58	145	137	33	11																																																																																																																																																																																														
82	119.48	16	118	122	67	25.56	112	3	144	102	27.8	147	25	90.1	43	38	118	139	40.7	143	42	62	94	137.15	11	72	82.91	59	5	13	42	19.14	6	74	50	92	135.04	61	140	64.14	14	7	145	44	102.53	71	82	39	46																																																																																																																																																																																														
19	88.67	117	16	59	13	4.46	36	122	54	123	71.64	46	46	42.04	76	136	49	15	64.12	1	40	3	127	45.67	41	79	121.47	75	28	9	140	66.93	136	62	144	69	20.85	65	69	48.94	132	136	138	114	34.65	87	77	140	112																																																																																																																																																																																														
122	50.13	119	1	25	47	31.03	85	58	63	51	83.93	32	70	46.33	94	85	148	23	132.95	137	129	95	25	120.67	60	13	41.05	82	117	75	134	42.19	17	43	29	103	126.79	134	75	54.25	67	143	53	19	64.18	16	62	48	43																																																																																																																																																																																														
102	131.43	52	8	60	23	84.47	72	134	122	41	127.11	137	73	37.98	52	89	59	35	70.52	76	3	44	123	61.89	33	37	89.56	143	76	144	48	118.73	117	115	28	26	60.56	134	11	149.78	141	13	132	110	49.52	87	29	19	139																																																																																																																																																																																														
83	111.43	36	124	59	63	96	30	130	72	29	38.81	61	63	18.05	43	93	87	89	89.44	104	115	83	42	14.29	76	65	49.92	98	82	20	134	60.01	40	80	28	67	88.37	103	128	25.32	42	61	58	129	46.19	98	28	96	90																																																																																																																																																																																														
57	57.19	135	127	61	109	87.51	36	149	87	99	84.3	113	55	114.65	46	70	126	29	143.61	129	122	63	23	141.28	120	21	137.1	40	63	104	76	44.14	54	147	32	73	148.26	117	64	51	41	139	133	70	149.58	94	124	118	87																																																																																																																																																																																														
43	63.18	93	108	52	116	59.46	87	40	27	88	31.1	59	91	19.06	140	66	148	36	66.46	117	142	50	39	15.38	16	56	125.91	59	34	70	91	58.99	52	68	51	4	28.23	121	59	130.47	75	126	135	130	67.3	80	35	35	141																																																																																																																																																																																														
43	78.01	38	108	27	90	16.12	119	72	87	19	58.18	35	96	128.3	12	121	89	77	16.95	53	145	3	29	43.2	88	71	30.12	149	63	100	4	110.03	91	20	80	108	63.89	67	50	23.1	41	48	16	44	95.21	65	80	108	121																																																																																																																																																																																														
141	26.88	33	80	1	102	106	9	139	34	102	45.19	72	132	147.22	117	51	20	97	131.65	74	38	33	150	70.38	78	77	72.54	82	73	25	66	15.95	56	28	50	113	31.32	102	102	38.42	108	4	66	44	42.68	90	56	44	147																																																																																																																																																																																														
129	33.42	129	64	46	43	93.85	143	133	31	33	18.26	8	60	83.29	88	23	54	75	36.73	10	73	13	96	105.5	141	26	68	147	101	15	41	96.06	3	39	52	84	55.89	17	121	27.06	106	118	26	128	127.37	136	94	148	23																																																																																																																																																																																														
11	83.07	100	96	132	67	125.48	48	19	137	128	82.79	70	83	130.57	116	135	99	63	96.19	102	96	5	129	146.33	80	37	67.17	138	42	24	138	26.01	55	16	93	102	113.17	67	1	29.04	143	36	8	76	117.78	119	30	117	4																																																																																																																																																																																														
129	39.49	6	58	86	104	76.97	104	38	126	126	71.76	32	33	109.05	136	28	71	5	101.57	87	63	19	84	64	8	24	9.74	77	72	37	101	42.28	145	42	18	119	119.54	10	61	99.24	111	59	48	75	130.94	86	132	91	127																																																																																																																																																																																														
19	96.22	24	65	54	137	48.51	116	13	54	26	39.66	119	18	9.53	33	49	45	106	55.09	75	113	57	2	108.09	41	96	29.41	146	125	115	64	23.83	75	50	110	56	47.83	18	111	85.92	32	90	35	147	18.21	134	27	72	97																																																																																																																																																																																														
96	50.4	113	106	54	45	107.59	126	5	104	121	41.53	123	97	68.14	139	6	135	62	54.36	1	103	18	129	2.55	143	54	138.14	42	96	91	112	99.78	69	100	30	19	78.53	65	24	38.63	108	60	78	48	116.53	77	114	31	70																																																																																																																																																																																														
18	107.72	43	56	27	138	17.81	127	98	137	70	46.4	24	27	112.96	5	100	132	30	112.72	22	44	109	99	81.17	25	149	128.06	114	108	85	89	60.38	110	106	102	91	72.94	114	124	96.14	145	146	29	119	60.72	5	116	57	115																																																																																																																																																																																														
66	10.6	62	119	108	71	32.86	75	89	112	99	98.78	97	55	87.06	12	124	32	146	88.84	122	6	139	51	28.38	103	113	32.35	146	119	147	145	16.82	36	67	71	34	106.07	69	131	13.64	147	17	134	86	25.8	4	126	136	20																																																																																																																																																																																														
129	22.91	78	73	1	29	80.12	32	43	76	112	130.39	27	109	2.87	77	95	107	4	73.61	70	68	36	28	3.37	66	90	133.31	75	87	137	34	123.02	18	109	40	150	46.17	136	66	114.93	113	14	44	134	106.82	101	2	129	148																																																																																																																																																																																														
59	70.4	105	15	29	150	40.09	27	104	129	25	62	14	99	111.86	132	13	47	1	138.87	115	136	125	59	80.37	77	32	21.93	141	114	70	117	116.09	10	30	21	76	118.71	36	46	114.88	92	131	43	90	93.69	1	148	119	141																																																																																																																																																																																														
88	141.68	43	131	33	142	27.05	49	93	28	101	95.73	98	81	50.08	107	126	77	139	70.49	35	125	95	23	3.91	94	146	43.37	150	59	32	28	65.13	67	37	135	115	58.14	79	74	32.29	97	79	116	116	37.89	32	126	18	41																																																																																																																																																																																														
116	123.72	66	77	63	33	34.69	73	61	94	53	25.43	97	97	56.79	111	119	143	104	142.19	66	53	67	64	145.9	106	52	38.51	53	7	64	149	26.92	107	27	118	17	43.09	42	38	109.94	116	78	9	117	139.11	61	32	127	12																																																																																																																																																																																														
37	145.35	52	95	83	82	126.72	6	102	51	6	6.11	12	27	146.8	61	30	43	103	11.58	84	84	139	13	121.84	29	126	103.35	61	88	86	15	117.91	55	106	26	123	11.72	30	53	125.02	107	86	3	4	2.65	79	116	149	47																																																																																																																																																																																														
104	137.27	67	124	86	136	125.55	7	111	102	67	75.85	111	59	129.4	44	124	107	46	101.94	17	89	75	134	58.79	145	101	121.52	119	63	149	136	46.88	129	41	123	60	78.96	30	75	96.28	93	43	105	1	126.84	66	132	5	26																																																																																																																																																																																														
107	107.57	8	102	135	25	109.93	140	2	121	132	137.35	4	23	67.23	100	78	15	122	1.49	68	42	52	101	74.55	49	142	38.03	105	139	20	65	121.22	54	75	80	56	98.35	76	135	58.11	46	2	38	64	85.44	149	100	90	150																																																																																																																																																																																														
136	71.72	53	52	128	31	112.93	13	49	104	134	5.23	10	7	36.66	97	67	51	23	132.62	75	136	66	24	134.03	47	70	34.74	148	100	77	65	123.92	71	55	1	57	101.93	100	145	52.1	68	145	112	38	55.71	72	94	85	68																																																																																																																																																																																														
50	121.77	147	41	111	132	138.6	109	133	61	72	24.3	46	37	135.41	148	94	123	41	48.73	17	110	29	9	119.74	115	75	82.85	25	139	117	75	29.62	110	18	22	105	133.8	76	97	2.42	35	85	100	109	66.55	133	61	134	27																																																																																																																																																																																														
104	86.92	76	101	42	3	97.48	128	40	147	64	77.82	29	105	75.95	105	29	70	39	129.29	148	106	75	109	39.61	16	116	88.76	21	101	131	143	56.27	12	43	6	121	75.14	30	124	82.79	147	68	126	45	90.22	15	144	113	30																																																																																																																																																																																														
67	107.19	89	104	144	51	101.15	139	78	17	13	48.62	10	85	144.73	131	61	27	19	122.05	111	103	147	8	14.43	91	150	120.37	103	146	103	138	3.13	114	103	89	89	126.01	93	126	50.29	144	123	9	101	94.19	83	73	16	142																																																																																																																																																																																														
67	8.19	103	9	73	129	148.01	117	100	110	26	99.55	133	42	103.94	27	135	109	97	39.05	1	60	95	55	98.67	87	148	40.6	76	147	14	101	93.76	83	76	38	75	87.88	59	49	63.91	52	86	147	91	122.25	77	42	130	86																																																																																																																																																																																														
10	70.87	131	81	93	22	28.37	97	4	9	121	110.03	144	46	14.1	141	149	145	93	65.23	74	76	67	98	93.63	134	140	28.35	138	11	70	118	110.38	106	132	73	126	34.33	117	42	77.91	129	119	72	74	28.5	12	73	149	92																																																																																																																																																																																														
127	92.79	52	66	82	114	10.1	150	65	7	73	106.69	39	23	80.88	20	27	93	146	131.56	10	42	104	21	76.39	49	41	113.22	139	116	54	105	15.36	95	47	9	51	50.35	117	84	79.17	31	125	95	135	5.11	138	79	124	101																																																																																																																																																																																														
75	34.66	104	49	124	65	122.27	34	74	94	35	104.6	145	14	124.15	83	62	146	150	73.26	117	20	90	139	67.49	11	67	7.89	58	36	80	3	28.8	49	79	14	35	92.28	144	140	23.36	136	140	138	29	92.75	93	99	58	97																																																																																																																																																																																														
92	120.25	69	149	41	73	124.05	74	87	149	53	138.89	52	78	10.48	129	44	32	87	43.25	69	72	53	109	109.82	10	8	11.31	35	123	14	77	64.68	128	86	119	39	36.46	124	76	139.82	41	55	115	139	82.84	46	118	107	105																																																																																																																																																																																														
65	116.22	81	58	81	49	133.69	4	48	69	120	46.78	20	95	87.11	127	29	108	58	76.8	133	110	100	48	134.68	123	100	24.26	86	82	68	75	46.33	82	94	53	96	113.39	149	112	115.07	127	59	24	98	23.53	18	59	117	46																																																																																																																																																																																														
66	149.55	65	61	134	142	144.43	99	51	66	18	66.86	107	124	74.75	58	23	126	45	146.76	39	2	122	47	121.49	81	48	131.74	12	65	1	1	18.46	118	87	93	44	139.48	94	45	93.19	120	136	66	5	127.97	117	25	66	80																																																																																																																																																																																														
117	143.81	80	111	128	102	16.83	119	112	48	49	79.65	77	51	11.68	23	82	139	147	129.77	30	86	131	59	25.45	101	113	68.36	78	144	51	147	52.85	72	11	114	79	30.13	82	11	72.69	108	66	37	98	25.02	143	47	29	140																																																																																																																																																																																														
48	21.23	71	20	90	27	107.61	31	51	74	6	122.35	52	27	51.24	70	121	64	146	138.35	71	21	14	88	28.95	85	19	90.55	45	56	60	20	128.12	96	45	134	38	22.26	26	145	133.29	38	109	19	75	46.05	5	91	73	48																																																																																																																																																																																														
9	86.17	80	53	132	19	76.45	101	80	73	89	11.92	110	148	27.36	145	40	109	113	98.18	134	93	31	105	77.57	50	4	111.46	43	20	8	56	87.31	138	138	69	1	10.68	100	7	24.29	76	41	118	124	133.59	9	94	110	125																																																																																																																																																																																														
128	108.08	46	139	20	26	60.43	40	91	17	55	122.06	37	115	121.95	63	127	7	76	1.35	80	52	19	25	70.57	114	131	140.03	30	126	128	50	47.46	127	87	105	96	13.61	102	50	77.34	50	125	50	25	93.93	97	140	65	106																																																																																																																																																																																														
91	140.78	131	117	120	41	48.16	65	3	138	124	119.25	129	14	17.33	25	62	8	78	149.73	42	30	97	119	114.48	148	115	56.65	110	94	24	116	141.82	39	67	77	90	25.61	127	107	31.91	137	111	39	84	49.81	66	111	2	76																																																																																																																																																																																														
63	33.14	90	105	145	33	144.83	96	146	56	21	127.77	135	141	119	12	15	55	42	59.56	100	89	71	49	37.63	32	55	132.84	138	102	29	85	120.91	40	139	135	74	101.73	31	47	12.85	92	79	23	64	83.91	5	132	76	114																																																																																																																																																																																														
103	43.22	35	129	82	94	96.87	66	108	115	24	11.01	29	84	15.13	107	80	114	72	35.29	108	80	110	46	136.1	26	1	140.89	79	73	120	26	102.51	80	37	73	88	138.97	67	99	120.43	25	88	103	21	88.69	12	134	51	148																																																																																																																																																																																														
49	67.46	39	33	131	104	126.51	32	1	102	114	23.94	28	122	123.44	33	31	75	96	118.66	77	76	125	146	82.95	28	35	142.44	14	16	85	101	83.46	35	44	78	61	113.47	139	78	98.9	70	28	29	1	37.59	129	62	150	82																																																																																																																																																																																														
44	24.46	69	132	99	141	88.8	83	91	114	139	85.91	106	39	116.96	144	127	105	127	79.08	28	7	144	92	32.39	41	114	114.08	144	91	2	83	4.2	38	22	76	3	14.8	132	8	117.58	76	99	16	115	29.49	114	119	53	96																																																																																																																																																																																														
134	122.96	107	38	6	142	4.36	51	36	128	136	102.16	48	49	50.47	54	48	76	97	38.41	113	94	131	150	143.3	58	114	110.95	122	134	54	24	89.71	106	110	92	104	149.99	41	61	69.39	53	25	31	126	97.57	133	84	110	34																																																																																																																																																																																														
32	42.45	128	148	57	48	45.16	137	55	50	93	69.25	100	36	30.29	77	132	121	66	123.03	28	30	147	78	28.43	131	75	87.45	42	143	110	20	140.46	11	61	102	118	25.91	133	106	4.89	96	35	126	101	10.09	75	96	46	71																																																																																																																																																																																														
12	28.46	148	134	141	45	100.39	69	69	82	49	11.1	71	113	4.2	97	98	86	64	9.52	47	93	61	27	125.73	86	142	134.75	59	90	123	143	81.49	136	40	65	26	44.52	87	34	127.62	51	40	15	49	57.71	150	44	84	52																																																																																																																																																																																														
40	28.96	136	26	82	9	88.46	76	52	52	22	143.26	22	13	80.85	127	139	1	123	43.35	1	122	79	50	104.7	2	60	47.66	27	108	30	38	104.36	104	104	133	142	70.67	92	80	52.69	115	76	40	63	103.41	21	90	2	112																																																																																																																																																																																														
138	115.05	9	45	138	125	79.21	33	39	82	112	86.21	2	76	52.05	110	81	45	26	43.29	82	136	99	38	136.77	149	32	53.58	46	121	55	76	51.97	112	36	7	6	119.29	74	135	95.2	139	25	31	47	2.98	31	120	64	115																																																																																																																																																																																														
128	6.46	114	141	106	104	135.54	60	24	141	126	109.22	109	113	116.77	104	99	6	9	116.15	4	91	15	13	55.71	147	127	102.18	116	99	6	53	142.58	48	143	75	92	79.29	30	44	134.4	130	64	117	58	146.26	68	43	99	94																																																																																																																																																																																														
105	48.99	47	36	82	73	4.85	146	41	8	139	95.4	142	29	20.68	104	8	91	57	75.78	117	101	19	42	18.93	90	37	58.12	89	31	149	149	67.71	128	85	146	115	76.78	20	122	79	1	15	132	147	24.26	150	15	54	47																																																																																																																																																																																														
120	50.18	47	133	145	66	22.53	25	129	107	40	8.42	110	51	56.84	56	64	38	116	3.93	137	48	2	102	9.9	80	69	7.33	97	3	120	150	88.77	148	116	141	100	126.18	103	42	55.08	119	72	119	6	12.28	10	127	120	118																																																																																																																																																																																														
148	6.62	102	77	86	100	71.41	98	21	57	17	44.71	88	40	123.58	112	2	90	120	141.3	109	75	103	28	28.65	145	63	42.06	26	124	40	59	119.08	38	77	65	23	149.01	100	85	57.76	66	8	118	20	90.04	101	37	51	37																																																																																																																																																																																														
5	79.62	149	87	21	103	106.59	120	72	129	114	6.46	14	17	62.21	9	101	28	101	30.55	30	133	110	107	35.38	64	22	144.3	90	39	19	103	44.37	12	7	126	64	20.96	133	144	122.94	37	67	62	27	44.61	129	29	1	24																																																																																																																																																																																														
132	139.9	124	12	49	22	71.61	10	147	33	58	56.92	138	91	21.77	53	52	64	28	40.93	96	101	92	104	40.05	17	86	148.67	41	130	122	28	141.96	98	24	137	6	136.54	35	85	63.46	135	81	4	6	134.88	31	64	52	124																																																																																																																																																																																														
54	35.26	94	103	113	4	112.59	84	137	67	78	129.68	36	33	63.38	144	8	28	30	130.3	97	59	60	85	78.72	81	140	142.28	35	40	142	30	14.23	2	96	39	63	11.19	77	144	140.6	55	90	106	45	115.73	118	38	74	75																																																																																																																																																																																														
54	30.25	131	133	56	63	58.91	9	39	57	67	100.71	3	137	24.24	25	13	145	137	128.2	9	96	118	115	113.25	45	25	43.9	70	4	122	27	129.01	46	147	31	30	112.7	28	8	135.55	72	45	21	14	97.59	84	116	62	149																																																																																																																																																																																														
117	90.09	119	141	24	55	56.34	46	132	25	74	12.46	141	133	2.97	77	19	27	130	87.78	46	99	40	57	149.55	84	134	102.5	113	85	99	111	47.23	53	123	89	118	102.48	21	44	23.49	69	148	108	108	46.52	133	25	14	57																																																																																																																																																																																														
84	114.99	24	101	7	44	51.69	135	18	75	111	110.65	22	140	87.32	130	100	138	27	27.69	99	40	3	5	137.96	150	12	117.09	42	50	75	49	103.42	120	11	46	89	138.8	34	126	115.89	110	71	112	61	3	11	9	126	133																																																																																																																																																																																														
42	61.37	32	25	41	101	63.18	132	131	77	120	46.02	139	80	31.4	16	45	74	113	55.13	49	50	138	46	53.68	46	6	58.56	16	139	97	20	132.24	20	23	44	46	107.85	36	84	9.72	111	33	55	128	127.74	36	42	12	142																																																																																																																																																																																														
112	17.93	57	135	128	126	49.69	106	38	85	52	75.89	112	104	11.13	12	106	31	28	62.99	147	56	124	56	103.36	150	4	67.29	91	48	49	24	102.83	88	66	72	76	54.72	20	85	29.83	109	135	42	139	126.31	41	89	134	145																																																																																																																																																																																														
52	35.17	17	128	126	17	123.42	9	120	106	80	92.02	137	12	57.14	117	115	45	2	44.57	39	8	135	59	105.35	2	12	141.03	14	48	58	37	62.35	135	18	61	117	10.39	19	100	143.7	3	31	118	91	40.82	59	133	147	39																																																																																																																																																																																														
39	48.57	11	100	50	76	93.17	55	100	148	143	68.8	23	61	111.2	132	93	54	5	36.62	92	77	40	15	36.63	99	77	147.46	78	142	135	68	84.81	6	107	14	84	88.82	126	92	43.51	125	82	74	92	124.76	54	30	16	27																																																																																																																																																																																														
97	111.55	29	144	60	6	7.37	66	36	37	26	140.33	16	116	133.02	56	89	29	13	93.04	6	7	55	1	74.97	45	36	9.19	123	64	115	58	97.57	90	1	132	14	72.62	23	134	66.17	10	150	1	25	113	67	35	139	28																																																																																																																																																																																														
69	94.22	134	91	60	95	113.07	146	126	118	69	3.83	138	60	58.27	5	7	18	14	93.53	125	118	60	141	90.42	140	84	68.4	78	143	106	139	41.13	118	146	78	110	7.6	124	84	3.62	148	64	128	26	125.41	71	85	148	26	17	103	19	33.74	20	43	62	112	59.42	50	119	128	52	83.43	96	111	34	34	142.01	103	45	116	87	49.4	105	102	94	5	25.05	116	107	31	105	128.89	101	145	16	56	136.31	37	139	42	127	44.11	40	122	43	70	73.1	18	91	69	98	14.46	131	106	134	83	32.63	72	12	148	111	116.23	116	21	133	20	7.44	89	142	114	88	143.1	93	106	76	6	8.67	32	127	38	34	34.19	39	70	146	63	128.77	73	43	136	43	25.05	44	116	24	133	30.4	148	11	122	110	24.95	42	114	109	67	78.89	48	104	19	51	48.9	94	62	128	63	79.06	131	66	55	113	88.18	103	53	20	124	117.61	53	86	40	86	32.26	75	92	45	51	136.59	58	86	49	138	134.07	112	59	136	110	59.46	2	62	145	102	126.23	12	66	32	33	40.34	23	123	48	24	11.76	120	3	77	140	1.87	124	116	81	119	95.62	25	96	121	6	18.06	53	138	133	47	138.56	96	86	3	115	73.95	52