50 240
14	108.34	47	135	132	23	15.8	26	29	90	143	8.96	10	57	108.73	114	133	28	105	132.49	123	74	142	102	100.67	148	40	128.82	40	145	14	98	128.52	41	93	138	39	71.84	47	12	1.18	73	121	65	141	149.24	60	84	90	81																																																																																																																																																																																														
13	136.12	40	141	95	106	90.39	36	55	66	2	112.53	57	99	49.21	79	133	82	102	134.03	99	57	102	110	71.7	97	81	13.96	3	30	25	59	5.09	97	110	145	69	113.22	50	126	44.11	77	45	136	14	79.76	117	130	97	82																																																																																																																																																																																														
58	23.06	27	53	26	42	28.63	50	32	78	141	34.77	31	114	145.64	72	117	133	119	102.53	62	140	147	121	4.88	4	124	69.44	37	83	84	77	81.05	40	60	144	52	10.52	92	102	135.12	128	67	6	29	146.54	150	87	19	36																																																																																																																																																																																														
138	34.54	52	69	39	98	83.01	97	83	140	136	129.01	103	31	132.59	78	147	71	117	31.78	51	89	31	120	135.79	54	65	36.54	104	54	57	76	23.99	129	51	64	9	143.13	5	13	54.06	34	100	58	47	6.54	14	111	65	25																																																																																																																																																																																														
140	9.16	67	104	124	148	64.78	23	141	150	14	38.36	96	12	139.75	16	33	142	56	79.03	32	107	61	32	82.21	9	42	106.41	143	68	49	55	141.63	10	128	105	44	6.72	96	86	122.75	37	69	118	119	129.88	149	88	86	128																																																																																																																																																																																														
28	134.02	135	71	135	134	149.25	103	79	92	20	10.02	35	96	136.66	140	59	70	36	121.91	39	7	102	30	146.5	16	83	64.03	54	105	79	144	9.64	133	116	72	103	125.41	33	132	119.79	133	24	146	73	49.52	115	110	24	26																																																																																																																																																																																														
94	40.04	49	26	104	77	104.9	59	90	63	66	143.19	86	48	86.87	70	119	52	89	132.33	84	94	56	12	101.32	97	68	53.91	68	113	6	95	136.47	116	74	145	41	50.55	125	107	68.83	52	9	33	135	51.26	52	88	87	99																																																																																																																																																																																														
55	89.95	82	58	112	63	6.05	64	132	102	31	54.08	147	49	134.11	76	7	125	135	22.23	149	12	133	36	40.22	100	69	41.66	66	100	143	75	127.95	143	68	150	48	84.8	44	101	127.28	63	53	21	95	75.12	99	79	22	99																																																																																																																																																																																														
105	70.14	47	88	48	69	10.59	103	136	40	87	41.15	9	133	7.51	149	71	108	54	14.79	113	100	98	118	36.78	147	149	116.8	112	145	99	133	114.64	24	64	95	24	43	40	105	108.39	101	149	72	5	45.41	17	110	106	72																																																																																																																																																																																														
43	83.36	5	34	15	77	8.31	10	142	43	20	117.57	91	112	104.68	45	100	123	137	2.95	107	131	66	91	33.06	114	96	43.71	65	63	141	51	114.19	38	73	43	121	8.04	89	39	57.96	106	146	60	118	22.77	49	105	62	55																																																																																																																																																																																														
45	135.1	150	13	81	82	34.41	28	11	80	43	72.3	51	27	17.05	117	93	85	112	36.56	38	72	81	116	83.02	148	31	141.17	74	51	118	43	122.39	73	99	41	51	7.44	95	69	134.48	78	47	80	14	22.53	49	6	48	79																																																																																																																																																																																														
39	127.52	7	52	53	120	69.7	85	147	44	6	36.69	40	128	104.34	140	106	18	111	89.71	83	108	22	119	49.52	144	64	64.35	68	35	112	17	60.16	136	19	8	24	145.16	110	144	46.55	77	55	134	79	37.24	80	101	43	9																																																																																																																																																																																														
46	26.21	46	65	25	56	133.52	124	118	18	24	60.51	44	116	143.45	58	123	102	39	108.02	88	92	97	21	118.15	107	39	88.34	5	2	33	130	66.09	123	61	81	93	138.9	92	135	70.99	93	75	150	116	84.17	128	4	73	63																																																																																																																																																																																														
121	129.67	76	121	139	99	106.09	76	126	72	58	75.1	78	124	108.38	123	87	140	24	115.9	108	43	61	29	13.34	148	139	132.54	75	44	4	10	144.27	2	46	105	88	88.89	58	97	101.11	150	42	36	38	62.96	143	63	53	118																																																																																																																																																																																														
48	38.07	45	84	140	30	37.92	12	3	33	86	25.62	41	121	24.08	114	3	141	39	42.56	93	73	38	131	25.58	86	16	149.81	88	117	118	56	45.63	74	142	107	40	52.87	25	54	6.44	15	19	7	59	133.37	51	108	54	53																																																																																																																																																																																														
88	23.77	51	117	145	10	139.95	80	104	81	69	3.97	8	69	17.92	144	109	141	134	3.01	39	111	147	7	32.96	26	82	37.15	102	15	28	12	138.89	29	81	102	64	137.63	95	130	12.29	63	21	102	143	84.45	96	98	4	112																																																																																																																																																																																														
106	70.34	39	79	72	125	147.91	21	120	67	115	29	139	70	138.48	29	149	38	6	68.54	67	67	22	150	119.59	67	111	126.07	122	103	141	12	23.9	127	136	119	44	44.57	32	60	103.59	73	119	94	3	54.05	109	76	20	134																																																																																																																																																																																														
79	40.37	72	84	92	94	97.68	109	12	149	90	68.81	142	59	137.91	94	16	124	126	140.89	53	118	106	23	19.67	99	23	119.27	1	130	55	78	95.56	121	11	33	131	32.24	139	21	109.95	133	76	101	75	115.83	129	98	95	93																																																																																																																																																																																														
26	16.23	88	73	3	141	66.98	93	47	138	144	140.09	8	49	100.5	49	20	85	119	107.22	129	68	49	31	65.12	112	97	136.78	112	86	114	56	69.54	6	144	55	52	29.25	16	125	113.82	69	133	2	70	54.06	60	117	51	140																																																																																																																																																																																														
107	44.86	147	9	14	1	100.81	80	65	69	71	6.11	47	46	118.46	6	95	27	30	94.69	60	76	37	106	93.04	98	7	128.61	25	92	57	107	67.04	40	91	42	93	147.27	8	107	73.98	9	114	63	99	84.71	7	15	147	143																																																																																																																																																																																														
114	33.92	74	90	25	38	46.41	108	14	29	79	90.88	109	69	18.43	95	68	131	99	31.33	47	96	127	105	8.73	28	142	126.21	69	26	105	36	36.11	27	61	11	8	10.13	46	41	11.34	134	78	92	91	116.52	44	147	110	46																																																																																																																																																																																														
14	36.8	86	16	9	30	10.27	53	2	66	111	34.28	100	102	84.28	136	65	56	98	132.24	12	39	31	13	24.33	60	100	27.43	77	79	143	81	39.29	80	28	127	92	133.44	15	64	19.57	15	35	22	113	49.41	9	105	111	102																																																																																																																																																																																														
130	64.78	83	119	22	134	147.58	46	75	54	121	130.42	1	63	130.72	18	62	62	140	59.43	97	31	112	1	98.21	82	51	48.26	2	19	133	137	41.88	92	69	141	83	139.31	28	66	51.66	146	128	94	120	131.71	52	11	48	127																																																																																																																																																																																														
92	66.14	48	137	15	86	51.77	104	8	99	3	86.95	28	35	72.39	59	54	122	96	58.9	65	46	66	84	119.96	22	87	95.64	140	5	81	48	115.98	115	39	85	73	78.75	45	33	9.66	100	7	114	146	105.95	125	121	66	114																																																																																																																																																																																														
109	75.41	109	9	66	132	1.8	57	138	68	67	134.8	136	18	32.53	150	42	136	99	146.6	105	144	53	34	82.73	105	53	51.32	58	147	21	73	6.35	100	47	109	29	52.6	78	117	37.51	76	128	101	82	30.62	22	133	89	42																																																																																																																																																																																														
104	7.49	14	58	131	128	133.12	74	29	3	112	142.05	83	61	28.76	131	107	94	122	64.85	83	20	141	49	120.6	122	145	104.37	103	88	121	52	10.79	47	72	70	64	93.72	30	52	55.04	28	62	50	26	129.69	118	127	21	82																																																																																																																																																																																														
26	28.68	97	15	95	144	49.54	19	113	41	12	133.85	76	111	92.06	106	146	143	142	32.71	64	42	122	60	118.42	78	57	90.13	28	44	21	105	7.43	51	3	26	93	141.34	51	81	23.11	82	117	49	62	75.45	145	77	67	15																																																																																																																																																																																														
98	89.52	100	60	127	92	73.67	142	79	112	90	75.75	138	21	29.97	4	113	40	88	61.41	137	37	96	38	60.61	120	75	24.87	60	53	74	146	23.93	137	100	28	5	46.48	68	61	55.85	53	57	39	138	42.9	89	63	99	140																																																																																																																																																																																														
2	74.77	143	139	12	144	123.75	41	51	77	105	107.68	86	92	85.99	145	7	20	2	32.38	123	25	94	11	133.92	106	132	4.97	15	119	57	25	127.75	99	72	144	20	16.89	65	120	132.49	52	11	52	9	95.01	57	100	135	73																																																																																																																																																																																														
48	129.4	97	67	26	16	91.44	96	91	32	13	139.36	13	111	119.23	118	28	147	43	51.92	148	59	17	42	87.19	146	131	119.19	136	61	73	136	74.1	118	71	18	103	55.99	145	126	4.03	42	59	131	149	38.99	114	37	129	59																																																																																																																																																																																														
127	43.68	6	58	60	80	139.32	55	66	27	135	61.12	58	77	17.14	88	129	82	79	118.83	62	51	37	56	42.14	86	32	9.87	121	133	81	64	143.81	147	7	86	122	139.1	118	41	109.65	62	81	71	75	43.44	53	82	125	55																																																																																																																																																																																														
47	55.68	38	108	143	58	145.07	58	117	146	65	135.93	150	144	44.75	96	117	100	39	101	9	46	125	140	103.75	22	90	3.79	107	55	38	16	18.6	101	141	30	127	147.8	142	71	124.13	36	26	150	24	4.14	129	66	81	115																																																																																																																																																																																														
66	38.15	68	76	126	115	117.64	134	35	13	90	21.27	55	108	134.51	40	25	41	141	70.45	22	58	52	88	84.26	80	137	139.71	81	121	109	107	21.43	54	2	105	90	146.14	10	34	39.99	17	125	56	129	36.63	46	69	143	7																																																																																																																																																																																														
114	129.15	80	86	70	33	128.78	50	117	39	36	139.62	10	104	47.22	92	40	28	143	146.03	76	150	128	50	146.26	52	148	11.95	108	72	123	66	15.88	117	94	22	122	21.49	50	31	74.77	82	51	53	109	33.35	82	104	47	26																																																																																																																																																																																														
84	104.67	40	68	75	80	51.97	128	55	97	9	141.8	63	34	21.22	121	90	55	75	54.58	33	41	9	48	136.22	81	142	53.53	43	77	57	111	101.48	53	4	5	67	124.18	73	91	63.87	80	51	121	118	101.52	12	70	53	40																																																																																																																																																																																														
102	125.03	3	123	106	22	72.43	61	108	26	66	72.15	92	91	140.51	117	82	107	49	10.15	1	71	12	38	28.19	67	105	53.38	139	148	48	123	14.29	55	15	140	15	99.43	136	10	35.61	104	147	45	3	95.55	19	111	51	143																																																																																																																																																																																														
33	86.65	9	102	5	1	100.69	12	137	99	101	102.1	88	21	70.62	101	119	54	128	72.19	110	83	42	69	23.25	110	15	77.27	89	36	1	137	55.18	89	41	34	57	121.28	148	142	137.58	3	149	33	142	84.18	89	94	91	87																																																																																																																																																																																														
36	76.67	77	6	90	27	52.68	37	43	14	11	140.98	118	139	7.95	42	1	63	99	43.71	133	141	73	124	41.09	124	45	9.25	115	93	71	87	146.72	17	36	133	15	24.49	132	98	14.31	42	58	105	47	13.98	107	127	66	109																																																																																																																																																																																														
37	6.06	120	22	134	1	53.21	37	150	12	138	103.02	43	140	135.87	122	122	132	94	122.53	49	135	110	32	90.76	138	98	89.14	69	53	121	144	123.62	76	62	66	33	6.95	131	29	104.45	90	95	45	82	70.67	62	122	31	31																																																																																																																																																																																														
28	10.78	56	140	122	97	69.64	75	33	113	58	133.06	77	83	121.08	150	10	15	119	43.99	34	24	73	95	124.38	143	114	130.88	31	123	74	25	133.49	91	113	46	113	76.74	10	14	132.93	95	130	96	18	13.67	77	102	93	126																																																																																																																																																																																														
67	21.63	132	74	51	143	52.26	44	107	83	4	49.65	40	17	80.91	96	50	42	21	119.29	87	142	86	140	22.82	105	126	48.38	105	38	15	6	80.65	63	7	56	94	117.78	75	10	126.73	106	36	133	115	65.49	106	51	53	72																																																																																																																																																																																														
125	68.92	122	53	108	8	142.57	130	94	53	130	111.71	118	90	90.3	27	13	81	116	27.27	22	33	75	31	120.06	124	108	142.63	80	115	84	36	12.26	150	103	26	90	34.91	16	95	35.46	135	19	12	82	53.59	115	86	29	103																																																																																																																																																																																														
69	101.67	96	10	45	87	112.43	127	68	106	37	10.89	144	107	98.99	12	117	123	83	108.1	50	12	96	68	141.43	33	93	136.25	32	2	49	63	66.5	3	23	35	137	7.42	58	93	60.78	32	6	101	108	39.74	103	83	147	60																																																																																																																																																																																														
66	69.27	31	148	24	36	86.1	139	31	93	11	113.94	69	43	147.88	50	32	50	56	137.17	48	74	70	65	114.64	111	73	123.09	101	23	100	21	47.54	117	112	93	51	39.78	96	63	125.27	147	11	127	70	64.45	61	37	8	31																																																																																																																																																																																														
147	82.41	54	54	139	30	140.44	18	9	97	86	147.26	115	120	36.37	23	74	92	137	60.04	74	83	11	86	132.69	127	74	81.64	131	11	132	87	101.68	48	43	94	38	113.48	134	128	103.96	150	41	34	112	138.92	135	133	13	68																																																																																																																																																																																														
139	141.7	132	147	150	36	100.21	147	141	134	137	42.07	6	48	106.96	1	25	62	58	53.69	42	127	63	65	81.07	11	68	40.49	51	80	36	78	53.42	80	118	57	44	66.46	141	30	44.89	85	128	81	44	35.64	123	120	34	5																																																																																																																																																																																														
101	70.94	50	11	4	134	57.61	69	133	122	66	96.6	91	84	42.94	96	68	19	119	109.62	13	103	3	57	75.32	9	51	94.01	144	105	145	35	98.72	60	81	17	105	81.55	111	3	80.96	27	47	128	78	132.68	29	140	128	118																																																																																																																																																																																														
29	123.46	89	134	84	82	60.31	147	3	74	36	90.86	91	148	48.18	146	131	92	147	130.26	11	87	61	34	132.93	24	130	135.76	64	44	74	41	67.33	25	143	115	6	79.77	29	24	116.25	6	51	25	97	137.75	57	135	146	95																																																																																																																																																																																														
60	89.61	97	25	147	42	64.58	133	80	81	21	1.64	7	127	36.35	130	144	55	131	4.53	144	121	78	7	102.95	69	103	21.32	4	84	57	3	71.43	133	98	115	33	62.31	121	79	140.46	102	113	112	68	135.82	98	16	64	16																																																																																																																																																																																														
47	110.26	73	115	57	40	11.06	123	123	105	114	148.86	60	79	52.81	59	2	25	17	125.82	1	54	6	102	131.15	48	103	29.71	133	88	8	143	62.47	99	18	4	100	145.02	96	125	58.53	17	30	137	20	5.54	18	84	89	134																																																																																																																																																																																														
145	11.92	148	60	75	38	82.87	69	78	34	14	127.01	82	34	90.04	28	145	59	116	7.15	39	122	82	136	129.12	98	21	47.45	125	140	26	77	118.95	38	32	3	4	139.82	16	127	107.59	30	116	82	140	54.31	59	118	55	97																																																																																																																																																																																														
149	15.57	10	142	34	48	123.04	40	63	138	24	12.15	38	108	50.22	22	112	141	70	8.13	76	80	80	135	63.2	109	67	135.08	95	112	107	12	11.14	119	22	105	32	82.11	128	34	27.6	42	91	46	116	52.11	103	83	88	20																																																																																																																																																																																														
83	32.34	60	43	112	104	134.35	27	81	70	149	63.78	46	150	65.04	146	41	150	140	92.08	52	24	46	84	113.37	146	109	18.57	110	24	72	42	77.18	105	97	3	52	72.68	81	70	74.15	31	27	139	28	66.54	126	124	78	78																																																																																																																																																																																														
52	4.96	49	45	123	38	129.81	23	114	36	128	23.82	31	67	146.98	103	41	58	22	31.82	128	30	143	147	145.64	116	76	26.61	74	28	41	69	136.92	79	121	20	109	37.67	95	16	121.36	89	43	52	64	40.03	73	8	42	10																																																																																																																																																																																														
93	78.31	52	72	21	52	97.7	88	142	32	141	115.31	32	141	136.17	98	84	53	145	122.68	95	3	76	39	76.56	34	67	9.33	53	69	87	44	120.47	42	112	104	120	144.56	15	56	84.88	73	69	148	37	143.56	142	87	145	127																																																																																																																																																																																														
103	27.04	80	149	53	7	29.65	94	58	71	142	11.75	54	82	139.94	74	49	72	67	18.55	126	36	25	123	128.75	122	39	44.45	112	50	11	102	58.23	23	144	138	62	24.67	58	21	3.44	118	43	54	128	75.75	139	17	44	119																																																																																																																																																																																														
133	31.33	89	83	12	115	91.97	83	142	40	38	121.28	65	96	16.06	76	133	67	66	138.14	122	134	65	18	44.02	82	5	105.02	68	104	127	24	83.41	123	108	1	43	42.53	78	116	110.12	28	41	79	44	38.18	46	46	99	85																																																																																																																																																																																														
12	133.24	5	28	149	119	99.83	85	29	123	39	60.4	139	58	147.34	107	36	122	66	100.94	103	104	16	86	96.83	147	37	128.34	89	126	81	96	84.47	131	32	69	56	96.31	95	52	113.97	61	132	73	39	68.58	70	48	114	54																																																																																																																																																																																														
59	53.87	16	136	15	117	127.73	26	16	112	91	29.24	123	24	21.75	146	43	6	52	71.06	41	71	109	90	145.88	132	95	116.28	53	79	84	77	114.79	116	127	25	85	108.96	22	34	20.6	1	136	90	35	26	138	86	78	144																																																																																																																																																																																														
93	106.86	78	44	138	89	95.87	48	82	104	136	11.85	126	147	9.04	111	73	85	87	22.84	85	26	37	44	37.5	125	30	47.82	86	18	87	90	147.53	4	131	54	107	103.94	41	126	18.19	103	1	47	67	21.2	145	28	78	94																																																																																																																																																																																														
121	86.11	21	110	48	114	82.58	106	21	96	25	79.95	72	99	8.62	50	55	113	19	93.68	49	101	9	76	136.26	147	122	83.57	116	127	87	21	47.85	68	61	114	111	44.85	11	25	8.12	101	97	54	93	89.46	9	63	109	10																																																																																																																																																																																														
48	13.59	10	44	80	82	55.29	143	12	11	86	134.23	140	144	136.62	9	68	15	150	72.83	55	136	95	56	110.89	135	116	48.19	145	2	75	54	56.24	24	24	17	8	66.18	89	85	49.14	99	19	69	132	136.69	64	58	141	53																																																																																																																																																																																														
3	37.04	75	130	9	109	89.03	70	21	126	14	31.13	94	53	50.76	58	147	94	98	45.21	100	129	145	37	18.37	86	110	87.39	124	31	50	1	87.67	90	101	100	53	19.5	56	94	48.18	107	63	63	94	134.69	144	118	101	83																																																																																																																																																																																														
150	9.54	25	106	78	119	113.17	54	99	101	56	137.82	46	92	9.08	73	7	35	95	64.49	101	67	120	60	127.97	45	47	51.35	29	140	129	4	141.3	145	13	90	83	1.19	25	57	105.77	10	8	48	28	2.09	126	65	16	12																																																																																																																																																																																														
102	145.45	54	104	130	30	143.67	50	82	117	128	112.97	37	45	48.98	139	54	26	122	42.33	17	85	13	103	143.6	4	83	142.2	133	68	12	83	47.11	42	42	62	55	46.68	56	9	112.61	2	95	6	48	45.16	89	71	47	86																																																																																																																																																																																														
97	47.83	54	98	65	81	32.84	62	60	36	4	8.95	42	13	45.34	95	91	17	150	21.69	49	148	15	124	145.24	136	148	78.84	95	56	6	45	83.13	53	116	91	92	80.4	25	10	26.5	76	73	132	128	120.03	122	10	134	133																																																																																																																																																																																														
6	12.7	105	147	86	110	123.74	24	10	114	141	35.55	47	142	31.28	14	35	57	114	121.48	69	98	23	57	68.59	98	74	17.5	40	56	58	148	29.52	3	103	19	14	4.95	112	15	49.64	82	127	10	137	73.05	36	24	125	142																																																																																																																																																																																														
137	43.26	97	134	78	89	84.64	85	60	5	64	118.02	25	114	88.19	120	73	72	23	116.09	148	26	128	3	37.56	32	143	122.61	1	47	150	87	87.1	52	52	130	26	128.65	56	149	13.47	18	19	90	27	62.11	61	36	48	78																																																																																																																																																																																														
59	70.94	28	125	61	45	123.31	40	90	65	109	62.41	64	65	148.21	92	94	48	89	6.41	31	143	2	112	54.38	101	144	17.71	72	108	66	81	13.31	49	93	26	142	102.98	42	73	129.07	146	121	15	24	16.6	131	20	117	40																																																																																																																																																																																														
111	132.19	39	106	149	4	60.93	15	9	10	30	87.21	62	124	58.49	143	55	89	145	100.39	144	149	54	62	95.37	68	6	29.36	97	3	62	64	115.9	146	1	101	41	70.44	99	49	48.88	15	43	121	85	53.16	67	86	6	136																																																																																																																																																																																														
73	76.5	35	144	10	67	68.12	125	123	9	50	71.35	148	21	128.47	137	48	42	14	32.56	71	38	111	12	4.33	90	107	148.78	147	31	23	57	30.64	144	60	124	97	125.91	19	27	89.24	19	89	126	45	41.41	20	16	120	121																																																																																																																																																																																														
105	100.21	122	121	69	46	8.93	42	77	76	23	78.5	118	93	135.23	31	68	132	54	67.86	27	57	21	121	90.26	147	73	124.84	20	117	66	110	2.44	68	82	23	134	93.84	96	78	30.71	55	125	134	7	127.78	112	43	19	108																																																																																																																																																																																														
94	119.87	44	28	12	77	127.2	63	67	18	31	143.48	149	24	94.31	90	57	90	2	131.22	104	89	51	146	106.2	79	64	49.66	25	32	128	24	21.75	41	88	4	53	5.57	101	88	115.45	39	89	57	101	109.44	141	25	69	116																																																																																																																																																																																														
126	46.65	47	55	57	99	77.67	45	135	17	127	69.57	7	92	10.75	91	45	111	119	83.46	59	50	26	43	118.98	59	35	3.94	11	84	67	68	105.88	111	130	2	89	134.57	138	65	30.6	27	82	138	149	42.92	112	98	42	63																																																																																																																																																																																														
45	148.56	27	51	4	88	58.87	120	50	57	43	13.64	119	56	70.99	33	57	134	32	11.09	101	2	126	119	148.49	6	142	9.44	126	135	96	28	122.95	66	67	149	8	36.03	49	62	38.69	140	21	82	88	121.07	112	63	130	143																																																																																																																																																																																														
31	22.53	137	63	68	86	134.67	125	147	143	85	134.39	87	111	19.67	83	67	136	78	22.97	7	133	74	101	42.54	34	14	84.53	99	138	44	136	144.02	123	70	117	81	4.68	138	9	28.56	86	121	97	89	79.9	48	11	119	12																																																																																																																																																																																														
20	105.98	35	84	73	102	77.99	141	133	45	16	71.22	138	32	51.1	11	39	112	105	89.14	12	16	18	143	81.29	75	135	22.84	109	6	135	65	25.45	107	99	121	57	69.23	118	143	80.2	9	57	74	108	61.64	138	116	98	147																																																																																																																																																																																														
71	44.43	126	20	49	147	72	109	142	74	119	55.34	148	16	88.02	53	22	21	137	72.92	75	58	149	36	83.2	35	130	132.81	60	9	85	53	109.02	25	70	140	136	134.36	49	78	58.07	120	34	33	82	27.02	80	45	8	119																																																																																																																																																																																														
13	7.06	118	18	52	24	91.81	126	69	49	76	60	38	118	97.61	46	46	124	143	124.76	105	85	8	29	3	31	92	80.22	113	106	136	147	39.66	17	123	59	105	22.67	144	6	69.92	39	139	36	95	117.16	106	24	129	124																																																																																																																																																																																														
93	131.74	63	38	19	53	9.69	58	116	142	78	140.64	99	148	143.98	89	137	95	12	90.8	101	20	81	49	137.63	24	38	76.64	82	146	115	66	56.46	61	19	69	44	25.72	96	16	24.5	149	77	17	122	69.79	36	149	56	146																																																																																																																																																																																														
98	147.77	6	121	140	75	6.12	6	44	103	32	146.99	107	28	137.45	116	147	127	46	121.21	57	101	16	133	115.74	25	22	91.84	121	108	53	27	19.18	72	64	149	150	59.61	77	26	106.9	123	17	28	64	12.11	95	7	111	32																																																																																																																																																																																														
105	144.04	23	135	15	35	53.11	98	19	3	110	135.55	64	117	23.33	50	43	46	77	106.63	30	120	123	57	97.2	143	142	108.71	44	22	141	23	7.84	128	14	52	27	127.52	137	65	141.92	70	127	12	11	78.38	117	31	120	61																																																																																																																																																																																														
137	138.77	92	115	93	138	127.13	69	58	21	44	70.12	97	88	79	137	23	107	30	84.06	101	140	130	117	102.76	147	103	129.04	97	89	133	69	59.83	110	144	91	147	76.23	7	54	55.29	34	2	133	69	15.35	8	119	3	29																																																																																																																																																																																														
53	83	7	96	137	46	108.66	89	36	15	139	137.22	82	21	17.74	110	86	127	114	67.36	74	80	69	149	76.74	47	140	106.23	107	58	46	81	22.58	121	142	150	145	86.21	100	131	75.55	126	28	105	2	14.51	131	140	58	4																																																																																																																																																																																														
72	87.53	84	94	26	63	140.21	150	56	129	4	49.28	70	3	149.68	95	36	113	1	85.34	27	93	149	125	79.86	144	140	92.17	123	27	71	99	84.74	121	114	49	103	137.48	15	108	96.08	150	117	125	95	2.68	121	30	114	54																																																																																																																																																																																														
16	119.6	29	135	24	33	9.42	90	98	135	50	103.02	127	73	26.82	103	71	16	101	22.34	58	52	109	7	131.02	27	130	65.68	68	40	24	50	104.76	70	6	73	59	143.2	112	140	97.32	7	92	100	137	110.43	3	146	82	10																																																																																																																																																																																														
135	103.23	12	38	16	65	73.17	45	29	62	79	41.1	142	27	55.72	20	10	8	102	22.6	122	23	29	8	142.78	130	42	87.01	34	147	50	101	35.68	28	62	114	8	83.22	106	59	14.01	134	38	78	104	24.7	21	114	6	123																																																																																																																																																																																														
12	25.42	49	74	149	130	27.28	7	89	137	69	54.42	42	44	140.59	35	21	31	33	74.38	55	97	43	3	98.32	137	111	92.02	43	123	148	117	84.87	72	119	42	11	19.03	87	62	96.07	57	7	142	109	61.76	12	75	50	112																																																																																																																																																																																														
24	55.19	131	124	58	105	17.94	25	143	36	3	73.92	48	7	70.12	49	120	103	147	43.21	95	128	141	71	32.98	26	73	97.92	90	67	102	117	5.99	9	28	46	127	143.99	61	61	31.95	31	122	138	31	51.27	97	64	12	124																																																																																																																																																																																														
140	34.92	23	95	128	129	80.9	148	58	125	50	55.16	15	110	82.34	50	32	139	78	62.54	32	41	87	123	131.14	60	135	121.31	145	105	120	139	13.83	107	128	118	89	46.38	28	122	138.48	16	27	42	121	16.17	122	61	96	53																																																																																																																																																																																														
106	70.09	2	110	137	39	119.25	109	48	81	131	1.21	44	77	143.31	1	8	62	68	26.12	19	32	103	83	100.48	62	136	132.19	85	20	18	24	13.69	136	132	107	117	117.83	140	69	36.92	139	140	108	53	95.76	79	78	1	17																																																																																																																																																																																														
65	84.12	120	6	150	11	84.32	21	11	30	83	14.61	37	92	87	110	79	59	58	127.28	65	11	118	25	60.3	102	3	123.05	11	62	133	133	8.97	23	112	77	1	100.34	132	45	137.19	67	67	145	16	106.85	128	102	90	132																																																																																																																																																																																														
21	125	141	38	85	32	40.04	38	150	52	37	120.47	33	51	45.05	49	69	124	95	144.24	95	102	93	3	101.77	88	56	2.03	21	127	99	36	113.99	90	56	32	47	103.76	20	85	95.11	138	16	146	44	5.78	124	13	8	140																																																																																																																																																																																														
105	130.03	133	36	61	91	34.91	133	129	65	109	142.16	26	128	86.53	24	144	113	2	77.83	103	131	43	49	127.79	16	47	43.69	40	122	148	119	108.93	29	81	93	145	52.09	61	61	46.76	82	37	30	31	112.31	80	123	105	117																																																																																																																																																																																														
3	8.82	34	89	94	73	121.58	135	103	28	32	58.39	106	132	40.08	79	103	17	106	79.02	66	80	70	95	68.99	149	72	71.99	106	75	100	13	56.53	51	65	134	30	71.9	55	140	96.51	42	92	149	15	2.61	5	48	16	140																																																																																																																																																																																														
138	89.93	82	38	124	23	40.32	13	104	132	84	87.1	32	115	87.55	89	7	42	12	114.01	6	8	49	106	127.37	93	85	60.28	134	119	83	129	38.56	148	38	80	6	72.18	135	19	72.76	133	129	24	77	117.36	93	138	24	47																																																																																																																																																																																														
111	87.95	51	146	54	58	51.16	102	70	146	120	80.67	21	88	133.97	146	143	146	4	16.85	112	143	117	145	41.51	123	61	131.45	143	69	27	109	105.88	74	45	14	22	101.39	51	47	96.25	33	102	91	23	12.42	69	40	39	67																																																																																																																																																																																														
13	40.83	24	122	74	72	112.82	16	103	116	56	130.19	120	125	86.26	138	54	129	51	109.35	92	18	84	31	51.41	99	119	59.57	137	37	60	134	136.93	147	147	54	138	86.2	21	101	66.61	42	149	137	16	80.55	34	43	130	102																																																																																																																																																																																														
8	34.97	72	80	83	141	53.96	58	114	115	58	146.48	55	150	141.53	9	35	72	86	28.15	32	70	27	7	12.27	96	60	41.91	70	112	74	62	148.23	119	125	147	98	51.49	48	20	25.47	21	114	117	137	45.87	117	49	86	55																																																																																																																																																																																														
1	27.53	60	149	118	94	79.87	54	114	133	22	90.49	68	86	79.28	18	119	131	38	111.53	95	81	76	26	111.92	23	130	49.92	60	19	65	138	77.12	21	8	71	91	149.82	110	92	89.57	77	74	111	52	20.84	19	85	70	34																																																																																																																																																																																														
33	107.58	26	122	84	35	131.6	87	14	71	25	4.39	107	60	111.92	109	87	33	139	30.6	147	46	10	141	47.54	38	148	51.66	92	49	111	121	20.94	58	96	70	8	42.1	68	121	41.33	121	90	102	26	113.86	150	130	106	24																																																																																																																																																																																														
2	53.2	48	36	32	141	124.57	39	50	95	53	143.6	8	30	33.15	55	64	80	53	2.93	112	64	148	133	45.71	8	52	102.73	106	111	53	19	17.49	45	125	138	143	57.66	134	45	103.08	90	95	92	39	58.74	131	112	31	75																																																																																																																																																																																														
118	66.14	53	93	96	40	115.67	149	141	3	49	40.19	76	99	126.65	144	117	100	1	30.09	53	120	102	143	121.48	26	95	143.39	29	101	106	108	29.96	5	79	65	147	111.79	44	84	39.2	31	78	65	49	11.37	54	84	75	30																																																																																																																																																																																														
141	28.95	145	124	36	39	80.5	144	140	148	54	117.43	44	14	140.95	116	134	58	95	8.19	148	139	132	130	67.15	7	88	121.65	92	115	49	148	19.03	27	46	78	64	44.95	48	58	109.33	30	7	38	16	93.13	61	73	16	85																																																																																																																																																																																														
78	17.61	104	99	73	116	48.36	37	140	58	133	88.23	39	149	40.7	52	106	103	32	60.12	33	88	63	131	5.37	51	72	67.11	48	102	149	82	46.67	60	17	30	12	47.82	12	31	145.82	59	10	3	84	90.8	100	5	84	65																																																																																																																																																																																														
139	27.47	26	40	31	26	72.54	144	66	79	114	139.36	96	41	16.42	13	13	117	33	149.78	134	99	55	78	29.42	35	26	11.09	72	84	74	90	24.18	103	26	32	54	10.44	23	48	121.85	106	120	131	45	108.78	104	113	82	3																																																																																																																																																																																														
126	61.07	38	36	114	86	91.14	1	50	76	99	5.03	78	9	33.77	125	1	99	131	105.41	66	23	101	16	40.19	23	40	95.52	106	69	47	102	66.75	107	107	78	38	26.4	56	21	148.66	49	140	116	95	139.24	110	20	116	70																																																																																																																																																																																														
64	109.64	143	126	3	103	102.67	49	79	59	44	43.55	14	46	109.87	14	80	141	76	53.37	107	132	119	85	93.2	49	125	75.82	84	42	118	127	24.61	24	117	86	25	10.29	38	146	68.04	32	126	24	34	78.24	99	137	115	26																																																																																																																																																																																														
15	149.21	62	31	136	83	1.63	105	124	1	74	57.26	28	53	41.06	133	145	50	143	109.57	81	59	73	35	90.3	136	50	14.94	113	121	37	1	36.71	130	72	54	132	146.34	123	75	73.91	47	48	98	62	83.4	123	14	25	60																																																																																																																																																																																														
58	112.88	53	25	61	80	13.74	52	138	52	124	55.5	67	87	40.55	61	79	26	5	32.83	106	28	21	137	118.01	52	100	88.79	78	26	65	19	60.82	149	98	72	49	39.04	56	44	6.68	100	26	119	100	127.18	50	147	31	126																																																																																																																																																																																														
120	33.38	85	52	48	137	26.73	28	59	65	53	1.88	49	132	28.77	67	128	55	120	91.03	8	53	78	110	124.74	110	78	80.41	117	145	88	15	74.79	132	7	10	3	63.83	2	60	81.69	48	38	117	19	70.92	55	75	142	33																																																																																																																																																																																														
33	43.79	103	112	43	61	13.6	150	100	84	144	136.06	118	103	128.36	129	19	146	6	52.57	85	37	19	126	74.63	53	40	139.32	110	107	3	48	22.22	9	91	87	6	78.64	145	133	1.32	149	24	2	34	120.18	95	69	89	57																																																																																																																																																																																														
142	53.48	76	42	52	103	28.78	83	141	13	43	119.26	89	84	35.88	109	139	148	51	67.65	138	38	79	85	141.14	56	47	38.72	29	98	12	65	100.35	90	16	80	76	147.72	138	56	143.82	124	39	2	116	2.05	64	77	139	38																																																																																																																																																																																														
115	15.47	5	106	96	113	39.39	44	95	71	22	79.81	25	46	83.91	60	58	56	87	92.44	98	55	86	92	4.99	74	84	124.03	80	138	127	59	103.04	124	89	89	52	91.04	32	27	49.19	52	122	56	89	16.75	82	3	148	6																																																																																																																																																																																														
58	68.08	118	117	11	87	12.02	83	7	100	62	58.74	108	75	49.33	125	9	22	87	88.94	115	67	53	124	57.62	51	51	142.87	121	146	95	86	18.45	142	20	5	139	136.26	126	119	9.27	48	84	128	93	60.21	58	144	22	131																																																																																																																																																																																														
42	33.27	40	117	143	98	33.55	75	89	117	107	132.47	140	61	12.66	90	147	48	134	98.16	123	93	114	20	18.06	17	134	92.98	140	106	79	106	126.47	135	33	77	33	114.09	73	19	37.98	109	25	18	88	56.66	85	116	130	3																																																																																																																																																																																														
112	144.77	27	22	42	98	127.97	132	56	104	54	33.35	12	83	132.29	146	84	76	137	127.99	66	25	29	89	86.77	12	95	108.31	18	89	147	9	79.22	42	6	76	39	12.7	87	84	50.81	127	26	38	127	36.42	10	1	103	55																																																																																																																																																																																														
62	106.09	109	142	57	100	69.15	118	111	139	129	56.37	139	109	52.21	129	129	42	21	135.75	82	79	46	118	108.01	18	71	63.65	95	71	23	84	66.55	109	20	95	59	101.22	84	60	148.79	20	39	143	79	129.45	85	34	42	3																																																																																																																																																																																														
3	27.13	149	149	30	3	98.81	19	149	127	25	42.65	54	69	105.03	79	68	70	76	99.36	91	102	21	42	50.82	1	136	130.26	120	97	35	90	79.85	29	4	134	69	143.16	117	107	65.56	141	127	19	129	22.57	131	50	143	117																																																																																																																																																																																														
27	36.2	49	9	78	65	114.91	126	76	10	140	26.54	36	18	9.05	54	138	48	98	9.22	12	124	22	150	73.48	73	104	25.39	56	143	127	9	131.24	123	32	104	81	59.52	108	122	14.67	128	113	87	16	113.37	90	32	139	141																																																																																																																																																																																														
101	81.5	119	89	79	15	78.96	15	22	66	138	86.2	63	24	128.3	71	43	17	68	45.8	109	75	105	68	98.17	123	132	8.96	85	107	56	144	7.22	61	18	8	17	6.86	83	121	138.21	122	121	13	111	51.6	28	92	140	39																																																																																																																																																																																														
52	82.23	2	4	39	150	25.14	145	113	131	67	88.25	35	101	3.54	27	147	146	80	20.96	89	107	128	37	49.59	134	139	85.09	115	55	20	84	1.67	35	109	29	32	146.29	72	22	124.19	34	36	18	13	10.09	74	107	21	147																																																																																																																																																																																														
55	55.41	29	85	138	82	53.06	87	109	145	106	109.52	96	23	118.58	144	79	30	125	149.44	35	123	71	59	132.5	62	89	29.38	126	83	20	116	85.93	8	87	7	76	91.82	56	33	118.98	106	118	124	125	18.02	74	150	78	13																																																																																																																																																																																														
26	81.33	87	146	137	49	60.7	19	16	67	99	37.61	40	82	51.52	131	123	54	2	31.09	4	43	8	55	121.05	56	115	28.99	22	132	121	26	111.83	8	15	41	22	72.84	23	133	112.36	95	113	142	63	53.2	46	146	44	103																																																																																																																																																																																														
70	143.54	136	71	134	23	93.22	135	107	112	111	1.55	85	6	92.39	37	143	121	49	3.26	82	11	127	61	101.64	129	90	138.27	124	92	52	108	10.31	94	29	101	16	128.21	21	21	20.16	69	87	28	9	114.61	119	4	123	43																																																																																																																																																																																														
96	52.93	90	16	48	3	6.39	20	37	115	60	111.99	127	102	82.68	7	46	6	51	40.41	148	41	102	18	113.76	133	41	26.61	77	122	107	119	124.69	72	140	82	85	74.81	42	29	147.37	86	21	112	42	106.98	79	60	50	66																																																																																																																																																																																														
90	34.15	49	113	53	63	62.34	87	138	141	73	49.02	49	82	105.94	5	115	57	16	71.94	68	73	2	108	112.97	23	1	149.72	53	80	12	13	96.47	25	16	7	34	87.94	131	76	68.81	123	27	47	107	47.73	63	21	66	70																																																																																																																																																																																														
140	57.29	70	32	104	55	76.06	128	88	139	95	95.7	56	85	122.91	100	39	122	32	69.56	83	144	50	127	64.16	5	89	146.49	44	7	118	22	14.55	18	91	37	18	43.34	47	87	2.24	21	67	57	79	22.75	63	133	34	125																																																																																																																																																																																														
30	107.36	10	61	22	34	97.62	148	46	1	4	121.29	49	42	114.13	114	46	51	117	79.74	18	27	10	18	49.57	8	147	49.01	68	3	57	33	87.44	126	62	139	6	108.91	95	92	149.91	143	9	41	14	40.51	2	36	120	67																																																																																																																																																																																														
44	98.68	45	91	78	107	110.27	47	103	100	6	34.41	79	100	36.12	92	129	98	36	129.33	73	31	103	88	128.57	94	70	109.55	126	60	33	67	20.11	88	57	81	3	17.94	102	108	39.89	76	12	101	15	123.44	59	53	23	44																																																																																																																																																																																														
43	43.08	1	113	47	72	10.31	53	38	141	132	23.66	30	90	1.45	141	98	100	17	96.88	67	148	92	141	134.47	82	98	65.37	143	67	26	16	14.6	117	108	32	51	123.98	14	150	120.09	92	6	43	5	84.11	28	45	107	96																																																																																																																																																																																														
56	112.08	106	5	20	48	114.36	101	106	55	145	13.22	100	144	110.23	122	35	29	13	121.06	100	22	26	140	62.91	138	45	68.12	83	40	148	62	70.72	114	32	5	149	126.07	98	62	74.32	124	149	73	78	98.54	8	46	131	102																																																																																																																																																																																														
139	39.81	29	149	141	26	109.75	150	50	44	59	5.03	101	32	92.62	48	40	95	116	16.27	120	55	41	71	145.44	60	50	77.37	80	24	3	38	102.18	143	125	16	78	50.27	9	149	52.02	109	25	11	26	35.23	48	76	135	19																																																																																																																																																																																														
118	84.55	102	112	130	106	76.1	81	55	41	68	106.06	68	122	74.12	68	111	117	117	127.6	47	82	76	143	115.22	89	148	69.63	148	12	35	100	61.58	149	69	47	120	15.78	78	113	76.63	74	115	33	66	56.92	103	70	100	84																																																																																																																																																																																														
52	73.2	11	88	128	27	72.37	59	149	121	120	135.39	35	81	145.7	117	112	6	25	80.93	50	117	61	61	8.68	95	82	15.99	92	107	61	83	41.32	112	68	76	102	45.53	121	144	5.93	133	134	121	108	122.73	132	84	73	47																																																																																																																																																																																														
7	94.73	87	106	51	115	67.1	22	93	20	109	11.72	126	65	115.4	108	146	97	102	86.28	119	147	113	65	45.98	89	48	19.81	142	23	52	23	78.86	7	94	122	133	90.5	135	111	140.98	45	81	137	62	45.63	52	119	85	65																																																																																																																																																																																														
29	46.43	113	103	52	61	73.94	104	116	132	138	44.79	20	91	11.21	124	62	60	13	116.23	4	146	52	113	70.94	150	32	138.83	100	143	119	110	112.33	98	117	65	7	42.85	26	94	53.55	114	3	77	100	41.75	36	119	76	105																																																																																																																																																																																														
66	133.25	37	69	55	73	3.35	23	29	20	48	103.89	62	111	9.46	13	52	67	64	125.95	110	134	80	12	70.59	77	88	104.48	15	73	33	62	24.5	55	8	23	24	96.99	77	6	12.49	97	31	5	118	105.51	113	49	125	102																																																																																																																																																																																														
107	117.75	144	80	138	50	127.93	71	150	17	73	24.14	45	103	8.46	71	66	117	120	90.6	49	33	52	123	96.7	14	43	12.77	76	141	141	83	72.47	44	11	56	33	106.8	148	24	141.54	148	145	23	96	29.55	60	102	29	17																																																																																																																																																																																														
35	4.05	145	11	58	133	81.06	69	22	135	43	119.87	7	53	1.54	9	37	13	132	114.47	120	6	29	98	17.19	31	45	6.56	65	134	136	106	132.14	12	137	51	61	29.59	107	32	115.37	87	92	47	107	51.74	54	53	101	102																																																																																																																																																																																														
73	9.34	23	58	147	19	24.5	88	87	36	83	61.11	93	124	128.34	111	43	61	124	100.13	4	124	115	85	139.66	18	99	61.05	66	60	99	49	53.47	77	81	19	150	77.4	31	15	24.21	143	98	149	71	93.25	64	69	141	145																																																																																																																																																																																														
8	101.03	86	53	133	143	7.1	34	110	61	7	137.39	94	53	107.6	54	108	130	150	115.23	73	75	79	72	129.65	124	6	26.96	117	79	19	69	4.45	97	22	21	71	1.43	16	146	59.43	133	13	126	27	65.76	44	35	149	113																																																																																																																																																																																														
32	33.96	33	58	124	141	19.97	33	138	88	38	126.98	39	58	19.69	86	146	67	27	63.28	53	79	141	52	29.38	134	75	28.66	31	63	58	138	43.09	49	141	150	84	13.12	101	140	96.24	78	41	72	90	118.57	15	147	148	103																																																																																																																																																																																														
30	75	69	61	1	92	32.4	137	132	70	22	75.16	120	95	123.53	97	88	108	1	28.68	16	45	51	93	75.44	88	42	105.77	61	117	45	150	138.86	43	147	92	35	68.3	113	19	21.91	104	78	36	31	93.46	133	127	124	27																																																																																																																																																																																														
26	29.22	50	65	99	1	129.39	65	7	86	2	54.35	143	6	77.47	18	118	148	78	70.46	110	13	124	27	58.66	144	121	27.14	85	99	21	87	147.47	144	84	81	82	66.69	93	47	101.64	10	135	108	32	116.42	123	91	141	127																																																																																																																																																																																														
131	118.34	115	74	17	78	29.72	120	70	38	21	60.65	33	113	123.78	135	102	43	143	89.4	51	32	23	78	52.81	50	101	53.09	43	5	11	95	119.35	8	31	111	28	91.87	141	94	13.59	39	65	97	111	89.09	18	14	52	8																																																																																																																																																																																														
42	54.64	62	32	100	13	125.65	17	79	45	119	55.55	129	70	117.15	106	39	16	58	27.78	131	127	29	51	27.12	150	22	128.47	51	27	87	5	46.29	116	130	41	62	53.3	77	142	21.03	43	51	11	135	140.1	62	28	75	67																																																																																																																																																																																														
140	136.08	144	16	59	8	101.16	52	74	144	50	101.08	126	65	123.23	79	148	48	80	36.81	14	30	41	124	40.07	100	129	98.58	101	13	145	11	58.77	143	23	136	117	23.55	68	116	5.61	41	138	123	67	125.78	85	87	139	149																																																																																																																																																																																														
148	73.48	37	32	67	147	132.5	126	128	46	132	122.43	73	56	140.67	67	18	43	45	15.41	28	109	59	57	18.46	78	12	80.59	131	104	31	139	50.79	119	67	63	55	67.82	139	147	132.67	82	32	50	78	140.54	54	100	87	20																																																																																																																																																																																														
104	149.47	94	19	107	65	35.27	20	46	95	15	52.34	102	148	68.86	148	52	57	140	35.8	87	95	31	116	102.68	1	98	109.51	121	25	76	142	107.01	56	78	105	51	133.4	73	12	111.77	87	29	16	19	20.31	137	130	17	109																																																																																																																																																																																														
135	84.78	10	24	30	76	65.8	43	58	84	33	50.96	126	45	82.2	63	127	43	59	110.6	5	19	103	13	121.56	67	75	83.95	126	127	30	13	115.05	76	71	6	104	89.39	48	44	85.54	130	134	82	27	72.64	17	139	22	149																																																																																																																																																																																														
121	110.23	42	44	101	7	127.75	105	109	116	3	5.66	140	103	124.37	94	114	62	33	38.87	140	147	95	13	60.32	88	56	135.78	104	31	59	132	44.41	3	143	65	104	34.16	81	86	117.07	96	88	80	95	100.77	125	39	129	146																																																																																																																																																																																														
28	135.85	121	68	53	89	135.57	59	36	49	56	44.12	33	29	135.23	12	65	102	38	128.07	99	93	102	122	40.42	69	31	30.76	99	106	113	1	50.8	105	113	118	116	112.84	149	149	97.42	28	24	127	139	105.75	40	57	61	95																																																																																																																																																																																														
51	79.77	2	87	39	126	10.62	36	16	60	144	62.03	32	94	54.81	40	55	10	14	146.03	17	38	88	138	135.19	23	35	104.19	40	67	55	65	141.85	145	94	82	52	92.06	27	70	48.01	130	59	114	28	22.84	131	32	87	111																																																																																																																																																																																														
80	78.12	95	140	1	31	72.75	99	79	26	29	81.6	36	68	117.76	88	7	45	25	39.68	132	102	34	23	29.43	29	129	88.96	119	146	145	7	56.6	44	118	16	107	126.12	56	78	96.1	58	74	28	1	35.18	21	33	50	29																																																																																																																																																																																														
80	143.85	38	37	105	65	80.17	30	73	39	63	129.85	102	43	96.22	149	119	120	118	1.24	56	43	135	11	127.78	32	46	123.4	42	90	107	74	96.7	67	119	114	56	43.18	98	112	116.65	109	11	67	70	74.51	99	82	47	27																																																																																																																																																																																														
35	126.86	57	16	38	123	12.71	121	9	90	84	43.08	108	52	39.86	2	134	30	67	27.26	32	55	102	129	111.58	135	140	135.77	127	23	26	63	58.82	57	117	42	9	24.65	43	85	141.36	51	117	4	37	19.27	29	88	137	104																																																																																																																																																																																														
79	21.32	125	120	10	150	51.67	124	29	73	56	135.83	51	33	148.9	13	68	85	43	70.78	147	36	140	90	40.2	5	2	128.64	139	77	6	127	89.91	58	127	8	64	15.35	19	100	80.12	85	78	28	92	88.93	34	112	147	54																																																																																																																																																																																														
27	63.25	96	15	58	119	94.16	73	49	108	78	72.3	138	142	29.8	9	78	118	25	21.38	29	26	142	34	30.39	41	50	141.59	88	44	82	140	66.26	105	81	81	1	138.18	94	107	61.6	56	83	140	41	3.69	31	56	128	62																																																																																																																																																																																														
27	104.26	146	148	46	35	126.57	100	133	75	24	125.84	24	23	31.83	141	45	111	86	31.61	25	123	124	16	139.94	72	91	12.98	117	141	42	25	130.43	134	35	103	91	26.55	58	147	5.87	90	1	15	129	134.86	110	56	56	17																																																																																																																																																																																														
71	90.95	99	121	26	53	15.57	138	85	133	12	67.37	98	3	10.99	137	80	58	45	4.2	107	70	10	93	2.51	124	125	49.76	15	8	10	19	92.68	56	130	105	93	65.48	68	7	102.45	145	79	147	109	7.15	48	91	41	85																																																																																																																																																																																														
115	63.16	78	36	32	14	72.02	94	33	56	104	18.36	117	133	86.86	41	39	27	120	86.08	150	126	26	120	48.67	101	134	36.58	88	58	64	13	45.15	28	100	128	56	64.25	51	123	66.87	28	140	54	65	89.44	6	113	18	49																																																																																																																																																																																														
6	135.99	15	119	118	146	20.25	148	4	9	144	12.17	56	5	130.17	47	28	10	45	57.01	44	129	144	42	78.8	130	32	70.28	44	77	131	77	62.12	62	110	29	68	94.75	40	54	136.14	115	96	29	10	117.08	21	56	50	41																																																																																																																																																																																														
146	7.8	138	77	97	137	32.48	99	20	45	148	83.33	88	114	54.15	45	78	6	3	2.11	66	26	18	139	125.32	8	137	129.67	137	3	143	135	72.97	106	46	67	7	75.45	45	72	79.56	87	129	97	21	84.66	132	86	128	16																																																																																																																																																																																														
29	11.88	13	89	78	66	103.73	137	125	82	79	135.73	80	46	136.1	4	93	94	51	6.86	150	11	5	38	79.07	70	119	85.9	9	133	101	118	48.15	150	105	106	70	25.76	73	29	147.96	121	138	107	122	36.37	139	54	102	47																																																																																																																																																																																														
81	104.65	4	57	121	43	73.98	37	52	98	31	140.89	42	141	59.21	3	64	84	127	108.82	65	140	135	14	32.33	51	131	72.21	124	148	42	57	67.15	20	24	33	142	79.13	66	141	90.51	81	33	91	118	42.91	49	9	69	56																																																																																																																																																																																														
76	134.38	70	133	28	41	88.57	98	66	58	22	15.5	114	3	84.48	134	111	84	94	6.09	55	132	32	125	137.7	129	115	118.07	130	25	35	26	6.41	79	99	22	114	118.51	92	136	46.81	26	97	66	108	60.49	82	105	92	60																																																																																																																																																																																														
61	122.79	35	73	65	131	55.79	110	119	38	102	93.71	20	82	56.43	103	45	32	98	131.06	33	42	72	113	92.55	137	73	131.08	146	88	39	117	87.64	33	118	115	29	71.81	143	15	2.29	28	67	15	115	124.78	2	68	89	24																																																																																																																																																																																														
22	83.41	61	64	44	35	6.68	60	119	73	84	93.95	31	28	139.87	130	132	31	89	137.1	47	71	53	111	125.16	58	130	80.8	24	67	29	129	85.9	149	94	41	76	74.42	135	88	5.63	15	147	91	116	120.39	59	22	133	80																																																																																																																																																																																														
97	48.43	63	74	42	35	102.8	48	72	42	39	48.3	106	28	50.41	54	47	68	72	149.84	72	17	83	2	131.94	103	63	130.34	39	103	41	115	44.19	105	106	28	62	78.11	131	97	100.22	3	139	144	16	97.39	89	51	79	55																																																																																																																																																																																														
116	141.63	9	104	20	101	129	125	105	130	149	130.91	98	7	132.52	36	122	63	53	115.21	9	64	60	19	13.5	62	147	74.29	47	96	135	87	103.39	56	149	85	53	25.47	18	22	137.22	51	24	33	84	63.37	128	26	7	143																																																																																																																																																																																														
84	27.75	86	128	38	135	29.35	144	104	79	2	135.86	100	143	14.11	41	42	71	76	90.72	46	149	64	130	73.7	111	5	108.12	94	65	113	36	148.87	17	29	70	95	29.25	63	31	128.43	16	70	14	22	144.79	83	137	14	65																																																																																																																																																																																														
124	51.97	42	18	18	93	127.87	77	16	139	129	20.16	110	14	21.79	73	111	45	29	67.46	18	68	19	150	108.73	2	1	134.25	4	14	8	100	127.55	76	136	115	87	9.35	103	78	22	138	37	76	81	85.69	99	47	111	89																																																																																																																																																																																														
76	102	46	75	42	120	38.36	13	49	93	49	43.61	118	113	39.69	23	93	7	126	96.41	145	140	105	94	121.19	98	90	26.11	135	88	84	68	19.66	63	43	70	21	36.32	106	24	145.85	10	149	146	41	103.89	97	14	110	82																																																																																																																																																																																														
12	46.35	106	144	111	61	54.51	75	103	4	141	67.21	79	126	148.44	128	117	60	67	25.86	130	141	122	56	70.54	124	113	112.95	56	110	81	58	81.29	13	86	110	147	139.3	147	13	1.28	53	107	30	57	56.61	145	32	29	111																																																																																																																																																																																														
90	47.42	2	94	86	58	92.77	61	92	29	77	130.08	39	110	54.36	9	148	49	27	143.69	110	48	72	69	98.88	3	58	115.82	77	33	101	15	136.06	41	25	109	81	109.98	83	55	49.55	1	137	103	47	107.64	21	142	141	31																																																																																																																																																																																														
139	80.97	11	59	96	2	20.85	62	118	46	102	108.81	143	140	21.54	89	47	86	32	32.91	57	136	124	72	144.71	65	108	42.52	53	139	45	68	96.87	20	102	53	52	51.14	123	33	9.25	51	74	65	100	120.36	144	93	114	14																																																																																																																																																																																														
80	70.27	52	82	142	90	32.37	128	134	114	87	122.57	63	119	97.34	140	27	19	135	25.84	59	35	131	4	107.87	65	100	12.4	24	38	63	3	25.85	108	31	106	100	99.5	84	146	95.55	47	124	111	50	100.42	34	88	55	32																																																																																																																																																																																														
25	98.88	39	133	89	85	75.81	7	71	99	120	138.34	136	29	115.71	61	82	69	8	148.92	149	106	5	122	140.71	111	149	117.5	110	1	135	83	146.58	121	16	74	13	67.83	5	116	92.73	57	119	114	34	5.98	93	90	33	114																																																																																																																																																																																														
23	17.74	65	91	58	29	56.06	129	127	113	116	88.77	123	19	68.53	64	91	68	114	86.23	44	14	131	139	97.76	80	126	14.16	93	9	102	68	59.43	136	79	16	94	69.9	127	15	121.36	48	107	57	64	79.22	25	67	33	59																																																																																																																																																																																														
40	64.79	81	57	127	72	70.1	14	37	138	96	146.01	2	87	53.12	127	56	117	25	133.92	132	52	99	33	115.74	54	30	7.81	92	72	97	124	54.01	71	144	10	14	115.49	84	82	72.32	140	108	73	67	24.72	130	62	148	57																																																																																																																																																																																														
103	9.73	5	55	61	125	47.23	92	44	131	100	96.76	134	124	4.84	135	25	148	93	47.44	29	22	50	9	85.67	30	60	18.12	83	105	56	73	67.9	24	10	49	53	3.21	84	69	146.81	97	105	134	149	112.62	15	111	48	111																																																																																																																																																																																														
74	121.13	133	134	22	71	61.83	129	94	117	31	86.15	85	103	126.55	29	150	1	82	90.5	24	97	18	32	35.41	129	65	79.66	126	60	97	29	80.66	102	90	115	138	92.73	44	79	119.74	126	76	126	75	112.16	62	61	45	85																																																																																																																																																																																														
53	135.31	148	143	135	35	13.95	141	139	5	33	125.66	23	93	2.91	102	21	68	85	3.07	80	49	71	4	136.89	115	1	39.78	35	126	76	94	27.08	94	127	120	142	85.38	22	5	25.89	115	131	98	77	126.42	25	46	37	105																																																																																																																																																																																														
23	93.77	124	122	83	76	15.73	28	63	32	38	84.46	128	144	140.29	8	118	121	60	113.98	69	75	62	33	149.49	25	128	146.04	149	21	70	92	8.3	77	68	98	82	144.74	19	111	124.51	99	2	148	62	133.52	125	47	25	72																																																																																																																																																																																														
106	19.91	77	26	8	28	55.65	64	86	39	90	112.93	46	94	54.48	121	47	106	88	136.48	67	84	8	142	23.2	31	33	132.46	85	12	25	136	2.56	80	73	2	91	87.72	59	73	120.06	120	45	106	119	101.21	33	55	46	55																																																																																																																																																																																														
134	57.49	101	140	129	110	82.8	5	89	24	22	144.95	117	7	78.4	128	150	64	55	108.85	121	133	70	11	61.61	49	102	23.11	91	105	17	149	72.63	129	6	133	110	142.43	87	34	129.14	25	71	136	79	9.27	9	133	72	122																																																																																																																																																																																														
45	135.97	96	119	94	70	138.56	106	133	37	61	103.68	117	45	89.02	23	31	26	98	131.71	12	74	105	120	96.87	109	7	34.39	132	140	72	113	124.31	81	41	42	120	75.34	102	11	97.31	1	139	70	53	74.14	115	97	47	74																																																																																																																																																																																														
123	89.58	95	66	135	36	35.97	137	57	121	24	85.36	94	68	115	143	67	23	110	16.58	114	50	72	87	93.8	142	46	94.16	17	117	63	89	51.45	132	97	6	52	16.04	127	82	75.46	96	51	113	93	78.48	134	98	47	40																																																																																																																																																																																														
21	34.78	143	49	88	32	27.16	10	147	59	70	144.62	23	40	90.76	96	65	117	57	122.32	107	34	93	23	130.33	80	92	65.36	37	122	150	39	85.41	127	116	95	86	80.54	91	127	117.49	29	107	74	76	111.93	81	50	21	98																																																																																																																																																																																														
76	31.68	37	54	99	33	145.42	84	89	132	116	6.08	105	35	119.43	43	94	114	96	109.63	18	131	62	64	12.99	100	93	24.59	98	84	105	118	34.24	5	61	58	137	21.93	126	109	60.2	20	57	20	40	29.15	49	31	102	121																																																																																																																																																																																														
104	59	114	11	4	91	63.27	66	101	118	69	53.18	19	12	139.36	46	136	12	101	97.84	17	87	14	53	30.61	27	46	33.41	145	145	58	138	76.57	126	138	2	6	31.69	65	61	27.09	24	98	14	125	142.26	26	150	38	22																																																																																																																																																																																														
142	5.09	11	100	145	82	43.91	124	81	83	46	81.81	132	68	54.51	82	19	41	106	59.17	1	75	118	51	72.3	90	85	38.34	53	11	140	72	131.64	22	147	138	16	77.83	42	10	65.14	99	143	1	21	21.3	2	35	119	111																																																																																																																																																																																														
7	113.94	24	21	32	22	94.19	112	98	80	148	123.94	84	112	90.06	28	48	101	103	106.53	79	82	87	61	149.51	14	23	133.28	2	110	116	140	36.7	135	94	49	94	147.74	120	127	75.67	106	145	43	66	100.88	125	88	82	107																																																																																																																																																																																														
50	42.78	100	122	94	120	135.47	143	18	22	41	109.27	132	79	53.4	124	49	47	98	25.83	47	130	75	93	95.54	6	110	6.38	30	48	28	55	117.77	142	24	73	142	132.11	132	78	92.08	119	92	5	127	55.1	58	75	90	62																																																																																																																																																																																														
127	131.62	91	136	71	110	40.73	54	63	41	45	20.33	150	9	17.94	128	94	12	146	39.59	40	144	35	72	101.53	133	49	71.42	48	28	137	73	70.88	64	83	95	41	100.42	121	23	147.36	130	37	13	83	92.67	2	107	110	75																																																																																																																																																																																														
52	3.32	25	93	32	49	12.1	26	10	113	62	7.95	43	10	106.22	17	36	121	103	135.87	55	80	14	93	65.6	108	94	55.16	111	100	132	48	122.82	87	53	3	17	115.44	33	86	52.93	17	130	107	123	146.15	145	37	98	130																																																																																																																																																																																														
127	51.93	33	134	18	70	60.41	2	118	138	141	13.93	85	57	14.46	141	111	83	62	110.55	46	81	130	6	120.95	71	87	104.95	78	92	54	120	111.84	43	105	34	26	15.49	139	18	101.77	52	126	39	148	108.22	138	140	149	105																																																																																																																																																																																														
144	135.47	87	27	146	108	63.38	118	61	131	150	25.33	124	64	113.18	76	135	40	67	52.13	47	110	119	109	66.16	76	119	108.03	1	23	50	140	98.59	121	7	91	95	5	63	13	134.52	148	115	108	8	147.78	140	15	104	51																																																																																																																																																																																														
57	88.46	49	147	130	61	8.62	62	55	32	116	137.15	35	119	139.14	95	49	109	56	110.12	8	94	25	150	6.36	102	112	125.77	16	28	119	72	105.04	109	42	138	108	62.09	147	109	40.61	12	140	18	86	94.74	25	74	132	111																																																																																																																																																																																														
110	24.8	55	115	8	61	16.25	98	59	135	21	27.2	75	105	123.19	17	77	47	122	35.45	48	95	132	81	109.67	80	133	104.42	96	97	124	138	110.47	18	1	18	79	73.67	67	96	115.27	48	66	14	116	54.71	92	112	42	7																																																																																																																																																																																														
55	78.66	40	112	142	59	36.28	74	54	24	47	11.39	58	32	17.59	20	89	47	16	7.34	137	148	63	108	74.63	46	22	37.98	48	114	52	130	40.08	108	37	8	76	23.22	13	148	34.17	115	26	81	128	119.82	7	25	75	111																																																																																																																																																																																														
129	95.64	34	40	79	98	80.3	141	25	120	143	40.11	34	128	114.33	47	141	131	132	136.31	34	62	23	109	91.34	33	130	53.77	57	118	1	128	29.08	129	127	31	146	43.17	1	126	131.48	135	123	95	17	82.06	79	116	55	140																																																																																																																																																																																														
53	31.97	13	61	64	137	58.4	90	49	138	76	42.35	48	27	106.86	31	141	103	28	149.67	105	130	137	38	149.9	107	28	9.83	82	90	101	86	32.33	7	58	59	40	51.74	20	2	111.85	40	21	104	133	129.36	14	90	150	26																																																																																																																																																																																														
74	57.21	45	73	101	97	21.21	80	79	53	33	3.96	99	63	55.88	10	133	87	85	36.79	2	59	10	1	148.97	38	140	87.98	6	130	135	94	36.73	121	14	42	57	62.76	8	94	42.49	107	138	143	80	38.21	56	72	120	17																																																																																																																																																																																														
87	77.72	34	55	114	139	75.09	103	113	42	16	128.66	37	34	23.42	29	112	77	22	44.64	18	69	16	124	78.92	38	47	30.66	98	82	134	16	37.18	140	122	21	99	139.71	33	139	77.51	19	47	59	71	97.26	36	32	17	41																																																																																																																																																																																														
89	66.94	34	31	52	16	2.57	58	121	115	29	42.69	149	110	112.29	5	96	6	119	75.04	86	12	56	71	26.39	14	1	58.89	119	94	37	101	139.58	136	25	56	78	84.83	114	8	89.12	17	50	12	58	145.56	96	120	80	81																																																																																																																																																																																														
143	71.74	60	102	58	74	58.87	140	11	94	34	100.53	93	113	59.38	8	50	62	66	69.77	104	121	107	127	38.11	95	37	95.43	43	139	34	122	5.18	5	41	114	133	43.91	91	124	36.59	134	89	102	57	139.85	21	24	18	120																																																																																																																																																																																														
109	20.67	5	13	18	4	149.05	143	120	125	77	85.22	104	18	107.83	62	106	72	49	30.01	127	120	106	135	22.47	70	123	89.67	9	117	100	50	33.43	134	38	86	104	6.94	81	138	1.35	136	122	145	116	108.69	126	76	100	10																																																																																																																																																																																														
147	78.06	126	99	1	18	24.55	73	32	65	23	136.68	79	69	118.41	1	64	5	2	57.18	28	81	126	15	80.3	113	87	12.9	92	42	119	116	126.05	28	24	35	112	37.72	117	130	93.12	128	37	137	1	55.63	56	143	51	69																																																																																																																																																																																														
56	102.7	44	13	6	65	3.46	40	87	11	113	74.11	120	60	94.71	94	11	53	136	74	118	70	48	3	7.44	35	7	112.07	25	99	79	18	105.19	68	39	65	45	108.66	140	54	90.77	17	41	71	115	94.42	112	25	22	83																																																																																																																																																																																														
58	74.79	104	78	4	19	73.55	89	74	20	75	110.82	125	130	106.29	87	24	117	74	76.51	144	66	68	8	41.33	82	38	51.38	28	79	93	92	45.76	22	116	138	147	24.92	142	135	48.54	86	22	12	9	75.43	60	39	144	80																																																																																																																																																																																														
96	139.82	23	3	68	11	111.88	57	77	146	70	96.84	98	130	123.64	133	53	101	96	80.07	112	73	57	123	37.75	7	103	94.76	49	119	9	144	51.52	33	46	24	84	28.42	133	50	118.46	119	11	101	87	112.17	116	38	80	142																																																																																																																																																																																														
26	21.81	15	82	3	115	4.86	48	20	107	108	44.43	19	148	49.71	76	83	32	3	25.95	89	45	94	90	123.17	58	55	84.29	110	94	149	135	53.42	111	127	25	60	78.7	63	62	105.63	109	150	126	62	100.38	66	96	78	95																																																																																																																																																																																														
133	37.51	112	121	99	59	106.99	16	44	46	148	107.91	31	48	7.48	44	60	60	117	104.81	16	106	116	76	145.68	99	55	62.18	74	76	73	25	58.27	19	87	90	90	70.55	130	122	138.02	130	46	2	60	109.42	99	5	140	82																																																																																																																																																																																														
107	77.06	116	115	50	62	45.35	8	76	139	78	61.59	25	95	92.82	106	89	132	127	102.88	110	58	60	78	72.9	8	69	111.49	57	142	83	45	69.38	117	35	132	42	32.17	64	73	81.1	75	113	114	117	39.06	11	11	45	80																																																																																																																																																																																														
3	107.56	60	150	113	68	30.29	51	68	8	134	126.87	131	136	106.77	61	4	107	140	29.65	28	55	110	18	7.19	13	8	54.07	2	134	69	129	77.63	123	123	60	108	32.01	97	101	21.41	70	25	109	66	81.37	79	98	73	142																																																																																																																																																																																														
141	100.15	3	49	82	102	101.96	94	16	19	114	7.82	124	68	36.43	48	104	49	3	74.45	46	140	15	50	65.45	100	90	116.15	70	134	81	1	129.68	116	77	129	14	55.34	148	139	112.69	33	88	42	97	30.9	99	9	66	76																																																																																																																																																																																														
60	46.89	111	1	91	11	99.26	21	84	72	51	62.3	17	28	144.86	140	142	104	143	148.03	51	96	116	75	19.68	9	123	138.42	36	27	87	105	92.46	62	109	78	11	31.25	115	99	142.7	23	145	64	83	58.21	51	22	90	127																																																																																																																																																																																														
73	67.51	39	63	104	137	59.65	147	95	56	120	108.61	131	86	50.82	143	51	76	74	84.72	132	9	86	81	18.72	18	55	35.69	30	126	31	127	97.52	71	38	97	6	73.44	110	122	127.87	69	9	68	18	71.01	10	33	72	138																																																																																																																																																																																														
134	19.31	73	97	39	36	99.41	9	84	142	70	110.65	77	22	101.51	52	6	96	17	60.47	77	114	79	20	84.13	120	43	127.46	138	29	26	101	1.38	133	45	42	53	138.18	46	56	52.51	119	108	13	115	80.08	97	40	108	82																																																																																																																																																																																														
107	101.19	71	11	109	128	16.89	125	59	12	94	3.48	89	42	127.67	67	42	37	21	44.65	51	137	82	82	77.84	46	126	35.27	48	85	110	23	109.06	84	148	57	71	135.31	127	1	24.15	90	135	121	82	57.74	31	32	133	24																																																																																																																																																																																														
46	75.47	28	93	112	26	94.81	54	98	19	134	137.05	132	65	94.23	97	82	122	9	106.2	77	70	107	132	5.25	81	147	20.7	34	68	101	124	100.43	3	90	115	58	62.74	17	105	99.55	80	117	5	18	108.74	1	53	51	120																																																																																																																																																																																														
141	58.57	52	56	65	57	67.83	29	91	84	79	147.82	91	38	113.51	60	50	97	90	75	89	72	63	60	108.15	18	85	75.44	148	79	133	72	98.64	92	148	131	96	58.47	119	5	65.5	74	42	104	124	122.58	13	123	108	127																																																																																																																																																																																														
78	126.77	141	94	136	99	135.66	92	98	27	46	97.34	25	139	100.92	30	28	113	37	90.42	45	68	101	98	27.12	73	68	125.61	108	68	10	39	87.85	109	5	145	17	106.48	36	13	119.11	34	22	104	124	47.74	39	60	10	87																																																																																																																																																																																														
58	44.56	102	13	117	27	47.54	98	73	4	131	137.13	125	142	84.86	150	72	18	117	146.09	123	85	116	64	69.53	16	7	49.96	39	74	92	134	1.64	116	85	138	111	34.8	16	101	44.48	24	37	108	19	121.27	101	135	54	82																																																																																																																																																																																														
137	90.66	42	84	63	30	95.75	110	144	118	63	57.98	54	33	58.89	12	16	6	15	69.37	129	131	140	63	61.61	108	17	19.98	130	51	50	3	129.23	29	40	6	23	44.28	79	92	92.09	114	39	142	54	137.07	11	53	43	116																																																																																																																																																																																														
137	144.47	80	49	110	130	58.16	51	148	44	126	90.73	12	104	80.29	3	125	16	78	17.25	40	72	67	110	2.37	134	43	28.88	108	21	79	87	39.62	130	96	116	135	31.86	71	117	140.18	25	144	123	146	25.34	13	59	48	51																																																																																																																																																																																														
5	121.66	91	53	3	100	137.81	99	91	68	143	124.52	19	84	109.2	60	52	110	40	29.06	55	113	82	35	34.87	146	85	16.87	41	149	66	33	142.37	51	88	138	11	93.95	102	85	74.1	131	98	51	32	94.2	27	31	51	135																																																																																																																																																																																														
126	145.66	75	82	99	43	51.51	58	62	136	4	14.83	37	18	34.3	129	61	1	100	107.78	120	87	125	14	98.82	28	18	112.23	132	96	73	121	120.68	59	5	119	149	80.68	65	53	16.66	145	101	111	50	42.1	109	78	142	19																																																																																																																																																																																														
53	144.14	15	104	88	95	1.61	112	49	149	36	31.12	43	101	77.5	105	70	76	40	107.72	50	102	101	62	94.56	115	5	2.57	29	24	122	122	28.08	15	37	60	145	102.29	70	146	149.1	136	117	142	31	8.64	117	102	97	70																																																																																																																																																																																														
143	1.76	22	11	89	93	125.57	111	73	113	89	15.54	54	76	52.63	38	66	40	119	40.11	124	13	121	27	94.68	70	60	7.4	93	113	111	37	49.5	92	112	11	145	65.75	131	104	3.87	99	93	43	67	5.31	150	13	17	117																																																																																																																																																																																														
87	112.72	59	138	141	21	135.09	48	58	25	42	75.07	114	133	44.65	126	4	138	25	31.98	63	26	61	113	119.9	15	124	40.65	107	72	90	103	82.66	67	1	145	84	145.88	132	13	19.2	55	56	101	117	135.06	77	14	67	140																																																																																																																																																																																														
9	99.93	4	77	87	102	122.39	5	43	53	60	128.24	59	11	1.89	107	100	125	50	79.85	39	84	110	130	13.06	48	103	57.15	46	101	88	9	138.48	95	150	15	66	31.01	118	5	133.65	47	134	39	144	130.11	51	24	121	59																																																																																																																																																																																														
60	69.66	120	43	58	91	125.52	48	50	65	82	9.13	6	78	21.03	140	99	108	121	88.29	8	138	96	43	80.32	20	109	75.46	93	105	39	134	114.02	131	2	64	149	57.03	85	41	135.34	144	65	70	102	148.47	35	147	73	95																																																																																																																																																																																														
130	7.95	9	122	48	98	82.37	111	84	79	38	72.37	36	114	19.22	11	29	72	32	57.36	40	6	79	150	88.84	49	101	98.7	21	109	93	106	84.54	120	43	78	140	80.69	140	129	145.79	37	61	57	20	135.88	147	33	17	136																																																																																																																																																																																														
148	62.04	44	34	148	103	53.85	37	133	128	15	102.7	37	90	13.38	30	28	99	43	76.57	142	14	143	72	8	134	54	98.77	136	9	129	10	38.31	99	107	22	80	90.37	6	10	7.22	148	147	31	44	109.41	35	116	149	36																																																																																																																																																																																														
107	105.64	118	109	114	79	95.15	51	31	44	118	66.53	23	82	124.72	59	149	11	116	16.52	129	71	6	67	131.85	69	14	81.61	87	136	34	65	87.78	8	90	53	22	57.45	71	126	105.81	9	143	2	83	129.74	120	99	85	25																																																																																																																																																																																														
118	13.68	60	56	69	130	127.86	119	88	52	102	93.24	108	9	106.36	24	55	40	87	75.3	118	111	38	28	118.4	103	52	124.05	137	146	8	65	8.57	134	28	40	28	112.03	77	147	74.15	136	28	113	51	1.17	92	125	22	112																																																																																																																																																																																														
69	20.88	111	108	149	30	5.52	120	65	61	45	51.01	114	23	100.01	136	124	113	134	93.63	133	72	108	54	129.73	56	40	18.78	40	113	38	34	122.35	116	24	4	38	64.91	122	34	139.6	63	137	60	108	134.66	21	31	66	9																																																																																																																																																																																														
27	65.06	143	1	99	61	147.36	107	3	54	87	79.51	138	148	78.29	80	112	90	138	71.22	3	10	60	133	2.6	20	3	116.68	82	90	121	36	20.97	106	111	95	18	147.17	148	31	118.85	72	109	43	55	87.94	150	58	136	149	22	75	66	65.32	63	67	77	128	48.48	22	57	40	118	134.57	34	98	4	3	110.13	56	89	95	85	108.87	87	32	66	9	114.92	82	139	14	111	46.52	42	108	94	126	4.23	62	111	30	4	95.82	63	26	53	32	120.12	38	1	19	129	28.26	5	5	29	53	29.92	67	17	122	98	72.18	39	49	70	122	74.71	93	7	57	96	117.3	34	44	32	101	41.12	5	91	59	34	102.62	127	76	32	84	40.58	35	11	90	40	113.85	64	10	12	44	76.03	7	132	37	19	90.22	59	132	92	85	91.83	144	82	146	39	95.76	122	76	145	62	22.24	97	56	74	60	2.62	90	129	131	67	1.18	117	73	33	81	5.64	41	148	52	28	142.54	26	93	32	117	94.15	57	11	101	113	26.8	145	46	16	121	17.13	43	32	103	64	124.77	101	52	116	100	8.76	35	125	105	17	72.4	82	88	142	18	97.76	15	5	39	107	130.14	6	144	95	116	110.45	91	137	84	83	75.24	62
