50 240
22	2.72	81	3	73	1	82.51	99	116	90	117	79.67	45	84	62.83	33	53	84	120	98.04	85	75	39	57	29.05	94	116	104.86	52	117	72	83	21	58	13	87	76	99.3	129	32	123.49	49	112	24	43	6.16	134	29	74	13																																																																																																																																																																																														
18	132.9	22	41	49	105	105.67	45	8	114	63	93.95	137	138	19.3	11	46	115	7	22.54	95	70	81	111	107.76	46	77	26.26	5	15	123	100	96.51	101	7	7	105	20.11	25	107	72.91	110	55	85	73	65.35	78	7	108	7																																																																																																																																																																																														
136	97.98	8	142	70	4	44.8	35	43	94	142	14.44	13	42	73.59	71	113	65	127	90.5	146	102	150	150	95.41	123	108	130.91	140	41	34	7	103.49	78	132	74	25	120.69	108	114	78.89	110	72	6	95	56.38	3	9	92	42																																																																																																																																																																																														
50	17.19	32	76	70	86	26.73	63	71	137	113	41.77	115	116	148.95	39	58	48	81	115.09	36	92	18	35	88.67	47	123	108.59	36	82	104	67	16.61	97	113	57	131	38.94	66	119	142.74	103	6	37	94	124.24	112	25	73	8																																																																																																																																																																																														
54	81.41	73	103	75	91	1.02	46	103	139	54	102.84	32	115	123.5	9	102	66	73	78.85	67	125	134	81	137.67	115	44	24.22	60	30	39	149	9.01	136	1	140	103	69.2	26	31	19.43	52	119	73	35	122.47	104	31	92	13																																																																																																																																																																																														
125	98.67	39	118	98	123	80.02	108	34	32	128	132.41	141	72	72.94	101	49	67	96	12.61	36	82	31	119	72.74	61	77	98.09	68	72	6	70	8.11	8	4	38	143	30.62	28	77	44.2	60	86	15	80	145.76	92	113	25	135																																																																																																																																																																																														
14	24.24	74	83	144	24	59.09	38	110	101	123	149.79	99	61	109.64	108	36	38	121	18.15	38	131	60	83	82.3	55	96	137.35	48	77	103	83	79.13	122	117	91	7	140	16	10	54.55	12	134	139	25	148.84	104	27	133	112																																																																																																																																																																																														
49	49.16	38	21	119	52	123.69	69	108	30	57	107.56	126	138	111.4	127	58	16	4	3.27	36	126	69	138	8.32	11	114	122.9	104	32	112	33	24.01	23	82	147	55	99.93	39	56	26.74	29	126	76	20	99.84	15	85	36	112																																																																																																																																																																																														
105	87.02	40	47	95	19	55.49	98	48	108	99	116.91	12	143	61.88	49	135	130	141	111	13	112	141	106	35.93	124	116	108.2	85	113	114	64	62.9	107	26	74	76	84.75	100	72	143.3	110	72	89	120	86.86	104	134	89	94																																																																																																																																																																																														
59	9.88	107	62	146	150	98.39	4	56	65	9	66.34	55	132	145.42	124	42	119	146	118.5	25	77	14	107	77.34	106	63	23.14	117	85	75	125	146.41	94	104	94	62	82	66	16	7.89	35	72	123	14	82.96	13	93	48	28																																																																																																																																																																																														
88	113.29	51	30	56	62	53.64	25	80	62	72	84.52	6	84	48.2	65	88	137	65	32.95	33	81	114	84	106.42	55	31	40.92	78	69	101	31	92.93	123	132	58	44	112.44	14	64	111.49	127	68	142	51	50.89	37	63	30	36																																																																																																																																																																																														
91	35.48	118	133	57	140	116.17	84	78	29	90	46.7	36	75	116.02	98	1	96	77	115.91	5	105	64	27	31.33	39	110	132.69	52	35	126	67	68.06	136	125	70	49	73.31	2	16	78.94	140	51	90	33	56.25	62	136	96	143																																																																																																																																																																																														
43	96.62	121	106	80	43	72.4	67	88	82	97	10.22	124	13	49.88	131	147	85	115	114.99	133	84	87	94	13.05	50	94	35.39	36	132	33	4	20.11	11	5	95	134	136.98	46	60	77.8	38	17	4	118	125.83	13	14	22	138																																																																																																																																																																																														
150	124.36	5	99	71	113	105.05	123	53	101	68	1.2	105	8	56.97	40	142	108	113	96.58	65	6	35	114	69.51	7	99	21.99	81	104	78	7	4.79	13	113	79	4	30.1	20	149	92.87	35	43	21	37	7.61	61	98	56	14																																																																																																																																																																																														
24	102.23	99	35	43	115	113.3	58	21	11	135	89.55	73	24	100.97	21	82	71	20	77.72	62	83	139	68	140.66	128	19	114.47	5	13	114	45	64.1	85	92	24	78	22.6	85	8	34.27	100	129	32	28	13.58	41	135	144	19																																																																																																																																																																																														
39	79.12	145	128	36	142	1.7	8	141	75	78	54.69	87	116	82.15	128	105	2	86	5.27	37	58	136	43	110.81	139	133	115.51	148	99	15	84	84.16	131	143	146	1	16.04	124	26	91.45	141	128	84	82	66.21	100	120	84	85																																																																																																																																																																																														
109	54.73	147	95	58	50	108.29	1	147	95	97	68.64	45	50	71.85	94	26	5	139	143.04	137	120	39	33	129.87	120	126	9.19	10	82	141	146	140.67	92	68	110	50	127.06	48	91	148.19	3	31	122	139	63.93	63	17	133	54																																																																																																																																																																																														
128	39.33	6	146	56	110	126.88	128	5	87	138	11.09	38	144	87.64	143	52	27	141	144.29	34	70	2	30	127.42	140	15	114.24	123	39	103	2	50.33	109	122	104	15	71.85	73	75	60.21	117	16	128	116	24.57	110	32	123	123																																																																																																																																																																																														
62	67.13	75	60	70	48	27.04	112	79	44	112	74.37	38	17	55.9	73	136	120	40	35.42	102	123	112	104	32.5	91	100	85.47	86	99	61	18	73.86	117	3	147	67	112.24	98	113	3.66	146	41	47	5	1.03	95	127	26	69																																																																																																																																																																																														
81	4.87	34	108	104	4	61.03	11	149	20	38	10.03	54	20	107.68	50	117	43	13	76.81	77	40	82	53	98.77	2	78	99.64	89	143	139	84	70.05	70	29	37	63	55.85	9	134	34.4	77	58	81	120	60.52	132	44	123	146																																																																																																																																																																																														
74	36.18	123	117	112	37	101.53	21	149	140	132	40.09	47	91	70.41	44	26	94	89	135.41	70	8	104	125	5.37	52	68	49.96	46	1	16	32	147.27	28	120	99	64	5.3	146	102	118.66	101	35	86	48	76.02	138	149	14	34																																																																																																																																																																																														
30	147.21	13	30	37	95	141.26	69	67	13	56	8.41	27	55	122.48	80	67	126	148	70.71	37	7	89	136	99.77	145	120	145.95	5	16	141	145	37.32	55	101	70	81	101.82	131	70	30.94	30	121	86	5	139.42	94	41	50	29																																																																																																																																																																																														
103	3.65	111	93	132	31	36.4	30	142	67	32	85.75	66	135	17.42	65	102	90	20	130.08	34	69	12	50	92.4	85	6	130.08	115	101	148	68	18.42	146	117	25	102	53.64	122	21	115.91	97	67	130	79	129.87	7	68	74	141																																																																																																																																																																																														
89	68.32	60	18	67	48	2.57	64	62	149	81	90.86	141	50	146.6	131	79	54	32	78.78	137	4	124	29	124.09	147	59	130.72	12	149	53	20	94.4	20	12	13	39	82.2	100	15	90.62	113	89	119	126	144.82	83	3	108	31																																																																																																																																																																																														
122	142.18	150	137	141	125	23.82	120	56	23	130	92.68	84	41	37.08	72	20	33	5	148.84	53	106	116	33	110.46	81	145	76.27	144	125	80	70	48.67	100	130	68	61	21.48	149	74	140.46	68	32	54	103	106.39	79	120	40	85																																																																																																																																																																																														
132	146.72	73	147	143	77	20.69	98	46	45	62	53.36	39	115	97.72	59	88	139	22	136.84	101	129	119	27	92.19	36	76	124.62	70	13	113	47	103.44	123	100	129	85	73.47	47	10	35.73	86	125	59	132	74.63	27	55	73	132																																																																																																																																																																																														
61	113.01	40	30	13	16	149.22	5	80	33	57	3.59	66	55	103.32	61	137	48	23	86.13	79	109	74	24	149.53	118	110	3.95	53	89	58	29	94.28	115	106	132	112	116.76	28	103	86.37	10	16	38	107	121.42	11	61	116	126																																																																																																																																																																																														
3	50.63	71	105	70	42	95.19	57	26	113	106	128.34	85	18	111.94	101	117	125	108	92.83	135	147	124	147	147.94	16	1	116.12	125	85	120	26	124.82	69	73	79	45	65.7	46	103	135.66	45	107	67	48	135.28	139	100	43	140																																																																																																																																																																																														
144	8.88	47	79	92	47	2.02	37	124	125	91	23.62	72	117	61.97	19	45	93	109	148.83	115	37	99	92	119.05	63	47	45.15	122	142	36	14	7.23	14	49	38	84	16.11	116	129	73	122	99	19	8	84.05	40	42	131	146																																																																																																																																																																																														
92	80.92	117	111	28	96	30.56	137	74	50	104	27.24	118	39	40.79	23	110	124	58	82.57	107	37	88	79	128.52	84	133	34.75	4	116	111	42	29.33	118	5	112	141	81.25	57	2	132.67	126	115	76	133	83.43	126	8	118	30																																																																																																																																																																																														
81	148.85	123	147	85	85	70.34	94	39	95	129	18.24	18	129	129.13	89	131	7	82	125.68	146	44	16	83	133.3	109	109	47.03	137	122	137	149	100.22	31	10	65	112	16.77	16	119	18	102	103	132	84	142.47	141	3	134	64																																																																																																																																																																																														
120	9.09	137	123	128	120	121.19	33	116	28	95	78.13	27	23	61.55	45	8	53	4	94.44	91	39	72	91	50.48	109	61	33.02	9	140	103	69	70.97	98	52	16	61	3.2	33	1	119.38	10	26	99	41	26.3	147	80	94	30																																																																																																																																																																																														
74	140.74	129	129	134	131	49.16	77	64	60	109	120.02	124	49	23.5	62	110	96	28	35.95	77	11	2	58	14.56	9	101	84.84	124	48	43	70	98.66	57	94	127	125	98.23	146	137	127.24	16	80	50	50	4.26	51	10	145	118																																																																																																																																																																																														
34	95.96	98	11	101	127	26.93	91	102	123	120	131.35	79	121	123.6	55	104	12	41	86.6	52	28	111	33	68.16	60	5	107.2	64	128	141	138	122.75	55	68	120	65	69.13	106	44	140.68	102	33	91	139	8.46	38	87	93	48																																																																																																																																																																																														
85	129.46	60	90	110	61	145.38	10	145	42	24	117.32	37	63	126.58	120	121	74	87	133.29	75	124	104	68	89.37	27	58	92.1	97	90	52	96	68.33	36	32	76	148	102.17	35	112	40.88	133	10	65	148	135.54	108	134	85	112																																																																																																																																																																																														
117	73.28	126	43	27	6	140.71	52	71	105	48	88.54	29	44	143.6	119	34	31	20	128.24	86	104	139	86	28.36	130	67	135.11	67	2	109	100	30.65	46	58	70	105	30.96	15	150	16.21	97	37	36	82	68.79	82	2	99	54																																																																																																																																																																																														
30	107.38	145	47	45	61	85.01	93	41	65	12	137.67	50	46	131.31	23	147	138	29	149.11	125	7	30	70	15.84	18	55	12.67	40	67	46	38	139.53	40	82	7	8	130.15	61	28	16.93	7	69	23	103	3.82	73	13	135	104																																																																																																																																																																																														
10	82.59	57	90	92	30	74.27	8	51	43	96	35.28	130	99	15.73	35	59	90	47	22.45	67	69	20	100	123.73	26	150	82.07	121	126	150	1	91.09	33	68	97	88	105.48	88	119	50.63	92	102	126	79	14.63	30	137	9	21																																																																																																																																																																																														
115	29.8	84	53	82	66	91.84	66	76	116	49	70.57	94	109	79.1	32	53	44	148	41.48	138	102	59	142	137.44	43	3	127.21	113	85	85	112	73.37	44	29	115	37	135.41	13	41	131.71	137	7	54	93	130.92	72	102	34	14																																																																																																																																																																																														
108	52.47	56	129	1	119	126.85	140	11	99	104	143.16	37	26	3.83	115	75	89	43	78.14	36	85	6	27	86.39	24	118	111.81	28	131	3	80	127.59	149	60	46	149	2.41	88	117	133.49	145	65	61	146	80.13	14	14	146	60																																																																																																																																																																																														
90	102.05	15	81	93	102	116.83	123	120	39	48	130.25	36	78	43.2	54	67	33	29	45.85	132	62	140	106	123.34	76	68	59.74	76	16	117	86	116.91	17	39	11	149	138.66	114	121	95.94	106	105	121	16	119.4	67	48	67	74																																																																																																																																																																																														
98	90.25	101	115	59	148	6.31	42	13	118	36	14.3	69	102	37.63	45	94	48	106	119.3	123	1	35	123	104.77	22	99	84.87	145	42	132	64	32.15	2	88	101	87	120.21	70	47	123	122	42	39	138	145.8	129	6	13	49																																																																																																																																																																																														
129	62.12	43	60	125	95	134.15	141	91	138	87	2.45	100	30	61.91	64	73	26	92	108.21	58	50	63	115	108.65	5	144	103.53	41	25	82	78	15.84	46	17	62	69	70.54	36	27	105.46	64	52	66	94	67.3	21	106	136	113																																																																																																																																																																																														
24	139.91	50	77	79	132	87.57	139	1	39	125	35.71	125	46	3.66	124	44	29	82	29.24	7	30	106	85	50.54	44	79	3.98	128	66	54	124	136.81	21	21	112	132	89.04	69	149	44.52	148	3	146	96	141.87	15	102	30	23																																																																																																																																																																																														
7	136.48	51	28	88	132	4.72	60	133	115	47	43.45	117	81	143.86	13	72	35	51	55.32	140	57	75	10	87.03	145	148	84.79	111	68	18	8	49.47	149	60	99	28	41.65	88	31	114.96	44	147	104	149	29.47	13	64	119	95																																																																																																																																																																																														
116	87.64	87	116	65	83	120.92	116	7	90	51	139.81	93	34	66.69	34	124	38	145	96.4	141	13	76	61	53.02	118	133	25.7	71	8	4	75	54.95	34	56	25	33	15.17	44	70	2.15	7	150	22	64	95.04	94	67	108	114																																																																																																																																																																																														
122	8.13	126	133	5	123	5	129	13	1	140	118.11	63	146	47.5	68	64	126	144	19.97	52	99	12	23	110.88	87	6	120.36	105	36	114	83	145.97	51	142	62	12	19.44	105	58	48.36	124	113	31	51	13.67	129	72	15	82																																																																																																																																																																																														
12	9.5	109	20	19	7	116.44	115	137	50	55	138.16	138	24	29.41	113	120	48	46	135.07	19	13	67	83	94.09	46	38	131.07	7	92	136	67	35.23	132	98	14	150	65.37	4	107	49.45	34	12	101	32	19.71	64	69	147	133																																																																																																																																																																																														
94	53.11	3	47	82	76	10.44	43	14	45	12	104.62	68	91	130.27	89	34	115	101	61.76	19	61	136	122	94.75	21	23	73.05	115	31	46	81	25.06	119	137	24	12	41.37	24	110	7.23	21	147	37	1	52.33	91	131	85	132																																																																																																																																																																																														
69	51.66	42	72	28	113	90.54	123	130	10	23	105.07	76	87	147.14	33	2	107	140	53.79	28	127	28	89	111.25	90	110	136.43	147	61	115	7	46.76	95	117	51	20	23.93	136	14	102.68	34	96	107	14	78.68	68	23	23	136																																																																																																																																																																																														
148	86.61	31	13	92	58	122.02	58	106	132	76	43.52	124	129	81.39	28	77	12	106	14.19	14	84	26	85	62.59	2	39	111.42	33	117	39	93	3.35	2	147	12	47	63.95	10	80	107.42	92	90	114	108	57.77	79	48	40	104																																																																																																																																																																																														
24	9.84	54	43	91	145	19.63	27	83	101	36	122.55	22	67	110.77	76	42	107	38	42.66	86	95	120	15	8.66	144	50	90	80	108	81	46	25.65	34	8	125	29	6.62	62	108	15.21	100	65	89	52	110.34	150	83	114	94																																																																																																																																																																																														
28	39.54	51	60	96	100	79.28	72	138	120	136	140.76	40	46	36.26	86	125	1	138	105.61	73	115	112	52	16.98	24	104	69.25	31	44	26	112	6.34	42	128	57	26	39.78	150	60	41.69	21	133	146	106	107.17	145	132	125	1																																																																																																																																																																																														
12	33.63	107	55	49	15	118.53	74	148	16	63	136.62	12	134	13.08	117	43	74	43	55.35	138	82	37	16	137.68	48	128	91.77	105	89	136	137	105.18	134	120	122	74	120.46	109	66	76.27	139	95	3	68	105.45	80	87	24	129																																																																																																																																																																																														
56	69.29	6	126	101	67	39.02	82	48	42	94	41.69	43	113	7.5	150	139	32	21	16.6	28	83	50	89	22.58	89	92	133.93	27	121	35	16	28.59	120	149	115	72	41.9	80	69	117.01	39	42	128	89	66.78	28	26	17	125																																																																																																																																																																																														
121	9.45	11	49	44	66	52.51	24	1	150	117	8.81	71	82	128.22	113	145	100	110	16.4	139	107	143	99	29.19	110	43	20.74	2	148	13	55	98.07	52	2	139	31	125.96	29	19	74.7	123	92	130	36	35.65	60	11	59	40																																																																																																																																																																																														
27	89.16	140	15	5	57	99.71	31	41	100	33	82.18	119	107	46.22	57	86	83	88	17.81	8	78	56	118	16.26	76	100	140.08	88	38	125	144	70.25	22	56	34	73	57.65	33	75	86.92	46	1	51	105	74.99	35	40	116	19																																																																																																																																																																																														
12	80.41	61	8	54	126	42.53	79	82	45	132	54.5	14	26	29.98	37	52	109	79	15.61	83	31	116	130	102.95	67	54	20.37	75	78	114	94	125.7	7	141	23	17	122.99	135	108	21.97	106	88	68	111	97.04	103	18	134	76																																																																																																																																																																																														
96	5.69	58	109	26	71	116.99	136	28	135	35	63.55	98	59	124.38	38	45	6	31	75.95	106	33	123	123	100.09	100	13	131.91	5	126	1	81	118.93	77	24	39	79	121.25	128	146	37.19	7	122	92	142	118.64	103	91	119	134																																																																																																																																																																																														
90	75.53	52	115	103	128	75.48	115	83	126	20	75.63	31	150	99.48	145	146	19	145	117.18	108	30	142	101	128.74	43	97	117.16	102	136	101	126	102.03	110	40	37	42	112.18	13	101	66.85	145	94	70	69	138.1	7	24	86	58																																																																																																																																																																																														
100	100.08	108	92	139	102	45.04	138	45	18	137	93.83	79	14	43.47	84	122	100	10	67.53	139	126	141	43	29.96	32	24	64.23	15	110	8	106	52.39	135	128	119	103	74.86	130	79	118.02	84	123	71	116	104.67	138	90	69	30																																																																																																																																																																																														
102	24.74	64	36	40	68	75.33	92	21	62	5	113.01	52	26	122.96	44	52	32	77	20.6	95	128	25	132	2.82	48	7	15.53	133	23	18	133	109.73	17	14	134	107	115.41	10	63	55.2	50	91	39	82	98.23	8	66	78	25																																																																																																																																																																																														
77	145.59	33	39	4	86	60.3	62	37	36	68	30.92	73	84	58.69	118	37	42	141	49.78	16	6	90	33	112.56	135	63	124.35	149	104	127	43	56.85	106	65	114	99	61.79	136	2	6.61	56	102	43	32	97.79	54	136	121	2																																																																																																																																																																																														
69	136.8	70	99	139	123	143.87	45	131	30	114	102.46	144	41	78.38	81	133	47	28	115.34	43	127	88	143	82.91	24	33	84.07	127	135	85	86	132.88	128	108	135	144	148.15	82	28	146.25	60	147	78	14	80.58	10	8	122	9																																																																																																																																																																																														
35	147.39	111	92	150	108	117.64	3	72	56	44	98.16	43	96	67.11	131	40	108	148	22.11	79	27	72	51	86.57	124	16	108.03	34	50	116	43	45.5	120	6	10	15	120.29	37	58	65.64	94	138	94	13	99.14	71	96	130	142																																																																																																																																																																																														
121	147.72	12	96	41	135	49.09	101	116	85	10	104.51	51	123	20.04	33	150	34	55	26.96	67	98	28	72	51.62	80	130	13.25	116	88	51	110	123.64	136	115	123	104	92.2	75	100	15.83	145	73	78	84	131.13	76	3	137	118																																																																																																																																																																																														
18	96.86	64	77	76	90	95.01	16	32	6	9	123.55	136	7	56.18	146	98	72	30	51.42	30	31	90	141	23.06	140	144	140.39	44	65	45	117	134	80	89	41	122	50.22	10	93	98.84	105	51	62	89	4.05	112	48	143	124																																																																																																																																																																																														
13	49.81	19	125	140	81	66.65	80	50	18	124	24.14	36	115	43.99	123	130	98	86	45.32	83	88	102	144	89.54	146	66	145.13	124	57	5	128	123.59	149	25	121	43	68.88	115	79	3.58	55	85	85	78	127.13	123	94	103	43																																																																																																																																																																																														
57	62.54	130	70	23	80	114.79	147	18	129	38	19.34	111	135	43.85	28	95	78	34	40.33	26	34	97	18	94.87	43	3	136.79	81	64	78	80	45.95	90	21	63	32	56.04	124	135	94.78	91	144	3	52	128.12	67	122	11	129																																																																																																																																																																																														
137	104.4	30	105	24	33	115.2	12	111	74	47	111.61	49	8	115.12	138	42	28	42	11.65	30	118	85	147	49.19	46	73	97.51	116	29	71	5	27.46	111	126	118	99	112.62	118	137	35.33	100	3	102	148	46.33	81	23	89	10																																																																																																																																																																																														
4	149.08	72	23	140	138	42.9	100	68	64	12	119.19	55	46	26.83	141	123	46	133	146.21	25	145	55	19	76.31	135	102	44.06	57	91	131	144	3.93	146	58	35	13	6.1	89	102	59.33	73	19	70	22	19.9	46	125	6	94																																																																																																																																																																																														
20	27.68	13	131	145	43	14.02	58	60	79	125	141.22	70	93	126.33	148	133	71	80	134.25	71	48	116	131	57.22	9	123	95.67	30	62	6	83	35.85	39	108	149	150	132.41	13	136	40.61	134	122	8	76	103.4	68	37	89	11																																																																																																																																																																																														
138	117.45	32	44	94	70	85.62	133	46	47	62	92.61	7	50	2.85	60	13	64	135	68.81	15	73	59	110	60.49	11	147	36.88	124	93	147	113	149.59	89	29	97	8	29.18	21	122	41.86	47	3	127	137	137.39	75	37	19	94																																																																																																																																																																																														
19	27.43	90	12	106	122	55.82	86	93	76	92	144.17	133	65	58.93	128	10	114	138	64.66	18	108	50	94	36.79	78	5	127.06	67	140	22	5	147.31	80	69	98	64	6.89	147	146	49.7	31	38	117	20	16.67	71	127	84	54																																																																																																																																																																																														
9	80.02	84	38	74	122	148.4	99	135	17	66	128.88	101	26	148.24	81	22	59	52	72.5	81	49	72	87	106.02	103	139	39.55	134	25	96	117	141.09	141	78	18	109	57.63	126	119	148.82	110	81	81	127	65.6	27	126	31	103																																																																																																																																																																																														
79	145.53	47	41	117	4	77.39	65	45	101	62	31.87	79	47	52.57	44	23	81	17	93.95	142	75	37	130	36.96	141	8	144.14	117	20	66	137	125.93	150	103	134	149	101	5	87	17.89	148	87	26	148	50.94	40	62	20	124																																																																																																																																																																																														
63	96.86	68	94	34	120	107.91	23	38	102	75	79.67	59	109	106.33	45	87	66	61	132.14	66	72	119	93	128.83	109	138	88.14	83	122	52	49	117.23	21	150	88	63	3.85	111	27	141.58	67	121	144	46	41	93	40	109	138																																																																																																																																																																																														
66	45.2	105	8	18	115	21.5	136	142	17	42	69.58	81	21	133.47	149	34	3	128	4.47	97	124	30	48	53.99	24	86	50.89	85	1	114	126	11.13	43	141	20	28	86.14	28	94	133.27	104	37	9	86	36.21	73	134	102	40																																																																																																																																																																																														
24	30.95	26	81	114	146	55.81	4	99	124	15	37.74	87	96	53.15	129	138	146	53	2.76	115	2	96	27	6.92	122	32	110.54	80	108	64	135	7.64	29	102	135	11	125.48	112	76	132.67	27	29	122	73	90.48	115	5	67	99																																																																																																																																																																																														
80	19.41	110	3	58	56	103.02	36	48	117	48	85.88	6	122	7.13	127	117	120	56	74.02	72	86	139	109	86.92	115	71	31.13	102	3	142	44	53.46	144	133	124	96	56.46	133	94	53.63	140	126	34	124	81.13	11	140	54	121																																																																																																																																																																																														
9	33.72	118	75	142	56	24.2	94	13	137	20	104.7	149	91	46.45	24	5	37	58	100.47	69	8	73	144	98.65	95	114	35.28	45	59	120	64	35.57	42	30	91	93	141.14	68	123	110.49	115	79	33	92	145.45	26	142	40	6																																																																																																																																																																																														
113	70.46	55	137	31	81	145.15	127	86	99	107	3.83	99	50	80.19	31	12	125	145	75.08	63	142	74	112	10.2	60	71	123.49	97	23	32	94	35.91	7	41	122	69	75.37	99	21	149.17	136	123	59	131	123.25	128	30	20	35																																																																																																																																																																																														
53	62.88	120	124	90	53	86.71	62	98	9	62	94.08	117	18	58.12	29	116	37	43	127.69	42	94	15	117	19.34	36	47	81.62	110	35	25	95	2.81	6	56	72	61	91.86	23	56	135.54	126	55	38	28	6.48	100	107	23	122																																																																																																																																																																																														
35	126.05	11	125	133	29	109.62	14	121	55	80	30.12	53	62	123.09	119	137	78	81	60.66	70	110	100	36	44.55	133	95	18.95	60	110	75	56	60.24	91	94	85	86	136.13	124	97	123.47	69	79	114	96	16.63	115	6	37	118																																																																																																																																																																																														
114	114.1	101	19	52	32	66.18	72	51	62	35	6.11	140	92	123.09	80	88	48	38	36.1	22	10	122	86	97.27	90	78	147.09	10	74	12	86	40.88	93	28	137	116	33.44	68	70	24.95	150	65	141	24	26.57	68	137	121	39																																																																																																																																																																																														
145	105.21	6	52	109	24	30.68	112	99	22	17	86.7	90	133	55	18	24	12	16	119.36	92	112	74	65	5.46	5	99	27.51	71	119	93	6	100.04	36	134	25	138	17.47	43	71	143.63	60	61	15	83	18.59	138	116	68	41																																																																																																																																																																																														
74	128.37	131	72	55	69	131.76	35	73	103	66	29.15	29	54	4.49	51	102	90	29	118.79	76	3	98	34	3.75	125	138	146.19	105	55	105	87	98.41	35	41	92	18	61.22	79	125	7.01	13	100	63	133	65.29	3	48	95	93																																																																																																																																																																																														
140	26.97	74	128	88	48	37.38	82	105	150	29	130.8	28	34	133.93	9	99	106	99	94.52	71	15	35	65	82.36	74	117	58.32	94	26	2	9	140.96	105	112	6	53	26.65	37	94	46.98	105	128	85	58	18.61	109	144	53	10																																																																																																																																																																																														
116	120.19	103	112	3	93	64.68	38	88	21	139	134.77	20	31	83.52	34	60	9	17	129.17	74	129	135	72	19.11	32	85	45.6	46	56	105	44	79.11	23	115	134	4	140.87	127	87	96.72	29	78	102	20	136.58	31	75	91	148																																																																																																																																																																																														
117	1.21	37	150	105	2	142.78	70	144	93	50	63.62	58	60	127.83	13	134	30	32	82.87	86	142	20	148	117.54	7	11	67.55	63	104	150	114	92.51	99	71	58	139	1.48	71	56	79.18	50	34	78	85	59.27	116	72	71	46																																																																																																																																																																																														
122	82.05	61	130	27	74	118.61	106	103	67	96	132.83	144	149	128.14	35	130	35	58	74.64	91	110	60	91	32.2	62	58	62.16	63	108	17	26	31.21	106	131	79	108	135.09	20	65	66.89	69	12	54	110	131.04	59	134	107	5																																																																																																																																																																																														
68	39.97	38	97	77	119	105.18	32	40	14	131	16.28	68	136	81.97	142	149	49	93	41.91	39	48	21	110	130.5	130	150	75.32	121	21	142	68	84.16	33	106	75	45	133.33	69	34	100.98	60	20	18	110	106.65	42	110	84	128																																																																																																																																																																																														
89	141.41	150	13	73	62	77.7	72	95	108	100	22.35	67	18	111.54	6	45	57	144	143.43	94	15	96	40	40.76	61	79	10.66	81	16	64	8	16.13	57	12	20	126	101.32	51	12	50.57	23	103	79	110	64.62	135	75	90	134																																																																																																																																																																																														
118	137.22	83	93	117	46	23.11	106	19	9	134	16.15	59	10	136.24	148	142	126	30	72.38	105	83	148	3	89.79	68	33	24.63	20	128	99	127	16.72	58	6	82	21	94.17	14	93	46.43	142	133	55	150	88.61	88	83	84	22																																																																																																																																																																																														
131	142.69	149	9	8	126	33.17	104	113	34	114	40.73	4	19	80.91	72	111	60	115	33.3	41	108	115	87	40.38	40	62	53.29	63	133	96	75	146.67	7	39	99	63	92.48	119	27	109.28	65	97	118	138	115.79	132	140	50	112																																																																																																																																																																																														
22	115.56	30	32	21	112	44	125	2	107	128	130.41	6	54	55.5	77	77	11	126	52.86	58	150	99	34	98.88	143	69	100.68	84	104	97	66	14.92	149	79	109	92	124.58	24	149	59.08	96	150	21	35	1.41	120	92	140	102																																																																																																																																																																																														
50	9.66	39	113	142	76	83.3	93	100	21	41	91.28	69	2	129.96	3	46	63	22	32.56	38	141	110	29	80.56	58	41	117.02	143	121	73	75	104.79	68	145	84	28	122.89	20	112	22.6	31	134	149	81	78.97	112	45	99	86																																																																																																																																																																																														
115	120.77	135	12	85	104	144.3	59	103	82	13	32.1	13	54	136.42	44	130	12	19	103.69	65	129	4	75	56.62	50	143	98.74	32	62	53	124	109.5	29	98	76	27	87.12	36	93	68.96	8	143	125	72	50.19	108	107	52	37																																																																																																																																																																																														
18	18.53	32	56	7	130	64.03	22	119	88	127	145.43	91	95	45.51	89	120	31	123	143.27	96	78	107	67	42.01	71	97	19.2	12	67	73	30	90.32	75	8	106	103	99.57	9	125	79.33	91	56	150	92	32.94	50	92	106	63																																																																																																																																																																																														
107	51.36	43	119	83	27	149.44	99	40	134	54	110.6	54	27	27.07	66	29	99	21	115.45	51	71	103	37	110.4	15	40	46.37	3	38	65	140	79.97	148	19	46	142	113.56	73	74	36.62	131	93	18	140	66.26	123	90	74	10																																																																																																																																																																																														
65	39.8	31	97	43	46	9.46	124	33	24	7	12.3	116	67	143.42	113	32	25	21	58.56	18	4	53	29	5.35	33	107	133.79	140	132	50	117	131.83	77	40	59	39	142.45	138	87	63.77	12	19	101	82	138.93	25	40	9	25																																																																																																																																																																																														
71	54.13	12	73	97	132	64.76	136	39	138	53	112.59	44	119	98.1	82	83	135	145	53.83	25	21	25	141	103.96	4	17	8.54	81	114	5	67	144.13	130	143	70	55	45.96	90	74	143.18	33	75	120	14	104.44	103	1	116	20																																																																																																																																																																																														
80	123.67	95	17	129	35	121.38	101	32	94	55	97.54	92	33	72.55	1	101	146	124	46	79	91	37	16	44.06	149	93	145.77	57	32	12	16	149.1	77	118	45	118	57.72	112	126	75.89	39	132	50	51	148.28	38	43	3	62																																																																																																																																																																																														
103	93.52	139	28	146	85	8.57	58	59	108	75	27.76	87	118	51.21	84	65	84	120	118.43	18	1	84	119	109.71	50	111	5.23	69	131	76	80	99.76	76	94	19	102	65.14	59	26	83.13	7	48	101	37	8.93	146	74	64	16																																																																																																																																																																																														
58	86.53	39	141	134	72	30.32	114	60	144	73	9.52	21	112	107.46	63	97	126	8	75.06	129	117	28	101	81.38	141	62	9.17	50	93	99	45	82.27	117	95	80	23	73.85	105	64	1.01	140	70	70	3	106.84	39	42	123	19																																																																																																																																																																																														
83	137.78	50	130	35	140	83.2	30	122	3	144	44.94	98	124	32.24	3	72	74	83	13.23	87	59	62	129	76.37	77	44	114.62	110	48	83	68	51.08	12	27	13	10	7.28	102	140	3.81	28	118	146	97	113.22	6	92	137	82																																																																																																																																																																																														
93	39.86	51	126	61	2	79.78	82	129	124	20	105.2	132	57	89.76	34	18	64	79	46.93	17	35	86	12	98.33	125	59	84.83	130	96	90	21	142.9	70	43	127	150	15.91	60	121	90.12	34	120	45	20	65.37	29	103	147	120																																																																																																																																																																																														
77	34.33	20	26	18	138	76.8	74	146	74	138	89.04	5	22	20.3	118	90	42	10	123.16	95	35	96	136	7.34	5	18	100.6	61	42	12	136	46.53	137	101	122	7	34.79	41	58	83.53	66	90	135	101	12.24	78	4	35	147																																																																																																																																																																																														
37	107.86	118	52	4	145	73.12	19	144	77	114	2.04	64	98	20.2	64	9	69	4	42.93	84	60	9	53	46.94	59	116	99.99	30	27	68	20	83.52	93	1	143	16	26.22	50	66	14.57	45	32	71	97	62.93	149	4	115	70																																																																																																																																																																																														
134	130.06	136	58	30	106	104.57	147	29	38	24	3.18	24	109	144.58	149	81	133	68	100.51	99	45	121	47	111.75	135	67	119.3	21	13	121	138	8.78	125	41	73	28	44.43	18	51	27.87	77	117	18	128	47.33	93	126	76	148																																																																																																																																																																																														
136	109.59	26	133	139	114	52.54	12	122	64	12	97.61	110	54	78.51	48	146	99	146	119.85	78	25	73	69	94.27	37	89	134.76	112	78	79	120	7.47	88	21	5	108	50.99	68	19	78.74	16	28	36	7	79.54	38	47	58	30																																																																																																																																																																																														
92	119.59	126	86	15	90	53.61	83	79	84	24	16.74	34	74	80.3	44	65	30	98	89.61	73	90	108	81	100.11	113	65	64.25	64	10	137	39	144.52	10	58	11	34	108.8	84	48	71.08	50	24	6	17	96.57	100	16	13	42																																																																																																																																																																																														
38	2.53	34	136	56	47	110.23	7	81	123	86	149.03	84	51	7.28	19	90	86	9	117.71	126	138	38	33	138	7	147	94.62	30	135	139	147	23.48	134	140	37	20	60.63	136	8	21.7	116	46	80	66	5.55	27	32	61	20																																																																																																																																																																																														
32	56.85	122	83	13	115	115.75	143	26	79	144	119.03	82	70	32.2	78	19	143	97	12.44	131	110	29	68	11.55	1	105	142.04	61	101	64	103	45.99	52	47	76	65	33.03	89	93	25.37	129	1	118	87	76.46	7	52	21	90																																																																																																																																																																																														
102	131.21	112	139	31	124	46.11	140	131	50	48	83.11	118	56	143.22	141	104	68	32	79.11	117	67	17	104	39.9	11	99	81.99	20	116	86	117	120.19	27	100	144	140	41.24	58	33	39.47	66	35	145	71	111.6	102	49	119	8																																																																																																																																																																																														
27	2.49	27	50	14	19	62.98	75	14	124	147	135.46	87	12	40.24	94	135	16	4	109.5	11	18	93	24	29.61	36	9	55.29	106	7	1	56	102.86	111	119	149	145	11.18	9	139	56.06	75	139	126	55	117.16	80	108	35	58																																																																																																																																																																																														
138	143.85	5	80	80	117	28.41	28	76	62	26	110.34	19	4	49.55	8	62	138	3	9.63	72	17	129	58	111.25	64	82	16.59	28	19	79	31	90.53	104	58	55	77	3.2	51	96	9.58	12	90	54	75	80.66	107	45	29	37																																																																																																																																																																																														
13	114.12	25	96	5	125	148.47	14	87	111	99	31.24	63	99	62.59	137	65	30	135	138.78	27	7	3	139	112.72	37	121	34.69	75	59	132	11	92.69	17	101	27	43	133.78	75	78	23.89	107	124	140	87	136.7	33	138	11	56																																																																																																																																																																																														
127	52.39	61	22	4	106	140.08	72	44	44	109	61.68	97	102	74.72	61	86	93	128	75.72	55	107	17	63	90.02	72	40	37.09	68	32	101	140	54.79	35	148	129	31	139.52	135	61	49.94	110	128	98	16	69.72	43	91	75	130																																																																																																																																																																																														
51	18.95	115	134	146	38	31.84	87	134	54	120	10.61	59	95	79.34	80	85	137	67	109.59	149	147	5	95	99.62	121	22	35.19	41	27	57	71	49.7	15	98	139	65	24.48	133	93	109.61	120	7	12	137	59.99	133	10	126	2																																																																																																																																																																																														
133	77.58	37	129	114	6	144.89	71	26	60	73	133.88	71	42	40.32	76	11	35	32	124.74	97	5	124	124	48.29	96	83	14.66	59	108	140	96	104.14	81	59	131	53	26.77	123	10	145.4	145	13	68	33	101.61	111	99	3	144																																																																																																																																																																																														
61	96.54	116	75	134	55	56.89	57	46	16	50	61.46	126	18	137.08	68	1	34	121	17.61	134	125	46	135	85.57	4	27	96.85	49	120	89	20	19.13	96	106	115	150	105.1	67	135	54.47	8	72	63	100	44.78	10	94	137	33																																																																																																																																																																																														
98	25.98	123	22	54	37	52.99	17	19	120	76	64.23	105	82	126.04	110	57	8	11	101.72	68	43	107	64	23.85	71	92	134.52	70	17	17	109	93.83	110	142	2	2	11.88	51	98	4.92	95	36	47	21	103.19	3	117	1	20																																																																																																																																																																																														
11	54.52	22	73	146	138	53.32	73	91	150	40	40.38	141	8	29.63	104	80	96	105	7.47	26	108	106	49	40.46	10	61	113.14	12	15	57	97	24.84	139	123	35	17	33.01	80	150	137.11	45	149	83	133	67.85	96	12	33	134																																																																																																																																																																																														
117	79.95	72	124	70	98	47.28	89	76	40	72	139.09	23	39	97.25	91	137	150	119	67.7	41	47	120	109	100.14	20	47	88.77	46	18	65	104	138.24	128	79	75	47	62.66	116	90	146.22	74	99	128	108	3.84	82	94	138	84																																																																																																																																																																																														
99	25.55	111	11	95	148	8.22	86	99	13	103	8.58	101	137	75.08	117	25	2	47	112.78	31	49	61	55	35.3	135	95	69.94	90	122	76	39	30.15	68	136	43	133	129.81	43	113	56.18	2	147	23	91	102.99	58	69	136	82																																																																																																																																																																																														
58	127.57	148	3	129	91	57.39	80	79	22	53	96.4	35	57	82.34	122	9	22	93	85.57	21	74	45	25	32.63	77	150	11.13	28	39	78	123	149.87	103	7	34	85	26.72	134	85	62.58	57	65	50	8	140.82	93	79	77	34																																																																																																																																																																																														
111	16.25	73	20	85	136	74.29	51	73	24	66	104.35	71	150	39.21	102	98	28	44	125.02	140	98	83	68	4.08	144	64	146.13	144	47	146	29	83.7	24	83	85	101	65.73	10	53	46.88	101	80	129	135	7.64	56	7	135	21																																																																																																																																																																																														
145	102.47	120	123	110	131	82.41	124	56	40	25	34.29	68	50	71.74	43	70	88	120	50.73	80	136	87	68	107.6	1	126	48.41	74	107	71	77	82.58	60	117	32	35	100.45	59	88	33.95	94	133	45	23	106.14	150	84	129	20																																																																																																																																																																																														
55	25.15	134	146	45	111	38.19	128	74	52	5	48.86	149	76	79.33	141	24	128	97	102.98	62	15	61	16	135.97	117	40	54.33	113	108	126	76	82.88	102	5	38	120	22.26	51	143	39.17	61	38	66	82	24.17	36	54	36	114																																																																																																																																																																																														
7	56.45	64	37	119	116	9.8	12	130	20	111	113.11	111	147	100.15	6	147	16	44	138.47	59	86	125	75	132.15	60	142	147.87	88	145	146	75	31.7	16	48	66	86	40.64	87	58	54.89	13	1	13	35	76.4	73	135	5	130																																																																																																																																																																																														
148	61.97	44	6	129	3	61.63	41	48	89	78	11.23	62	43	67.05	94	16	19	134	14.11	18	113	58	80	33.75	17	144	131.05	38	88	132	84	90.8	147	80	102	10	112.76	74	121	100.95	121	137	10	135	134.52	6	144	65	115																																																																																																																																																																																														
43	56.63	36	5	33	47	53.81	146	69	100	117	43.62	49	56	128.73	82	68	89	55	112.69	15	7	33	142	59.64	128	102	46.28	148	64	12	102	130.41	4	100	150	93	31.48	145	106	59.73	66	109	107	19	49.49	90	5	63	134																																																																																																																																																																																														
103	134.63	113	129	108	58	7.05	22	125	142	19	112.65	55	106	111.29	24	129	61	45	57.14	65	122	38	109	85.95	41	125	26.8	108	99	147	119	5.38	31	103	71	118	138.75	22	14	14.01	9	39	136	44	143.24	80	10	66	58																																																																																																																																																																																														
61	105.02	113	95	9	143	50.5	59	125	28	144	9.79	95	30	81.17	119	46	69	1	101.62	125	88	116	106	104.05	79	119	25.12	60	26	82	122	55.27	13	103	84	32	64.48	68	7	79.88	97	97	29	20	41.93	52	124	60	40																																																																																																																																																																																														
7	39.89	28	113	89	9	108.87	13	11	134	66	18.23	26	108	146.77	105	59	61	84	122.33	32	117	63	75	67.65	73	102	34.77	115	100	127	122	124	88	69	55	130	51.71	126	5	96.22	18	118	60	34	52.9	62	99	117	98																																																																																																																																																																																														
24	37.56	13	144	31	92	65.43	45	141	16	66	40.99	96	36	137.77	118	146	65	9	91.53	60	20	127	125	71.78	129	33	146.59	4	77	6	7	48.56	141	79	74	83	73.76	89	14	134.84	112	121	69	12	136.38	57	133	63	116																																																																																																																																																																																														
29	100.04	95	82	147	81	67.66	92	8	70	27	72.16	104	60	110.6	46	55	101	11	48.79	114	55	36	102	101.56	18	110	93.65	115	109	88	79	147.43	49	73	56	13	142.65	126	91	137.15	80	8	130	133	12.04	108	97	113	30																																																																																																																																																																																														
83	112.97	111	59	28	111	61.91	121	76	67	129	90.78	88	35	9.58	52	134	51	128	16.66	42	35	135	46	74.67	121	94	122.22	149	78	49	64	62.98	115	39	57	41	8.83	92	67	10.93	105	26	68	36	23.81	39	61	87	14																																																																																																																																																																																														
60	89.89	57	64	24	5	35.53	103	14	5	75	126.54	54	80	125.19	45	134	69	26	109.11	56	142	115	146	136.96	39	136	118.33	138	92	6	126	4.15	21	103	25	45	71.87	8	32	83.14	86	33	135	13	91.43	133	77	1	56																																																																																																																																																																																														
101	40.07	62	110	147	24	65.61	98	101	62	118	100.32	131	38	43.91	119	117	45	99	79.88	111	117	84	131	129.69	105	133	105.04	24	16	71	106	104.84	22	21	32	80	80.12	60	59	100.38	51	99	86	150	144.19	132	96	41	148																																																																																																																																																																																														
103	26.61	51	63	62	60	10.6	134	97	46	48	78.12	91	20	50.44	30	42	16	100	84.3	27	116	4	65	105.28	54	146	121.81	81	36	41	51	76.83	28	39	121	138	3.07	22	54	99.75	149	80	7	80	21.88	67	134	84	129																																																																																																																																																																																														
60	64.36	149	129	140	95	98.11	75	127	132	19	35.17	124	148	60.45	32	65	130	61	25.72	72	85	8	149	61.17	148	16	4.17	33	140	59	118	81.7	110	129	77	18	140.75	145	47	121.53	11	143	109	118	37.03	51	144	87	46																																																																																																																																																																																														
23	24.65	79	79	146	147	67.69	9	22	59	72	63.12	113	5	66.53	133	61	81	150	92.58	79	5	59	146	103.11	79	11	102.53	147	136	93	150	38.28	2	126	9	17	87.82	92	147	35.82	77	144	96	51	2.35	73	97	112	135																																																																																																																																																																																														
36	60.74	69	114	145	33	66.93	8	130	61	101	131.87	150	116	120.86	8	134	135	124	105.98	32	1	120	135	83.7	130	13	144.4	14	95	118	114	80.01	149	110	85	77	12.56	74	139	111.08	36	125	65	93	3.33	64	10	50	44																																																																																																																																																																																														
81	30.71	63	87	21	35	89.2	72	47	112	132	9.46	88	30	125.74	31	17	82	52	55.97	118	59	90	94	79.3	63	15	44.67	23	22	27	54	43.07	84	111	28	147	79.13	53	35	36.19	81	115	19	96	85.22	34	96	117	58																																																																																																																																																																																														
77	20.36	41	90	81	29	40.04	30	1	78	150	19.57	55	71	2.1	73	38	114	69	9.12	22	22	40	5	102.35	107	26	12	44	142	111	16	129.91	11	114	24	121	8.32	82	71	138.79	92	38	101	17	103.42	64	130	142	127																																																																																																																																																																																														
46	27	146	138	110	5	80.1	36	30	140	62	123.74	28	104	85.67	36	98	37	69	98.67	109	50	114	147	84.37	33	118	29.27	44	50	31	47	118.25	49	100	25	31	78.33	117	29	135.26	102	110	140	102	115.07	82	105	69	1																																																																																																																																																																																														
108	56.47	130	9	43	111	12.36	122	80	50	78	101.91	4	99	69.99	95	136	118	9	6.03	34	122	53	118	90.55	28	14	85.05	41	115	52	84	116.94	131	11	117	132	68.96	128	21	89.95	90	14	134	96	25.68	112	24	122	131																																																																																																																																																																																														
86	117.62	63	23	74	63	14.58	95	49	81	7	138.11	15	37	33.56	28	139	126	65	74.58	91	12	4	46	95.95	129	46	79.5	72	111	64	91	95.16	83	143	64	70	65.08	28	94	59.46	139	126	121	121	72.59	109	98	122	106																																																																																																																																																																																														
27	94.41	70	144	59	23	107.46	38	63	134	113	137.43	82	1	69.15	134	97	67	94	59.55	86	62	139	133	132.23	12	31	106.21	119	82	8	20	47.94	15	9	43	19	43.85	80	61	70.61	131	109	22	39	3.6	43	65	123	141																																																																																																																																																																																														
43	147.63	82	35	61	57	133.75	50	144	132	66	121.31	103	131	105.99	5	78	5	50	33.15	106	39	122	36	124.98	87	53	104.14	15	46	83	78	149.78	81	145	28	67	119.23	84	13	105.66	50	112	81	116	3.1	117	112	53	64																																																																																																																																																																																														
18	108.11	30	43	105	76	81.13	136	98	12	142	12.21	78	27	97.75	17	146	63	105	108.24	127	64	104	143	32.16	74	65	75.19	98	44	94	110	54.31	144	90	27	120	22.69	5	41	104.73	135	117	127	107	80.54	63	54	101	138																																																																																																																																																																																														
121	81.01	76	134	3	146	119.37	101	85	40	43	77.17	30	97	15.04	54	143	142	34	80.21	4	53	110	91	12.15	120	101	32.6	23	138	130	82	100.86	97	91	104	25	42.27	93	107	45.88	96	128	131	31	9.71	82	13	147	100																																																																																																																																																																																														
24	13.45	25	114	139	113	145.73	7	107	70	12	15.08	79	41	21.37	125	81	116	130	111.3	88	112	50	4	94.28	84	147	127.19	23	32	13	63	34.84	28	116	148	127	133.41	44	100	83.3	46	71	89	41	75.66	72	88	34	34																																																																																																																																																																																														
77	73.09	56	89	24	139	102.91	33	43	48	17	138.27	39	87	66.41	77	132	22	32	13.43	107	48	107	8	128.97	130	11	59.57	6	81	87	25	4.17	72	59	25	2	105.72	32	69	70.41	110	41	97	25	31.16	97	18	143	140																																																																																																																																																																																														
85	80.17	99	77	141	133	89.92	114	15	4	96	27.37	148	19	83.37	72	13	81	99	138.79	107	74	85	68	34.55	46	87	29.12	141	54	84	130	28.05	44	33	24	20	122.41	134	114	43.74	141	25	104	6	134.24	147	89	133	16																																																																																																																																																																																														
55	13.58	90	133	140	67	141.75	129	100	149	6	81.1	69	114	50.63	87	97	118	106	69.12	66	27	40	33	116.67	15	99	120.54	140	36	84	33	138.24	123	131	103	103	108.49	19	131	35.2	37	20	119	22	102.7	136	52	6	89																																																																																																																																																																																														
150	32.21	85	103	100	147	26.88	23	119	27	104	30.03	124	130	34.29	105	37	48	60	90.64	121	30	85	81	102.41	131	84	17.8	14	5	51	92	111.39	61	112	7	85	54.63	57	40	85.6	150	51	98	30	28.62	78	6	98	19																																																																																																																																																																																														
128	72.87	113	37	47	12	140.98	104	91	89	111	144.13	18	105	5.71	89	111	124	91	43.58	45	34	22	134	77.21	2	110	149.42	37	44	76	41	18.99	38	99	34	117	95.11	43	75	119.58	62	116	9	148	90.86	96	81	109	75																																																																																																																																																																																														
78	14.53	7	26	63	31	64.4	128	71	10	134	57.76	150	135	3.41	135	35	76	13	39.48	72	20	23	61	8.44	46	18	111.11	129	44	34	93	24.6	5	16	9	43	51.01	97	132	32.16	117	102	60	9	94.06	48	133	88	109																																																																																																																																																																																														
6	44.47	147	7	129	62	84.49	77	38	59	9	107.81	13	98	148.18	106	144	45	88	41.31	24	71	141	27	131.64	126	13	3.78	64	24	122	54	83.93	26	131	114	96	130.12	31	35	137.55	145	149	131	59	63.37	145	137	93	112																																																																																																																																																																																														
118	16.51	73	98	22	141	15.54	71	111	13	126	35.02	108	33	100.45	50	42	72	69	76.12	138	120	128	137	54.72	53	70	128.94	56	84	40	24	22.89	58	88	137	41	97.64	69	122	112.38	82	146	25	48	8.31	51	65	123	133																																																																																																																																																																																														
123	134.6	135	122	103	23	59.07	137	18	21	101	81.77	70	87	71.19	51	77	81	128	136.6	144	9	46	89	101.51	19	18	43.51	67	141	39	40	18.52	40	34	113	29	16.59	70	30	105.76	39	116	121	49	39.52	39	114	83	51																																																																																																																																																																																														
106	3.73	63	12	140	25	144.07	123	119	139	91	75.31	5	72	107.55	97	68	115	38	127.58	121	120	89	130	122.4	64	39	113.45	73	19	39	20	20.87	44	118	104	15	31.8	47	34	24.27	130	28	128	51	135.86	17	132	60	136																																																																																																																																																																																														
29	3.75	122	67	27	103	138.3	109	13	138	89	129.82	28	96	36.91	80	147	140	44	66	53	112	127	136	60.37	7	118	121.94	107	132	123	71	100.72	65	3	46	117	21.12	68	132	20.85	46	51	100	88	109.15	65	4	132	136																																																																																																																																																																																														
14	132.31	53	118	95	97	29.16	79	129	105	95	68.77	72	137	25.47	126	49	56	133	122.87	46	142	12	74	9.33	42	52	137.14	119	80	149	109	123.26	59	67	91	31	15.52	34	140	12.2	114	98	54	139	134.5	37	97	131	7																																																																																																																																																																																														
54	33.48	52	116	29	131	91.51	143	61	71	46	62.05	15	82	34.04	54	55	98	61	103.78	72	3	100	23	56.18	68	96	74.84	75	92	59	32	125.78	134	124	73	121	86.38	85	142	42.25	87	47	122	11	23.15	26	88	23	68																																																																																																																																																																																														
110	132.73	12	88	6	150	36.06	79	12	97	10	9.16	25	43	78.63	28	124	144	96	140.87	109	42	2	35	67.68	40	113	69.58	111	51	84	29	59.69	5	36	25	78	84.65	93	85	65.79	144	134	80	133	133.55	89	6	133	1																																																																																																																																																																																														
12	64.84	112	113	43	1	32.36	51	6	22	57	124.54	58	89	39.41	6	82	69	97	18.18	6	6	44	115	26.34	115	26	137.12	51	69	89	35	30.3	134	4	33	140	121.44	99	39	14.67	85	107	7	37	89.81	140	1	10	80																																																																																																																																																																																														
3	92.05	28	127	50	54	101.83	22	144	89	53	34.26	33	23	122.86	96	103	100	40	134.91	19	134	124	84	131.4	120	97	100.26	31	71	150	28	19.81	125	106	124	144	84.87	68	79	102.34	26	112	99	76	15.1	129	58	135	41																																																																																																																																																																																														
34	4.31	77	70	13	101	67.2	129	81	42	121	134.42	48	39	33.79	90	110	142	73	117.72	139	117	104	130	76.49	55	142	51.39	60	9	119	148	47.94	3	38	33	59	74.15	115	116	24.12	138	5	142	8	129.19	118	24	141	124																																																																																																																																																																																														
50	128.06	127	1	38	65	143.24	41	33	51	150	103.46	96	37	13.28	104	80	49	86	79.91	13	129	15	144	141.35	49	20	80.18	112	60	37	31	42.89	128	43	80	69	100.64	37	37	135.02	62	76	116	51	36.34	125	95	129	63																																																																																																																																																																																														
69	105.76	144	74	149	50	88.46	73	34	84	142	59.38	61	1	25.14	67	40	26	11	51.08	126	138	136	9	67.92	108	124	14.01	102	127	38	24	98.2	33	32	83	140	94.53	81	76	48.04	65	96	79	132	57.08	43	6	20	17																																																																																																																																																																																														
64	132.32	145	140	6	85	92.21	113	3	119	105	70.08	14	58	91.31	41	6	45	45	84.26	131	121	109	134	45.71	108	45	48.65	6	100	88	83	54.04	115	111	120	90	17.45	23	3	65.52	34	5	139	47	77.05	94	110	10	17																																																																																																																																																																																														
67	91.99	66	55	75	34	6.6	64	72	15	105	105.89	57	114	9.4	26	3	38	111	13.7	98	131	54	140	94.73	77	107	48	23	91	61	114	117.26	122	58	71	102	53.78	48	41	136.8	138	23	23	37	137.63	103	138	69	108																																																																																																																																																																																														
24	97.49	137	99	96	144	22.88	132	73	61	25	5.31	104	49	108.64	58	61	9	77	3.77	58	40	45	91	113.94	37	28	148.46	53	14	17	82	130.48	46	18	26	39	30.08	107	18	14.27	46	10	7	69	85.22	79	49	88	11																																																																																																																																																																																														
111	31.87	92	117	3	96	84.23	70	103	103	124	75.35	119	90	30.94	64	117	75	73	121.36	147	139	114	131	87.58	143	16	129.72	6	5	112	125	138.22	88	85	115	58	85.85	68	51	132.1	56	49	41	72	55.53	126	8	81	53																																																																																																																																																																																														
72	127.88	106	31	113	145	105.93	29	46	91	89	81.67	146	92	115.51	52	116	16	134	104.84	87	121	98	12	29.8	106	133	56.95	80	112	15	132	15.52	54	2	133	10	12.16	57	60	26.83	59	67	70	10	67.57	111	150	113	82																																																																																																																																																																																														
56	136.01	129	135	111	142	71.86	143	50	30	126	57.38	104	44	124.72	69	51	40	60	31.9	145	114	87	126	115.55	142	84	54.53	88	71	43	37	61.76	127	138	33	58	7.04	140	57	26.31	121	37	73	38	127.93	135	90	120	24																																																																																																																																																																																														
64	125.7	118	141	86	12	123.14	80	117	8	109	116.53	8	105	130.69	106	50	87	71	129.44	13	137	115	60	5.95	48	42	40.84	90	31	18	54	56.38	101	75	85	15	84.59	88	81	149.87	24	39	150	81	36.86	89	9	6	53																																																																																																																																																																																														
91	68.92	47	117	76	147	58.54	108	44	143	103	56.43	38	34	25.73	141	94	18	147	33.67	14	113	88	87	22.5	143	132	28.57	30	143	48	21	46.84	52	15	69	17	75.78	10	40	61.72	24	52	142	130	115.18	7	20	58	70																																																																																																																																																																																														
121	49.36	86	85	40	144	87.04	83	66	124	100	101.31	101	16	142.8	149	32	19	9	85.73	131	58	33	57	53.8	76	137	101.37	123	127	92	50	70.07	84	94	39	15	119.49	39	52	9.39	118	46	110	83	72.83	96	70	115	17																																																																																																																																																																																														
68	24.06	66	81	105	67	3.04	150	148	82	136	138.33	89	101	98.38	29	87	131	67	10.22	138	71	69	102	66.32	48	12	116.73	131	61	101	148	136.8	130	85	111	114	128.63	19	60	22.05	21	118	57	110	118.81	108	81	119	137																																																																																																																																																																																														
56	77.26	143	142	120	15	130.54	30	53	74	95	69.72	78	80	70.1	103	58	130	111	96.32	22	136	42	81	45.96	28	147	117.75	34	143	85	110	114	42	82	46	77	35.75	46	18	47.52	56	30	3	55	128.35	1	138	38	135																																																																																																																																																																																														
114	36.72	116	73	116	27	73.68	110	75	36	136	83.41	141	113	12.32	138	91	100	16	96.83	26	139	78	48	108.81	47	97	28.32	142	62	129	26	40.85	59	123	108	50	66.51	64	142	116.27	115	91	112	120	147.33	55	130	54	39																																																																																																																																																																																														
140	57.43	81	15	49	99	98.26	48	105	106	72	134.07	22	124	136.85	71	136	21	89	68.45	115	50	109	59	57.45	50	25	78.32	76	123	113	69	62.57	20	127	139	43	70.71	84	36	90.87	41	139	118	72	109.97	30	125	118	140																																																																																																																																																																																														
27	143.24	128	38	134	53	80.69	107	118	10	146	30.83	85	18	30.12	45	42	94	79	102.46	123	66	10	74	124.06	14	81	58.46	24	124	39	102	71.96	118	59	96	52	12.26	47	77	1.82	43	30	134	39	57.09	141	70	59	23																																																																																																																																																																																														
25	131.78	83	81	18	63	134.79	16	17	35	40	107.5	28	18	99.87	13	89	68	142	52.11	93	145	29	9	132.71	4	5	123.04	110	113	95	127	127.27	37	16	29	6	90.37	116	4	53.32	107	56	85	128	86.09	77	125	116	39																																																																																																																																																																																														
105	51.19	137	43	146	85	116.96	111	140	15	13	39.31	59	5	137.94	28	113	74	96	60.93	88	61	105	45	29.01	38	93	21.14	111	18	140	53	34.82	133	96	70	135	2.51	96	119	36.54	141	12	42	114	121.73	25	102	118	126																																																																																																																																																																																														
1	5.54	14	124	74	111	57.04	118	146	50	21	17.7	3	23	10.45	11	144	55	1	2.16	45	94	116	60	149.54	86	44	61.35	47	59	26	76	111.07	125	80	39	31	5.19	134	137	113.87	19	19	76	4	61.02	56	128	91	109																																																																																																																																																																																														
34	138.11	63	129	56	67	132.92	116	122	53	118	111.88	53	92	77.4	34	17	108	27	67.74	36	70	68	45	77.05	53	110	146.59	26	69	85	86	17.09	88	127	117	34	58.07	75	78	124.41	50	122	16	95	134.34	137	110	41	81																																																																																																																																																																																														
81	139.51	60	57	26	33	42.6	77	10	130	17	27.75	95	132	100.17	79	71	68	117	146.83	67	113	109	102	68.25	146	72	63.37	33	8	18	6	3.64	104	146	46	114	48.86	127	42	122.04	25	142	95	60	91.85	80	109	108	135																																																																																																																																																																																														
91	132.94	64	144	98	113	31.22	18	26	26	62	110.06	34	48	49.45	110	18	99	36	13.32	112	104	47	14	5.36	86	11	63.74	54	93	97	130	11.35	122	144	95	70	20.54	10	90	121.21	45	69	31	93	97.38	117	70	96	140																																																																																																																																																																																														
150	3.31	93	45	89	73	72.39	22	41	96	101	14.34	54	76	34.05	23	9	4	131	123.32	76	33	129	119	9.98	144	27	33.93	11	121	116	89	31.89	141	116	51	40	91.4	28	62	105.44	64	116	142	55	88.62	2	15	127	117																																																																																																																																																																																														
70	73.91	67	14	10	1	4.35	6	41	44	110	133.36	71	76	133.36	144	49	115	150	71.7	103	91	76	29	99.85	130	101	80.26	77	76	47	11	123.76	25	80	108	48	112.39	17	110	24.12	123	125	118	67	148.72	68	144	52	144																																																																																																																																																																																														
90	94.28	91	106	101	132	86.61	11	97	131	79	36.42	149	42	31.42	9	137	77	44	149.23	31	53	70	28	28.19	95	150	113.75	45	23	13	34	74.43	40	133	48	92	45.04	18	27	113.96	83	115	32	119	99.24	9	108	141	141																																																																																																																																																																																														
35	108.27	61	72	147	13	71.34	53	56	114	28	117.03	65	90	114.69	62	139	82	44	77.06	1	55	56	55	36.29	17	60	121.14	58	123	115	20	145.19	51	77	19	95	110.4	149	13	1.69	58	100	23	47	87.44	57	54	23	47																																																																																																																																																																																														
64	117.32	34	3	134	95	49.81	79	50	57	123	27.25	133	61	68.36	129	134	40	38	122.01	17	13	23	132	64.83	142	32	69.02	14	133	12	80	28.21	146	58	68	107	31.9	130	114	52.97	99	125	26	147	95.94	41	116	4	16																																																																																																																																																																																														
47	148.62	118	103	129	117	92.44	19	67	6	77	131.58	78	55	96.6	24	107	54	69	53.65	94	91	47	43	31.82	32	142	67.47	38	31	95	146	136.82	98	43	108	93	60.46	135	116	32.93	131	125	20	9	41.65	55	106	34	65																																																																																																																																																																																														
17	10.59	101	108	69	6	119.81	132	108	15	24	23.55	108	28	128.56	97	144	119	6	31.78	138	99	120	48	142.47	63	63	122.57	19	21	29	128	72.13	38	24	83	5	60.38	19	63	144.32	105	103	30	135	145.79	147	83	128	144																																																																																																																																																																																														
150	94.08	87	121	96	136	50.82	129	99	32	11	61.86	134	29	31.55	65	108	121	121	31.33	13	13	70	1	34.81	4	75	19.4	91	150	106	127	129.6	112	60	13	90	4.33	114	141	19.09	121	120	76	119	63.23	93	56	90	26																																																																																																																																																																																														
64	131.56	127	44	97	102	71.41	99	74	133	83	76.39	140	53	38.9	2	129	90	3	43.52	33	130	66	15	113.65	81	65	52.11	123	10	79	39	78.67	25	130	19	14	63.74	111	93	84.41	46	131	95	95	136.89	19	18	51	49																																																																																																																																																																																														
46	95	124	24	130	120	70.28	57	113	142	41	131.76	140	80	2.99	138	84	108	18	47.03	5	79	77	146	127.97	103	148	5.34	57	83	123	118	77.8	137	115	85	56	39.72	21	59	77.41	1	45	25	65	84.9	115	141	89	83																																																																																																																																																																																														
26	30.29	145	70	94	109	85.98	81	39	84	126	63.24	136	62	148.29	83	3	18	53	70.18	3	62	105	41	105.12	33	84	16.13	43	60	38	48	124.65	36	112	141	127	61.58	126	61	25.55	84	60	33	32	9.18	43	10	130	87																																																																																																																																																																																														
13	36.54	85	48	131	3	66.07	31	15	99	32	148.88	84	124	84.49	130	38	49	98	37.38	25	1	38	104	31.35	111	14	119.27	128	88	34	142	32.13	58	110	48	111	64.06	27	30	39.3	12	22	121	93	14.45	31	52	94	54																																																																																																																																																																																														
47	128.2	141	103	120	68	24	143	26	73	65	116.8	60	95	47.64	64	36	67	95	148.91	97	48	37	51	72.07	51	26	141.76	101	134	88	102	110.7	18	105	147	95	11.67	84	78	97.74	20	122	52	105	122.04	96	10	45	97																																																																																																																																																																																														
13	9.09	136	17	70	144	93.34	40	25	85	126	63.83	11	70	43.43	81	95	26	124	25.91	60	75	52	88	85.91	123	64	134.16	105	55	65	55	60.22	24	112	66	40	68.49	111	119	132.72	62	134	61	53	93.88	15	133	89	100																																																																																																																																																																																														
68	11.29	79	88	145	87	121.81	118	108	46	29	14.48	62	126	7.18	112	106	108	89	12.24	84	64	37	133	6.05	20	130	57.11	9	74	16	94	82.12	38	136	123	19	55.46	146	140	46.28	42	46	144	28	56.06	69	132	24	38																																																																																																																																																																																														
119	70.86	97	9	134	69	90.46	121	41	103	145	61.04	14	85	102.76	3	39	94	86	88.62	51	52	12	134	46.92	13	63	58.19	98	134	119	90	137.05	9	94	149	51	134.07	14	51	28.69	57	104	138	9	27.89	63	55	81	1																																																																																																																																																																																														
41	68.71	97	123	101	38	73.24	92	146	140	86	50.88	140	9	149.84	116	49	101	123	71.18	38	138	67	24	128.56	62	115	68.2	89	128	129	114	60.66	28	34	51	13	57.75	140	5	14.53	125	100	33	15	144.96	132	140	28	20																																																																																																																																																																																														
26	39.27	61	69	60	16	112.25	43	136	148	39	65.48	54	29	140.96	128	132	1	99	19.37	109	129	59	54	101.28	44	98	76.56	22	107	106	74	61.2	81	61	52	45	85.9	53	54	80.31	100	5	73	91	133.02	147	100	121	31																																																																																																																																																																																														
143	16.39	10	7	66	72	125.55	43	148	49	104	149.14	63	99	139.8	98	113	40	112	49.24	6	50	14	22	100	54	148	128.82	125	102	128	74	63.39	76	26	28	126	135.17	127	112	52.97	22	5	24	50	127.19	10	28	118	30																																																																																																																																																																																														
104	69.11	81	89	52	137	118.15	16	59	133	46	53.27	131	131	22.05	55	77	100	6	22.28	74	10	48	77	52.72	12	123	36.9	88	35	149	141	96.05	31	8	38	68	78.97	81	111	52.56	58	16	15	146	79.9	5	135	16	14																																																																																																																																																																																														
3	55.63	92	14	54	76	82.4	102	1	122	100	32.12	81	70	121.27	16	81	76	42	54.5	35	39	28	75	72.16	9	67	27.39	74	64	144	46	11.11	108	75	145	29	23.13	92	50	87.55	70	21	67	89	36.28	82	96	99	37																																																																																																																																																																																														
59	83.64	1	85	69	112	65.24	89	116	66	17	58.93	120	90	60.57	145	101	110	109	72.28	58	132	79	92	121.12	11	147	36.32	91	112	117	74	143.75	4	103	139	148	123.09	64	8	87.91	129	140	135	66	49.05	57	33	37	73																																																																																																																																																																																														
100	149.53	78	55	84	64	117.3	85	71	143	91	132.79	97	40	16.81	84	71	135	75	96.96	145	30	132	35	69.08	2	64	42.92	102	115	61	76	103.82	89	144	65	127	146.21	12	30	57.21	2	134	35	114	104.96	115	41	69	45																																																																																																																																																																																														
74	81.12	59	83	13	80	109.34	118	113	38	143	105.53	116	121	53.61	4	3	32	11	82.43	25	30	35	132	3.06	52	112	68.04	140	100	72	140	102.95	85	113	92	27	122.85	114	79	58.79	114	82	138	134	4.8	110	108	98	48																																																																																																																																																																																														
136	146.25	122	84	19	38	27.7	150	12	8	83	142.93	25	71	30.97	28	104	53	134	41.4	71	17	57	73	49.64	147	139	90.27	22	111	29	130	44.7	35	121	41	15	57.94	118	110	9.11	50	71	125	3	91.31	59	26	1	24																																																																																																																																																																																														
1	35.94	37	126	64	14	26.37	86	105	4	62	28.66	136	14	87.56	87	116	40	149	142.9	56	51	118	31	59.06	63	149	60.86	119	50	144	14	9.62	1	9	16	36	135.69	14	108	94.93	79	52	23	140	90.29	91	51	9	29																																																																																																																																																																																														
114	104.71	10	64	84	49	102.38	61	49	63	34	110.15	36	11	42.67	70	5	94	99	69.3	101	70	75	31	107.02	19	24	15.54	98	115	145	86	119.53	145	96	61	120	130.83	111	106	86.56	28	62	100	77	89.74	131	24	138	64																																																																																																																																																																																														
144	42.94	48	130	47	59	142.65	82	83	1	102	34.98	53	79	5.14	109	117	60	65	60.23	117	36	115	118	6.78	148	126	45.44	101	78	135	122	92.03	2	118	51	30	100.82	9	58	53.25	51	121	42	131	12.44	141	107	138	118																																																																																																																																																																																														
66	52.22	108	125	45	21	14.19	62	98	145	26	29.97	33	22	90.48	27	39	8	20	69.2	59	23	125	24	75.47	68	3	120.96	65	110	21	16	57.12	104	65	146	74	122.96	96	30	42.41	130	109	98	144	12.01	127	34	136	146																																																																																																																																																																																														
96	77.78	81	31	84	44	70.98	116	53	102	12	126.91	97	19	69.55	83	46	79	110	8.16	91	150	98	24	136.28	94	144	67.27	72	65	108	140	44.48	22	12	141	97	26.33	98	56	62.56	84	117	79	78	45.18	144	1	93	81																																																																																																																																																																																														
23	75.57	15	75	2	124	31.65	93	12	112	101	53.53	96	20	121.2	22	118	22	51	53.32	96	77	37	117	1.55	74	136	128.19	49	92	1	42	87.93	116	88	97	130	127.44	28	138	40.37	110	48	46	95	83.75	38	44	83	18																																																																																																																																																																																														
33	135.5	94	100	38	129	111.76	137	133	92	70	64.2	143	73	34.42	130	93	25	37	129.48	51	89	120	72	140.81	97	59	63.74	135	6	109	129	114.85	97	17	71	63	27.82	5	106	143.81	130	51	26	124	32.75	83	142	16	142																																																																																																																																																																																														
11	113.23	43	73	128	133	75.63	53	109	76	15	11.44	122	93	10.7	116	60	103	142	97.15	94	72	100	25	99.5	32	27	45.97	84	103	19	147	4.31	118	3	58	31	90.09	104	29	33.4	69	68	18	83	145.46	116	149	116	61																																																																																																																																																																																														
54	22.54	147	113	134	51	39.52	90	116	56	46	2.3	119	106	119.75	42	34	10	141	93.66	5	128	18	18	115.07	108	129	129.42	132	53	76	35	142.02	102	104	132	119	10.35	130	150	19.87	38	34	53	30	7.33	75	61	105	129																																																																																																																																																																																														
8	14.59	87	141	74	58	98.7	38	19	141	55	102.39	115	97	136.65	70	45	16	13	54.55	40	136	117	150	34.6	52	33	100.39	134	72	89	23	140.74	11	23	39	15	86.98	121	138	43.87	134	46	89	150	26.79	94	138	120	145																																																																																																																																																																																														
145	20.73	120	135	38	121	32.86	125	52	126	104	31.49	131	48	77.89	15	83	52	9	4.09	107	19	74	60	92.39	52	35	42.84	126	118	16	27	38.17	31	126	28	147	48.35	98	11	62.52	104	35	25	8	104.39	107	92	27	36																																																																																																																																																																																														
49	101.73	12	33	27	37	12.9	88	91	69	128	106.51	89	39	42.79	51	143	146	100	22.11	52	104	18	137	13.88	52	49	48.59	114	101	105	123	117.3	90	93	68	75	23.86	125	133	139.49	3	138	141	109	84.16	102	90	30	139																																																																																																																																																																																														
90	127.89	110	29	72	147	107.1	119	58	118	124	36.03	150	62	105.22	12	58	150	79	42.53	23	27	78	30	46.32	55	47	146.11	32	103	98	75	69	62	112	137	22	10.19	51	62	48.37	136	85	96	89	88.32	3	128	130	17																																																																																																																																																																																														
47	96.91	57	97	120	42	114.4	76	44	89	120	57.74	136	51	12.93	68	54	11	59	61.06	80	55	38	22	129.46	102	107	67.22	118	6	75	56	108.96	93	116	39	88	61.71	78	118	64.95	146	37	134	127	103.18	60	91	40	86																																																																																																																																																																																														
101	1.69	113	46	23	46	26.61	139	36	69	46	41.21	111	10	6.32	81	91	22	61	122.64	14	23	83	143	131.08	134	6	126.99	79	121	89	121	52.06	54	113	68	95	95.55	146	118	93.35	7	128	59	31	23.13	39	43	57	122																																																																																																																																																																																														
51	89.86	70	5	82	55	6.23	40	44	39	140	40.37	47	144	56.39	100	60	52	57	94.07	128	47	105	110	10.55	120	61	66.48	99	145	52	99	72.69	29	74	86	103	69.62	128	87	139.39	119	115	126	130	30.02	4	98	80	105																																																																																																																																																																																														
31	140.43	23	142	29	9	44.32	80	34	39	22	135.87	46	98	29.42	96	88	2	41	114.79	40	120	96	130	24.57	42	73	86.68	61	21	9	5	132.27	138	109	24	29	87.14	149	10	62.49	71	144	116	43	126.85	66	16	5	41																																																																																																																																																																																														
142	124.26	51	46	34	95	121.23	129	60	34	25	56.22	146	137	133.01	84	150	32	147	144.81	130	14	99	61	114.39	90	45	19.48	131	52	79	2	139.22	65	99	68	74	99.17	145	19	111.28	19	34	20	57	57.66	144	3	101	142																																																																																																																																																																																														
28	140.56	113	102	53	84	79.4	57	24	21	3	126.55	52	106	25.17	137	63	30	115	36.2	37	22	105	101	76.49	4	36	48.09	54	48	122	137	20.89	63	130	45	51	21.34	45	62	34.15	6	115	5	42	80.98	11	32	145	141																																																																																																																																																																																														
22	109.93	89	45	145	59	82.4	100	37	89	51	41.19	101	97	117.89	63	54	13	55	52.9	141	3	145	118	5.93	127	59	149.36	40	136	76	123	83.71	145	14	36	36	124.1	145	33	32.37	147	110	63	70	1.35	48	91	40	102																																																																																																																																																																																														
68	76.55	84	72	9	98	143.43	114	98	106	13	35.57	65	68	43.14	79	45	49	99	120.62	45	16	80	58	40.43	96	104	7.95	126	150	5	95	95.23	79	55	4	85	17.09	17	73	145.33	6	90	141	92	29.64	67	132	115	133																																																																																																																																																																																														
120	105.65	57	35	98	104	41.19	114	43	65	110	11.16	145	49	93.15	18	31	4	11	27.96	89	47	131	109	88.51	48	33	109.95	135	112	61	146	5.61	5	63	20	43	4.82	34	73	87.93	148	2	79	50	87.77	38	90	59	39	77	148	41	6.42	139	25	97	138	114.13	92	136	64	1	65.68	8	107	5	140	29.88	37	50	117	106	118.71	47	90	6	12	102.41	139	135	86	142	147.04	59	115	26	31	83.27	116	149	53	9	134.21	70	41	58	125	27.48	51	58	111	73	93.64	74	112	24	95	66.39	85	128	83	105	34.67	2	97	140	78	62.9	149	11	35	135	13.31	141	138	65	138	45.27	63	144	117	4	12.29	44	61	33	71	12.87	102	41	78	21	57.56	146	77	88	32	89.59	82	20	110	110	138.43	29	6	77	132	9.41	130	15	133	58	110.38	124	84	22	23	85.18	56	134	71	106	149.18	26	101	45	139	112.43	8	21	52	8	49.03	49	49	150	36	48.68	148	18	92	22	78.8	106	29	67	94	93.55	99	137	130	89	116.67	64	105	96	17	35.36	60	143	134	116	149.74	150	66	144	133	44.57	117	24	78	4	81.59	51	120	101	20	112.57	139	8	5	110	27.22	121	136	95	13	64.83	131
