50 240
139	91.98	110	100	46	54	36.17	138	132	143	66	111.45	98	142	57.4	112	131	108	20	123.94	118	92	10	29	36.97	31	16	132.62	146	129	25	54	128.52	5	106	145	34	135.94	116	19	73.65	48	38	76	131	13.28	105	88	88	116																																																																																																																																																																																														
110	130.89	13	65	133	80	50.59	76	38	7	11	120.68	114	64	25.63	113	3	47	34	10.99	3	51	68	53	53.17	129	17	101.78	121	129	33	149	39.28	50	21	89	149	103.23	7	28	15.86	142	115	32	89	112.86	87	124	81	52																																																																																																																																																																																														
85	66.12	68	66	30	34	73.45	122	75	127	84	56.49	109	132	99.59	32	117	133	125	10.37	49	124	63	38	72.84	93	42	143.61	118	149	55	7	148.83	110	38	125	69	8.16	16	121	15.93	93	55	16	82	69.44	140	59	57	96																																																																																																																																																																																														
116	104.8	25	2	12	20	26.59	15	145	84	96	107.2	18	84	122.95	91	127	103	77	49.47	20	3	40	6	57.58	13	66	148.15	12	15	16	118	69.56	136	7	39	117	13.37	116	127	50.09	111	11	25	89	1.09	11	20	65	102																																																																																																																																																																																														
130	22.72	4	14	61	120	86.72	106	81	131	64	109.29	11	13	143.29	34	98	141	82	82.21	60	129	98	77	97.31	30	34	19.23	119	69	52	147	114.73	131	79	19	140	108.32	98	23	86.34	123	102	55	131	140.22	21	49	7	91																																																																																																																																																																																														
51	121.6	130	103	58	40	8.48	46	32	108	43	121.97	86	3	93.32	49	147	91	20	130.71	7	36	150	12	73.35	122	84	101.38	56	34	53	126	128.26	68	63	68	26	97.79	43	94	84.88	13	145	41	87	73.8	123	95	150	35																																																																																																																																																																																														
37	70.87	143	11	143	34	78.34	117	10	135	130	91.18	96	25	21.68	96	103	100	62	102.68	58	17	28	126	58.22	104	33	2.49	54	142	22	140	66.5	134	71	54	44	69.53	146	12	34.35	22	129	139	2	15.83	147	41	54	110																																																																																																																																																																																														
12	42.54	89	65	17	133	52.25	41	7	49	149	144.8	87	16	120.43	21	144	83	104	76.55	72	92	109	134	36.72	98	134	13.53	19	126	26	41	144.44	137	144	58	26	139.26	5	148	21.3	53	27	32	40	89.52	58	135	76	29																																																																																																																																																																																														
73	143.43	57	120	72	83	71.94	60	84	79	53	134.99	60	51	64.25	48	61	7	104	83.96	148	145	117	51	50.8	26	139	70.02	102	69	77	132	57.81	54	1	97	145	111.51	136	36	46.87	132	94	61	75	44.72	24	25	56	27																																																																																																																																																																																														
64	11.2	137	150	72	111	143.94	37	108	89	148	13.54	49	49	116.22	104	95	84	61	50.32	21	29	49	48	118.03	81	27	120.8	7	149	1	94	69.53	131	81	139	51	7.75	45	142	43.78	94	44	123	111	119.06	64	31	88	108																																																																																																																																																																																														
63	136.64	135	89	26	144	110.72	45	123	87	24	11.14	46	120	76.78	147	147	95	150	28.58	137	148	111	129	70.58	60	1	68.34	88	17	7	25	59.52	87	100	23	47	147.42	123	23	110.21	135	18	3	34	111.4	131	134	126	12																																																																																																																																																																																														
120	56.91	126	37	2	58	30.97	22	26	69	99	22.1	110	100	70.63	89	23	15	84	141.86	146	137	67	118	118.7	57	86	146.55	90	98	135	5	21.44	44	76	127	55	134.65	110	141	55.63	131	47	22	141	124.31	85	71	52	41																																																																																																																																																																																														
105	25.97	6	71	68	82	77.62	133	77	42	108	20.89	62	121	33.68	22	91	26	146	63.76	37	91	47	29	145.11	97	113	102	60	73	53	11	144.69	138	22	137	35	37.97	44	58	17.12	139	141	101	8	143.54	56	104	50	12																																																																																																																																																																																														
50	128.9	8	23	74	3	59.04	68	48	58	70	22.86	144	65	23.82	68	43	115	108	135.41	50	84	66	22	1.86	107	32	51.4	16	128	104	73	58.47	93	22	73	17	24.28	80	26	93.24	61	64	102	106	89.22	80	41	74	59																																																																																																																																																																																														
60	41.5	125	68	66	60	137.26	114	26	49	145	24.67	54	120	137.18	70	67	20	29	88.5	107	66	144	59	87.36	139	100	8.91	114	29	90	92	109.03	7	21	1	16	145.51	56	50	27.5	1	30	16	127	140.43	117	126	101	99																																																																																																																																																																																														
55	47.85	77	53	69	144	108.02	94	146	105	142	50.36	120	129	27.24	36	63	15	30	95.44	116	69	127	9	88.9	69	4	15.09	51	33	57	130	47.54	12	113	5	67	15.73	82	82	37.79	48	130	105	42	148.67	119	104	142	119																																																																																																																																																																																														
118	3.3	76	65	144	108	138.6	26	25	125	134	50.87	83	102	78.91	137	78	144	6	134.93	9	70	120	2	57.61	89	142	70.84	5	79	127	134	129.78	147	49	39	109	48.41	57	119	31.56	3	98	18	103	120.52	30	102	45	115																																																																																																																																																																																														
27	20.64	53	15	144	84	39.13	109	55	30	85	136.48	84	30	126.27	122	12	119	52	3.28	41	93	53	68	111.37	47	124	27.37	62	25	67	131	147.58	131	71	147	90	104.79	113	143	82	84	15	92	97	54.12	87	114	42	62																																																																																																																																																																																														
42	46.3	49	66	21	109	129.14	127	56	62	22	122.76	124	77	63.31	149	52	3	92	68.65	19	73	122	46	107.73	111	48	117.33	71	86	78	34	130.42	86	15	27	33	59.83	109	133	88.81	24	79	126	145	47.47	5	85	148	150																																																																																																																																																																																														
118	7.31	4	19	62	35	35.62	123	111	13	92	126.41	117	76	143.37	147	119	141	142	84.74	117	32	34	81	82.07	149	134	101.42	130	121	1	126	61.23	65	106	41	42	107.56	109	131	107.36	131	114	1	65	76.55	90	100	109	23																																																																																																																																																																																														
60	41.07	91	104	97	83	14.85	149	3	109	60	124.44	142	49	47.59	137	52	59	121	20.59	24	105	8	133	109.73	146	29	38.76	59	69	49	132	70.02	100	116	29	64	57.57	16	72	111.74	24	9	146	79	22.75	68	68	26	53																																																																																																																																																																																														
49	91.89	33	126	74	92	17.59	2	64	65	2	104.8	88	65	41.4	92	15	59	70	105.42	75	70	62	40	138.38	39	41	12.55	57	88	89	122	13.53	82	85	69	139	39.1	25	147	119.57	61	22	102	128	24.06	71	21	35	83																																																																																																																																																																																														
119	9.65	111	129	65	23	102.51	3	21	53	140	134.1	27	110	50.14	1	21	120	82	93.83	109	77	31	10	140.85	126	148	64.3	8	115	29	121	26.06	87	107	47	31	129.66	55	80	22.92	102	114	40	133	142.12	58	13	104	68																																																																																																																																																																																														
66	58.52	142	77	35	1	41.81	45	83	103	105	120.22	98	20	126	65	68	52	114	5.64	5	32	146	59	131.98	39	102	73.87	111	15	112	133	110.79	19	18	129	13	34.3	92	20	12.46	101	136	141	118	44.83	100	150	14	102																																																																																																																																																																																														
38	133.35	61	14	9	43	147.41	94	42	45	145	96.33	59	38	49.81	50	148	78	35	56.31	58	11	23	26	83.12	140	13	143.62	38	107	24	52	52.53	148	92	57	41	104.85	140	79	84.75	141	116	67	143	82.11	50	112	82	64																																																																																																																																																																																														
136	105.87	133	145	90	87	139.49	140	5	45	83	141.9	7	108	17.41	28	126	120	68	105.66	31	97	48	108	101.1	58	111	104.89	124	104	12	146	77.85	96	44	45	3	79.78	97	11	17.67	142	56	58	113	74.77	47	36	100	68																																																																																																																																																																																														
6	141.38	31	57	29	139	7.43	113	142	101	46	2.42	32	56	122.96	102	72	97	38	103.08	140	22	105	13	138.46	146	118	143.31	6	89	106	117	124.47	22	112	37	135	4.67	5	148	82.89	79	115	89	94	82.26	79	12	117	110																																																																																																																																																																																														
141	70.94	99	34	38	101	65.06	9	92	3	150	94.65	9	133	97.06	105	44	52	23	82.75	133	91	68	68	70.1	22	148	40.08	58	139	126	93	43.2	29	78	12	5	106.99	60	96	12.29	49	54	22	100	56.76	33	14	81	143																																																																																																																																																																																														
105	64.13	10	27	130	115	75.99	69	32	13	115	115.41	128	12	149.48	103	127	99	47	80.29	133	55	126	127	63.17	140	120	25.37	139	101	125	59	127.95	6	131	148	5	100.67	78	50	29.26	50	26	96	133	21.37	57	90	8	74																																																																																																																																																																																														
11	50.34	103	128	35	72	65.42	126	130	107	68	115.31	141	11	77.67	124	64	70	68	139	68	39	45	42	113.33	110	137	69.7	124	91	109	26	29.34	24	34	13	52	90.46	25	14	68.7	135	52	108	42	6.21	120	102	42	137																																																																																																																																																																																														
141	124.26	21	113	136	28	128.23	28	68	106	59	67.45	6	136	124.03	54	123	118	51	29.27	97	102	86	113	106.37	121	47	44.01	118	11	43	92	57.75	134	29	19	108	130.72	5	35	92.99	127	74	118	11	146.25	10	80	7	46																																																																																																																																																																																														
130	31.66	127	148	113	91	46.94	129	26	119	132	24.05	131	2	11.03	12	116	20	5	62.59	70	150	25	98	48.43	96	23	60.73	15	63	96	110	40.64	6	77	95	86	9.47	142	133	122.55	150	3	141	38	115.3	106	6	40	128																																																																																																																																																																																														
17	92.7	62	65	18	24	53	11	128	22	107	54.93	109	13	72.05	86	31	123	88	31.22	95	40	11	148	68.67	85	96	15.06	37	62	83	96	105.73	2	148	13	135	86.16	78	124	137.19	8	117	73	37	2.65	17	87	139	134																																																																																																																																																																																														
103	139.21	111	18	57	70	107.04	7	4	113	49	18.28	127	146	40.85	96	44	1	94	140.67	40	48	53	61	83.64	32	81	60.72	104	100	135	144	61.69	25	14	36	149	72.33	38	61	63.07	54	44	76	58	125.63	148	62	78	48																																																																																																																																																																																														
19	106.52	31	71	124	121	119.88	138	127	130	121	12.73	121	99	33.09	30	77	128	139	83.51	116	113	55	78	81.34	96	15	30.94	73	51	113	118	78.03	97	115	19	146	106.37	118	125	53.62	37	47	54	109	57.6	62	74	19	34																																																																																																																																																																																														
99	42.09	37	84	46	100	122.73	121	19	79	93	121.11	25	3	7.97	131	126	51	78	138.63	28	84	122	130	45.17	98	31	2.83	4	106	68	47	74.5	45	19	40	146	10.88	47	84	63.96	64	35	63	94	110.1	86	31	5	138																																																																																																																																																																																														
145	147.59	137	83	34	131	51.15	33	16	66	112	132.71	90	128	93.11	93	97	52	44	27.51	24	110	139	125	38.32	25	87	4.03	140	11	77	68	86	124	137	81	22	27.65	148	139	148.29	5	136	107	62	46.75	22	121	42	103																																																																																																																																																																																														
57	60.25	8	128	105	136	133.72	104	42	121	74	13.02	84	145	129.5	95	38	30	96	52.08	33	94	44	28	52.77	11	139	94.61	121	143	118	59	19.67	70	111	107	26	91.5	140	79	77.7	8	14	88	70	130.27	107	141	74	97																																																																																																																																																																																														
105	4.29	140	91	136	62	25.43	118	3	14	29	129.86	1	94	65.24	37	70	133	71	96.29	82	138	65	122	115.04	89	77	70.23	20	46	26	114	52.77	66	35	58	82	122.29	21	22	84.1	68	138	43	69	121.6	54	117	61	48																																																																																																																																																																																														
101	60.61	89	8	107	11	74.04	59	51	79	92	72.8	141	142	77.25	137	130	109	117	63.81	142	101	107	140	81.6	133	148	135.77	109	132	34	43	105.48	90	108	36	51	74.05	133	10	42.32	67	139	145	130	74.95	86	5	34	84																																																																																																																																																																																														
111	2.92	90	115	137	68	58.32	108	72	53	30	85.37	150	32	56.95	72	92	62	143	75.71	90	6	47	39	4.95	87	138	87.46	75	130	11	134	120.56	124	148	144	20	68.39	42	111	6.04	150	15	122	24	134.51	23	5	66	96																																																																																																																																																																																														
55	40.28	78	56	112	105	57.03	5	25	19	140	148.78	1	67	41.26	143	47	103	133	98.3	45	150	74	37	111.67	68	121	35.65	126	24	105	32	50.15	130	18	36	36	125.14	38	41	4.52	73	138	65	43	29.07	69	94	1	4																																																																																																																																																																																														
6	72.39	100	27	105	86	113.89	17	41	116	85	12.3	117	149	13.68	89	46	8	73	14.95	45	148	90	84	107.61	139	5	135.79	137	88	77	58	123.36	112	80	66	80	138.38	32	53	50.52	42	55	92	78	102.92	144	23	61	146																																																																																																																																																																																														
148	14.17	135	20	33	120	23.27	106	111	98	139	148.46	133	75	84.77	24	54	32	32	69.84	86	136	41	18	114.41	78	68	146.54	148	143	88	102	77.68	71	75	145	23	36.13	117	2	54.34	40	50	141	27	104.52	33	16	125	17																																																																																																																																																																																														
50	26.59	11	105	30	137	70.11	34	39	71	53	103.97	36	20	140.48	133	55	122	56	107.46	134	113	17	139	81.48	14	120	1.51	67	146	66	19	56.82	49	95	88	19	147.68	71	134	114.74	148	134	14	141	17.27	93	134	107	143																																																																																																																																																																																														
102	53.4	66	2	59	21	56.8	51	25	148	11	136.1	58	81	82.78	121	22	44	25	104.1	101	44	54	75	112.31	99	122	15.4	36	76	136	47	67.47	31	127	111	49	143.27	83	19	129.54	120	104	55	109	135.23	71	115	22	131																																																																																																																																																																																														
27	53.08	106	25	144	52	40.19	97	61	72	133	120.1	56	46	30.43	4	149	133	68	67.97	66	130	1	23	56.47	75	79	26.03	12	47	71	36	147.54	62	107	22	123	144.85	6	20	118.77	145	128	9	33	51.54	100	122	69	114																																																																																																																																																																																														
29	16.95	112	95	108	32	115.43	27	130	107	113	26.56	100	82	124.56	54	126	22	89	72.83	74	32	112	105	15.54	97	58	131.88	4	58	56	76	135.27	140	124	133	79	134.15	63	126	76.41	54	35	145	33	57.43	115	71	33	70																																																																																																																																																																																														
100	22.72	128	136	114	94	80.23	59	130	117	7	136.21	29	53	138.42	9	122	91	28	63.09	117	109	101	145	92.49	2	127	2.64	2	98	99	38	139.22	108	51	85	1	20.64	148	68	51.43	15	62	62	58	82.63	19	120	91	123																																																																																																																																																																																														
126	45.31	42	46	95	3	135.62	107	126	9	42	69.29	60	94	17.44	13	2	1	95	48.45	7	133	77	92	67.06	2	147	59.21	107	69	93	54	41	21	98	94	18	96.92	36	91	103.43	81	57	18	144	52.7	68	53	104	105																																																																																																																																																																																														
90	101.46	3	145	126	121	8.85	112	99	119	41	104.36	87	116	71.01	129	87	36	62	91.36	139	81	112	7	81.4	88	35	126.76	75	128	51	126	84.63	98	149	125	3	31.43	110	108	60.2	117	44	63	95	65.84	41	140	108	54																																																																																																																																																																																														
120	53.36	1	132	70	105	95.83	127	90	121	138	18.81	83	85	63.1	55	110	64	18	116.87	42	146	124	148	145.19	24	69	101.15	35	18	88	85	80.88	137	57	31	63	111.38	113	85	14.14	35	101	126	30	49.87	115	66	119	47																																																																																																																																																																																														
127	44.94	57	119	21	121	96.27	44	43	52	114	31.45	83	128	123.09	20	111	105	42	138.16	81	22	80	69	63.34	76	58	141.76	117	71	101	45	67.6	41	110	63	109	106.74	135	122	42.5	68	126	146	89	16.31	140	32	123	29																																																																																																																																																																																														
115	81.94	72	52	2	128	113.12	48	69	131	62	98.46	19	57	142.58	73	56	121	98	3.59	8	103	121	109	88.32	57	48	76.03	118	133	40	71	25.07	131	21	61	81	3.34	55	19	60.89	117	4	138	32	131.46	123	117	32	132																																																																																																																																																																																														
16	15.11	128	37	69	11	127.75	103	50	105	150	45.63	6	65	6.64	89	27	99	87	46.38	51	109	124	102	20.97	144	25	74.31	117	86	71	105	21.08	18	27	56	130	93.72	148	70	42.2	43	48	102	20	20.19	87	56	137	80																																																																																																																																																																																														
19	58.2	148	94	35	68	69.34	113	61	32	31	62.4	147	47	29.58	133	111	111	134	29.72	28	26	124	96	128.34	96	91	104.78	113	117	124	73	117.67	15	24	40	104	1.99	93	145	58.91	141	49	13	61	133.03	116	104	122	133																																																																																																																																																																																														
82	86.1	46	92	77	142	114.21	22	79	26	131	39.53	121	12	127.41	77	73	133	2	7.65	62	135	61	98	145.96	50	10	97.38	11	68	145	128	143.34	11	127	4	55	143.61	26	129	74.59	141	60	9	65	32.78	102	119	141	79																																																																																																																																																																																														
20	72.26	51	20	107	89	110.63	31	115	46	22	112.95	77	119	125.29	121	137	38	5	6.7	133	119	71	28	92.96	123	14	13.73	16	86	60	129	104.64	123	65	82	139	117.15	59	64	127.77	47	109	90	39	117.69	128	121	25	42																																																																																																																																																																																														
58	35.55	133	15	39	130	58.83	81	3	124	129	54.06	15	128	69.57	98	91	78	20	82.6	68	41	90	74	81.3	94	4	7.17	8	89	89	65	92.09	139	104	5	105	53.28	117	140	25.01	58	104	99	54	32.04	113	19	121	115																																																																																																																																																																																														
143	82.16	36	66	147	98	113.29	44	15	10	73	143.49	128	92	125.2	28	135	75	92	134.22	120	8	125	34	33.72	71	73	93.87	113	54	80	105	135.17	17	104	93	76	127.05	57	4	86.49	76	52	19	87	15.63	146	126	48	40																																																																																																																																																																																														
3	114.67	105	126	106	34	3.75	146	45	102	75	91.07	65	68	138.37	44	62	65	98	110.14	124	81	134	137	61.66	135	80	68.69	126	109	104	3	107.95	141	10	37	89	98.52	1	130	141.17	69	71	69	42	134.97	149	29	90	131																																																																																																																																																																																														
117	40.27	47	58	21	125	53.82	32	33	9	148	41.36	7	90	62.1	93	74	90	79	7.41	121	27	84	57	134.81	93	14	135.81	125	63	10	120	30.17	18	125	27	108	64.84	98	6	19.92	131	120	29	57	26.65	101	79	2	39																																																																																																																																																																																														
76	88.17	119	58	12	3	138.1	141	43	77	130	76.35	33	68	105.41	42	32	45	62	77.84	76	99	77	148	15.82	60	2	2.97	149	70	35	108	93.52	95	104	96	116	8.84	111	20	82.03	125	11	136	11	59.21	87	89	87	72																																																																																																																																																																																														
8	41.37	140	57	86	139	12.5	26	116	23	142	137.49	33	89	97.03	120	7	124	53	29	45	86	105	53	76	48	49	86.18	51	46	106	41	114.04	97	19	129	61	89.4	31	135	32.97	122	83	100	36	38.43	88	33	114	95																																																																																																																																																																																														
130	109.09	32	31	88	30	136.58	41	9	111	147	119.76	65	68	35.78	145	32	67	103	71.43	9	90	76	81	140.41	142	121	136.64	48	74	53	124	114.88	67	57	66	62	55.31	19	121	45.1	73	22	82	78	2.58	116	33	125	27																																																																																																																																																																																														
53	5.63	91	64	121	131	40.4	137	35	87	133	53.56	107	94	120.48	110	80	37	129	147.96	89	29	90	70	41.52	113	107	104.26	57	130	20	77	124.84	108	150	119	73	133.42	97	110	20.33	93	124	5	123	111.94	133	82	93	126																																																																																																																																																																																														
38	42.23	142	129	117	11	113.96	107	140	124	21	50.96	62	38	102.8	118	144	61	110	68.89	89	98	112	82	103.26	20	92	104.22	27	112	118	104	17.95	9	2	120	83	31.19	134	147	71.04	141	27	23	98	136.28	146	106	60	84																																																																																																																																																																																														
89	83.12	89	83	96	3	56.34	83	147	33	70	78.21	50	51	94.69	118	47	77	66	47.36	93	118	25	33	145.01	78	96	140.64	25	70	39	123	133.4	125	100	108	95	24.7	67	139	116.19	20	53	84	6	29.24	60	125	88	145																																																																																																																																																																																														
132	131.28	21	150	36	57	128.02	57	121	43	94	34.59	132	96	142.34	34	87	12	80	140.41	94	148	111	125	119.52	118	109	38.32	7	54	16	78	144.51	56	36	10	64	39.64	126	78	86.42	140	59	85	10	78.94	135	40	90	145																																																																																																																																																																																														
90	70.45	27	16	13	51	23.25	45	88	135	69	20.11	42	8	59.85	131	73	109	7	113.72	113	106	123	67	16.49	122	78	51.24	16	127	49	70	3.22	142	75	61	30	104.99	98	132	86.36	142	93	54	144	120.21	74	81	119	106																																																																																																																																																																																														
126	26.16	86	108	41	33	5.58	58	103	111	150	50.84	71	35	102.5	118	53	137	87	4.75	74	105	78	109	52.59	122	120	65.9	142	135	99	126	25.1	57	105	129	127	34.58	28	141	92.97	62	25	91	28	144.93	126	89	28	64																																																																																																																																																																																														
44	30.06	12	129	41	4	43.1	24	78	20	23	97.27	88	119	9.38	89	29	147	80	77.68	50	91	129	147	62.07	149	82	113.47	42	109	86	144	33.14	34	34	150	94	66.23	117	25	135.32	78	122	16	33	103.5	26	112	3	82																																																																																																																																																																																														
75	42.03	86	8	100	140	75.93	13	123	32	14	63.86	18	32	28.99	48	103	129	108	65.68	52	32	138	36	53.07	49	71	29.44	27	132	102	12	15.66	110	65	26	104	100.86	9	104	17.06	111	87	60	42	45.73	83	45	14	143																																																																																																																																																																																														
135	84.35	57	2	15	22	60.01	31	44	83	71	43.26	1	92	90.93	101	142	40	8	12.88	11	91	120	31	103.66	138	61	133.29	133	108	51	7	18.27	103	95	97	13	118.91	148	133	3.66	10	72	1	112	139.25	21	70	74	147																																																																																																																																																																																														
104	71.53	1	20	11	103	32.39	123	60	66	138	111.37	9	26	103.78	110	97	61	43	84.65	98	70	3	92	145.68	108	81	140.53	109	135	106	21	61.99	77	17	96	35	42.33	68	147	131.63	85	53	30	20	13.8	49	60	109	107																																																																																																																																																																																														
74	16.4	47	45	93	119	137.16	35	54	125	34	42.06	47	130	64.83	23	45	4	114	54.27	53	28	112	32	35.37	51	46	27.61	80	125	31	97	146.92	132	123	128	103	30.19	93	64	10.84	47	108	103	16	143.99	28	58	149	117																																																																																																																																																																																														
44	127.51	5	31	70	96	7.54	76	81	150	79	62.02	110	83	83.34	51	150	24	88	83.42	3	31	42	40	72.23	129	109	148.1	139	23	100	56	15.87	145	138	28	95	110.55	70	39	34.34	56	121	8	132	142.26	150	30	117	104																																																																																																																																																																																														
34	132	148	141	87	114	22.76	146	18	135	61	124.45	100	29	127.66	139	21	87	78	145.83	33	107	130	21	112.37	29	128	45.53	139	55	126	7	104.94	104	99	114	70	71.8	26	142	115.06	74	65	27	67	19.85	90	105	97	83																																																																																																																																																																																														
36	94.83	99	9	27	104	59.4	23	1	130	138	10.31	76	78	28.21	4	38	28	78	84.62	83	43	41	70	54.98	124	50	132.93	24	64	58	87	15.82	4	59	138	137	25.83	115	101	134.92	97	20	40	27	95.43	46	61	15	51																																																																																																																																																																																														
8	69.3	21	105	19	76	12.83	100	93	140	19	88.9	51	117	81.36	29	127	71	61	140.47	77	100	85	116	2.77	23	142	89.8	17	19	88	113	103.56	31	122	11	115	24.85	33	126	63.91	93	120	100	69	55.56	45	52	33	104																																																																																																																																																																																														
43	105.46	146	52	110	34	44.55	115	137	79	91	45.6	121	107	38.33	3	42	39	35	60.31	123	33	41	81	131.62	116	13	67.92	9	137	147	55	15.28	96	32	25	2	130.45	140	149	116.59	120	20	23	60	132.86	119	61	100	72																																																																																																																																																																																														
57	19.66	22	114	56	106	67.54	51	91	91	54	102.42	6	43	88.39	104	103	99	91	27.6	26	129	134	148	108.08	79	92	65.52	150	127	29	128	40.48	118	28	149	128	87.45	61	53	95.43	18	8	31	149	56.86	116	111	100	12																																																																																																																																																																																														
79	29.93	145	116	30	65	148.6	137	92	133	108	111.99	89	50	72.78	118	128	2	95	128.63	59	12	3	141	85.33	28	59	10.74	133	47	135	116	67.13	142	7	106	65	48.01	117	38	91.63	107	26	59	73	35.39	106	106	11	136																																																																																																																																																																																														
57	94.21	45	79	5	50	64.8	77	135	114	104	69.56	105	29	75.64	89	127	142	149	116.89	10	47	47	36	108	33	128	87.14	132	57	148	134	90.49	118	86	57	30	85.6	25	77	16.44	27	68	43	100	46.26	17	91	150	69																																																																																																																																																																																														
121	90.92	6	79	15	27	64.32	139	131	28	119	128.56	42	42	13.59	123	70	128	3	99.78	116	127	1	13	105.16	87	52	80.78	87	141	105	66	62.39	91	63	111	141	143.62	135	86	120.86	128	75	141	93	131.87	112	4	23	45																																																																																																																																																																																														
122	102.89	105	49	71	125	5.45	97	143	24	36	53.72	138	59	143.25	10	2	82	80	138.24	54	46	106	57	15.34	112	118	18.97	81	43	147	48	22.92	39	142	117	26	134.94	72	107	121.95	98	13	37	83	49.23	127	95	81	69																																																																																																																																																																																														
12	70.4	133	77	59	135	14.57	147	53	139	9	144.68	120	104	29.87	91	99	85	11	81.35	122	101	44	20	94.26	107	45	3.74	29	17	42	45	2.92	40	75	100	22	94.28	122	55	72.1	110	35	59	18	27.72	95	40	80	104																																																																																																																																																																																														
48	114.09	75	66	13	36	105.69	142	47	42	10	25.16	59	124	128.47	93	3	24	90	140.05	74	62	54	136	20.2	37	103	144.12	77	127	140	6	14.7	60	56	47	137	54.97	123	49	62.2	108	64	41	138	22.98	118	57	57	56																																																																																																																																																																																														
120	144.59	37	39	101	121	145.54	6	40	3	116	108.88	31	89	50.04	140	110	121	17	136.83	7	126	87	11	98.08	140	85	35.25	29	71	53	134	43.84	3	80	2	96	25.72	144	133	16.24	141	27	28	112	137.7	109	123	130	106																																																																																																																																																																																														
50	75.13	54	72	111	137	32.43	116	26	52	107	80.71	21	109	31.27	24	33	142	103	98.45	102	81	91	96	15.26	100	54	98.63	104	24	53	138	73.87	111	139	53	116	96.08	87	61	75.09	94	129	114	6	11.68	139	58	96	4																																																																																																																																																																																														
64	65.17	52	76	7	100	119.68	59	51	37	53	16.26	144	51	59.33	148	131	46	94	117.35	54	125	2	95	9.98	81	106	40.7	39	27	102	87	125.16	9	75	42	148	136.89	7	57	129.87	63	65	107	42	67.23	35	88	105	105																																																																																																																																																																																														
101	3.37	82	18	146	144	100.82	129	64	119	71	41.56	15	32	9.84	140	10	116	109	88.03	75	129	140	24	148.07	86	17	11.56	42	50	68	48	73.74	93	56	76	21	2.94	16	73	116.5	2	96	2	71	104.43	45	61	139	60																																																																																																																																																																																														
113	63.19	106	131	52	130	56.98	57	106	129	50	43.27	91	146	2.33	77	27	85	54	91.06	60	18	31	6	91.42	133	95	12.36	50	43	10	41	85.7	105	29	88	26	72.99	116	75	69.01	58	62	48	80	117.51	28	86	70	30																																																																																																																																																																																														
37	10.47	106	86	16	76	130.32	73	61	126	13	113.39	39	135	29.91	50	54	125	117	21.4	116	51	119	101	125.61	46	20	1.19	77	54	19	34	40.55	8	124	98	17	141.24	6	40	41.51	115	6	57	41	50.75	138	8	86	41																																																																																																																																																																																														
18	84.78	85	28	90	14	73.26	72	123	142	134	112.88	6	61	122.96	140	78	30	130	40.14	147	15	128	142	104.58	81	66	22.34	92	13	127	127	18.34	25	13	43	82	135.42	115	112	87.17	64	97	33	11	122.5	120	2	94	30																																																																																																																																																																																														
75	135.55	67	17	39	112	4.97	59	90	32	74	7.59	5	129	132.59	112	148	106	142	42.78	64	54	101	74	54.23	61	118	113.41	22	131	58	76	28.35	123	132	83	23	102.79	45	113	124.7	118	30	55	109	22.2	18	71	126	49																																																																																																																																																																																														
13	118.41	69	42	25	73	23.86	100	110	126	91	131.06	130	131	83.14	81	36	79	23	15.33	56	9	97	129	72.73	47	79	88.9	106	80	73	49	47.07	45	9	148	80	24.42	10	59	140.46	131	3	97	66	28.27	93	109	5	107																																																																																																																																																																																														
143	105.36	135	118	14	69	86.82	9	100	124	36	11.24	33	29	102.62	60	6	144	66	128.49	11	36	123	8	134.28	110	7	112.62	139	9	122	134	107.05	71	98	51	53	54.48	47	120	50.5	23	65	142	145	149.13	17	33	89	20																																																																																																																																																																																														
143	142.9	138	117	36	16	143.37	15	118	118	142	75.98	47	145	28.97	92	150	37	55	84.02	91	111	95	145	126.65	71	133	115.93	13	80	16	116	88.42	3	66	61	88	54.11	40	117	93.4	22	42	135	127	144.48	140	6	29	40																																																																																																																																																																																														
84	75.1	1	28	36	74	75.97	34	40	130	23	76.13	7	109	84.47	108	116	128	32	80.41	62	29	120	88	80.64	54	131	146.54	31	114	23	52	80.21	150	53	126	90	59.6	8	146	16.28	95	123	27	128	96.02	144	53	40	116																																																																																																																																																																																														
131	44.58	92	137	53	91	147.01	147	16	30	144	16.18	40	67	118.1	94	27	111	148	127.44	20	99	31	88	108.89	22	18	144.99	130	14	33	41	86.55	88	66	21	65	9.05	79	91	30.51	69	33	147	14	30.7	62	143	118	110																																																																																																																																																																																														
50	139.58	29	42	79	144	111.09	120	101	80	50	12.77	62	130	110.56	128	148	135	125	127.39	104	98	102	52	56.26	92	82	33.05	137	46	124	1	23.25	120	139	21	20	131.81	78	19	148.61	2	117	49	117	34.14	100	16	148	26																																																																																																																																																																																														
71	104.82	115	86	102	28	14.45	106	22	127	141	137.22	43	30	91.23	116	125	118	125	60.44	61	40	69	125	112.25	66	27	70.83	134	3	31	53	113.84	122	25	144	72	117.57	28	58	23.8	105	150	61	79	111.41	58	131	85	101																																																																																																																																																																																														
28	97.38	2	114	145	103	43.5	121	139	24	144	129.84	137	141	68.44	57	15	142	12	41.55	148	141	84	140	59.91	131	16	129.47	20	35	98	56	18.42	100	115	109	70	84.07	140	55	29.81	1	53	7	49	72.27	42	137	88	109																																																																																																																																																																																														
149	122.21	37	132	139	10	49.1	66	58	85	134	71.18	20	95	34.29	56	107	145	131	27.84	145	144	8	89	62.88	20	103	120.11	51	149	113	124	97.67	10	32	20	68	60.07	61	21	80.23	34	96	38	33	43.58	38	110	112	126																																																																																																																																																																																														
38	132.28	83	12	109	43	71.16	35	93	108	131	38.75	97	87	37.69	77	95	130	5	51.19	78	93	54	69	94.89	85	131	129.7	58	124	127	40	7.55	35	30	42	127	114.41	54	123	18.19	2	9	150	82	98.83	57	85	46	17																																																																																																																																																																																														
81	43.85	39	149	75	71	100.56	29	34	10	145	74.15	30	69	74.13	58	9	122	52	120.71	123	112	84	4	63.97	146	24	100.65	129	81	54	13	141.92	103	147	54	127	65	135	131	27.27	129	56	104	67	33.99	95	47	105	134																																																																																																																																																																																														
69	110.69	4	15	112	57	135.17	77	50	125	84	25.13	11	141	46.49	95	58	148	37	75.62	147	149	116	16	43.26	131	104	27.08	115	9	101	70	88.92	143	112	94	118	124.32	134	20	11.71	142	97	104	81	106.18	82	115	11	27																																																																																																																																																																																														
123	134.68	18	43	9	75	27.28	87	4	139	132	42.81	36	49	8.88	115	6	94	74	25.04	113	129	88	24	6.27	35	22	58.66	69	135	7	127	39.88	119	131	150	144	73.34	26	141	68.28	18	125	42	74	18.64	77	33	95	54																																																																																																																																																																																														
92	8.35	11	148	20	146	95.85	132	34	47	128	137.37	115	58	32.13	136	61	119	104	145.74	40	33	66	3	28.44	84	116	99.11	23	42	81	150	41.45	97	30	50	80	100.05	46	149	107.37	54	19	62	85	119.88	132	34	133	4																																																																																																																																																																																														
112	114.11	82	135	128	40	52.74	68	90	11	85	96.12	16	38	121.39	68	111	120	24	94.15	72	66	90	123	23.14	106	119	33.96	113	43	119	126	128.52	114	132	44	138	12.46	122	150	32.65	75	98	52	17	104.03	17	41	53	51																																																																																																																																																																																														
129	79.21	125	4	31	51	61.03	124	115	78	91	125.18	65	25	127.4	57	8	42	149	139.65	7	13	75	101	14.8	107	53	10.31	48	100	6	124	77.69	3	78	7	106	81.87	83	3	54.52	48	106	41	67	21.29	104	77	22	82																																																																																																																																																																																														
12	58.08	46	59	9	80	89	44	7	83	7	54.75	77	33	133.81	95	134	84	148	83.35	74	62	57	141	79	84	23	139.59	92	149	91	27	148.19	9	105	111	122	39.57	3	104	82.91	66	47	23	91	113.21	105	128	41	109																																																																																																																																																																																														
62	7.28	114	79	120	110	6.92	10	65	144	45	38.47	105	149	83.15	115	31	142	85	5.16	4	43	13	104	136.68	128	132	127.22	110	132	23	23	126.36	106	46	62	111	59.82	11	97	114.24	35	45	33	61	71.65	141	78	76	2																																																																																																																																																																																														
61	48.62	49	141	91	114	16.58	138	92	138	73	50.14	84	42	140.34	96	97	76	103	85.23	58	126	136	123	148.35	125	14	120.64	120	119	87	124	122.29	130	83	6	126	139.89	110	25	16.41	116	139	46	143	5.81	139	82	117	108																																																																																																																																																																																														
71	14.37	133	142	96	75	64.65	115	101	121	65	98.79	149	40	68.9	52	133	138	86	74.68	69	32	7	137	6.22	38	81	36.95	24	43	42	86	91.17	11	78	32	38	38.88	107	45	34.91	89	77	55	7	40.13	32	88	31	68																																																																																																																																																																																														
126	8.55	115	44	126	63	128.72	142	53	54	23	111.46	105	146	3.38	53	17	2	21	55.06	77	65	5	51	31.02	98	121	75.95	30	80	143	111	101.97	89	98	139	31	19.1	1	110	133.41	57	100	14	115	57.67	84	109	107	52																																																																																																																																																																																														
40	22.68	57	121	29	140	6.18	84	65	40	28	62.17	90	148	43.93	15	137	42	9	94.39	66	79	4	104	54.6	38	88	84.67	92	6	24	90	76.08	96	6	33	18	62.58	78	87	98.14	97	37	9	90	109.02	139	131	41	10																																																																																																																																																																																														
72	131.35	48	87	113	76	119.81	67	30	45	82	145.18	53	135	52.53	126	22	150	131	120.24	128	96	17	67	131.52	33	36	22.62	123	76	39	89	96.23	10	131	15	69	33.68	145	124	74.3	64	36	57	44	11.81	123	72	46	57																																																																																																																																																																																														
83	32.66	84	106	34	46	144.16	9	118	108	72	62.01	113	132	63.51	82	8	5	143	37.57	59	39	9	91	111.8	32	111	136.09	110	89	67	39	129.55	123	27	28	108	13.45	55	17	93.22	142	54	71	48	107.2	67	89	137	19																																																																																																																																																																																														
52	130.51	100	137	119	126	77.76	135	16	53	88	64.29	65	138	89.62	93	80	41	3	86.21	77	76	111	81	81.2	43	87	47.27	30	92	109	56	104.83	80	141	11	40	46.13	52	4	63.32	27	86	136	12	64.44	126	134	78	143																																																																																																																																																																																														
30	103.09	79	116	43	139	65.45	135	50	88	1	50.63	14	119	129	119	140	134	107	140.27	117	39	6	98	110.68	38	47	146.49	90	16	120	134	60.22	30	82	140	139	9.96	14	2	81.01	75	121	39	31	100.51	106	81	73	4																																																																																																																																																																																														
90	98.21	12	54	106	136	67.2	101	80	30	81	11.98	99	60	61.62	104	144	135	22	134.06	5	12	6	146	46.04	36	92	64.13	111	150	14	107	9.24	7	102	128	3	33.05	28	71	35.08	59	134	149	88	83.78	46	2	146	54																																																																																																																																																																																														
112	147.12	35	150	45	136	63.07	45	12	102	23	140.04	81	36	110.26	1	100	113	109	72.06	136	29	82	18	6.69	28	114	66.15	147	56	41	101	124.67	122	44	34	117	47.62	136	137	52.55	95	142	44	84	14.9	78	83	66	150																																																																																																																																																																																														
78	93.32	92	138	125	139	121.53	25	135	114	56	58.86	119	131	55.32	150	75	47	87	61.39	85	7	80	109	128.51	118	88	82.88	140	10	112	112	115.67	32	1	78	86	127.66	81	48	64.57	78	62	91	30	113.56	129	9	30	1																																																																																																																																																																																														
29	29.64	8	105	68	98	125.84	145	28	63	107	137.55	8	146	120.27	34	123	46	10	117.46	72	113	145	22	91.11	142	31	98.7	21	138	76	25	93.15	79	100	46	45	1.82	50	121	126.72	32	149	145	62	27.05	19	34	111	2																																																																																																																																																																																														
43	100.95	149	28	63	2	63.19	109	79	36	19	26.82	116	62	75.14	144	118	8	79	138.16	114	28	34	48	2.02	142	87	52.69	134	137	50	150	144.02	114	94	74	73	101.82	94	150	126.76	141	148	9	106	119.83	39	64	48	84																																																																																																																																																																																														
23	71.17	1	11	59	108	30.54	12	68	121	137	104.6	73	98	68.32	35	5	150	18	89.78	45	23	17	71	136.58	84	45	36.18	107	108	13	114	104.65	141	128	103	2	141.02	84	105	148.12	87	80	93	86	117.66	35	4	86	94																																																																																																																																																																																														
67	1.62	3	149	16	38	99.3	16	2	100	12	110.67	42	89	28.49	24	9	51	137	113.73	6	73	106	121	78.84	12	82	106.14	146	137	38	121	124.57	27	130	99	111	62.52	42	74	70.36	50	57	61	82	1.24	58	37	84	87																																																																																																																																																																																														
139	111.14	7	88	132	129	115.85	117	121	22	49	148.5	105	68	53.9	111	53	62	76	139.76	8	18	42	94	106.6	39	23	80.07	11	108	75	143	16.72	55	72	13	37	147.68	25	39	71.78	35	142	2	114	106.68	52	108	62	84																																																																																																																																																																																														
20	75.55	16	122	76	38	74.89	122	9	8	79	149.92	13	68	70.98	134	142	104	26	42.1	4	43	40	112	54.88	71	103	141.56	43	65	108	33	95.71	43	89	83	4	108.06	108	65	11.71	7	22	135	121	126.44	104	79	76	100																																																																																																																																																																																														
80	28.85	19	84	105	36	67.23	139	40	76	135	1.24	14	71	4.33	20	93	104	24	97.16	6	72	148	2	22.54	12	116	12.23	62	89	89	118	8.9	123	12	39	59	136.41	6	102	3.95	148	31	78	127	149.73	136	65	68	35																																																																																																																																																																																														
88	135.41	103	74	13	55	61.06	116	37	36	72	70.9	32	5	27.97	13	60	96	9	4.17	60	120	133	74	40.7	62	77	62.85	50	115	47	31	134.29	53	13	5	117	113.82	42	56	87.22	67	25	116	23	55.93	96	24	60	149																																																																																																																																																																																														
71	64.06	53	125	76	41	87.93	42	93	133	52	23.71	85	109	45.54	25	122	7	133	72.65	17	4	132	56	105.97	58	125	94.11	122	104	101	63	113.43	123	86	123	83	57.64	36	150	5.32	126	122	16	138	28.2	38	50	88	7																																																																																																																																																																																														
148	62.94	89	24	18	71	60.7	27	56	44	39	97.41	138	143	73.2	113	118	112	142	118.89	96	10	22	7	31.35	103	64	62.12	40	36	53	94	137.5	46	17	91	126	34.21	23	121	87.13	133	30	132	143	99.62	74	59	149	119																																																																																																																																																																																														
113	142.96	6	42	90	1	66.75	107	141	121	49	117.36	125	50	149.53	146	23	24	41	103.6	43	31	4	11	34.84	110	13	144.67	5	86	59	26	7.84	43	129	71	74	108.33	22	3	38.36	12	133	63	100	91.64	137	95	7	23																																																																																																																																																																																														
141	136.22	132	42	52	79	58.46	124	26	54	23	34.47	109	72	50.86	79	139	64	72	101.86	118	105	103	31	82.95	21	103	16.87	8	115	124	61	149.5	102	140	133	87	124.89	107	87	28.33	4	40	41	127	92.54	112	36	53	106																																																																																																																																																																																														
52	3.11	88	78	139	10	18.76	122	17	44	77	143.92	136	28	88.81	135	111	78	129	90.38	66	103	63	132	15.07	44	73	63.44	9	48	17	97	77.55	6	119	113	132	63.33	72	24	126.53	44	138	51	4	29.81	147	71	119	99																																																																																																																																																																																														
69	32.02	8	60	94	18	39.24	87	40	99	93	7.31	100	39	19.31	138	34	5	27	83.57	108	60	13	71	32.8	74	144	54.18	14	119	56	94	59.45	18	139	5	18	22.17	127	2	73.37	26	78	116	64	57.07	130	126	88	67																																																																																																																																																																																														
132	143.19	37	116	145	130	18.98	93	56	25	100	36.28	10	76	130.09	41	42	147	118	92.26	140	8	101	143	99.42	143	84	102.56	136	49	39	132	43.91	8	103	37	60	84.28	138	1	143.99	124	65	112	21	72.99	128	114	100	118																																																																																																																																																																																														
117	72	122	2	72	56	26.69	87	140	41	67	39.31	18	72	109	136	14	25	131	84.98	107	23	131	21	124.21	137	44	61.24	129	63	4	64	56.86	39	100	49	46	145.7	121	1	130.1	30	30	76	15	107.78	61	19	97	28																																																																																																																																																																																														
18	6.13	42	24	3	76	141.02	56	82	118	127	130.84	87	104	29.97	23	106	108	103	27.48	145	74	143	96	106.18	101	65	21.68	61	30	147	97	55.39	109	103	64	40	63.03	1	63	67.11	41	30	64	50	30.3	115	20	114	116																																																																																																																																																																																														
64	131.36	119	66	43	99	71.13	23	109	3	47	132.31	62	9	62.21	96	140	32	76	132.22	44	76	20	41	23.13	50	90	110.48	16	67	31	122	60.6	74	102	9	137	33.15	8	63	27.64	44	140	16	21	63.39	70	41	16	114																																																																																																																																																																																														
38	77.63	40	51	88	46	64.27	95	68	101	46	50.95	117	43	79.91	128	105	147	10	128.26	27	124	12	117	147.34	110	88	76.46	34	27	130	146	25.29	88	25	116	148	20.06	78	67	5.87	127	19	125	13	123.11	85	29	40	41																																																																																																																																																																																														
106	12.9	81	29	143	48	77.28	103	49	77	105	117.46	96	32	55.96	45	34	81	110	18.84	19	45	48	68	95.14	63	9	139.57	24	91	57	7	73.86	4	15	88	142	118.25	20	111	78.65	7	14	22	33	33.38	141	5	95	107																																																																																																																																																																																														
132	31.78	60	109	20	3	116.17	135	47	127	8	57.42	54	102	93.59	144	97	31	148	140.88	13	140	37	135	80.61	93	64	25.35	56	101	141	86	124.04	11	46	70	44	22.35	85	109	119.76	41	81	133	9	73.33	122	75	16	29																																																																																																																																																																																														
72	40.41	8	51	107	131	54.9	3	10	135	62	14.16	113	20	83.32	144	37	3	93	100.69	5	8	145	125	36.24	62	114	63.84	49	20	53	97	23.21	21	86	65	86	133.93	135	146	42.76	37	89	51	10	117.75	56	123	88	85																																																																																																																																																																																														
36	19.86	83	91	43	44	51.61	93	122	141	137	23.47	141	64	93.87	12	51	122	88	45.9	16	137	69	94	50.55	104	17	97.5	33	47	98	88	32.06	10	144	60	131	52.09	38	14	68.63	129	106	148	139	126.27	77	93	125	60																																																																																																																																																																																														
40	129.85	56	125	83	89	5.79	13	120	145	66	72.71	26	34	21.74	77	68	140	86	59.62	58	133	60	58	125	50	45	136.53	13	31	71	81	96.87	60	18	114	83	105.74	86	111	112.69	5	144	36	131	118.96	51	6	65	21																																																																																																																																																																																														
98	35.63	21	74	95	24	14.12	136	104	89	127	53.37	8	138	39.06	71	81	132	32	16.03	25	85	26	82	2.92	93	149	79.38	32	74	18	4	90.64	114	79	22	80	39.63	142	40	68.74	110	23	127	123	115.97	17	33	91	72																																																																																																																																																																																														
141	34.14	56	31	78	54	23.26	102	20	140	39	124.55	33	63	144.01	69	141	15	79	40.77	67	30	52	139	39.07	118	126	142.29	44	61	11	76	45.12	9	61	89	25	87.57	116	58	18.6	12	25	143	99	91	111	36	144	35																																																																																																																																																																																														
96	83.99	87	74	79	97	30.84	128	94	65	66	48.63	113	31	111.92	98	60	58	82	57.22	34	117	140	84	38.71	20	32	24.71	46	59	105	57	103.97	105	148	76	19	91.87	128	82	105.22	63	29	113	118	108.52	3	111	48	54																																																																																																																																																																																														
2	12.11	118	90	149	46	61.99	84	123	150	89	83.17	15	29	94.77	20	120	117	3	147.89	94	94	7	6	126.33	10	87	77.77	149	52	66	36	37.99	74	136	10	85	118.9	91	102	123.63	79	91	30	126	134.1	101	38	12	3																																																																																																																																																																																														
149	90.49	124	79	95	6	11.9	41	82	70	93	74.55	134	11	55.55	141	74	149	26	93.54	90	100	79	19	57.68	113	124	3.41	131	36	110	36	134.83	150	11	93	116	100.26	44	142	13.56	50	4	125	130	20.86	66	57	115	24																																																																																																																																																																																														
121	31.66	147	72	25	119	74.83	29	43	3	4	58.86	86	99	5.59	104	96	64	30	71.1	5	118	113	96	96.3	114	45	37.19	133	13	61	29	110.32	59	49	41	21	76.1	76	116	42.22	22	117	61	53	78.26	78	84	37	49																																																																																																																																																																																														
111	141.05	121	24	122	106	142.12	116	82	118	126	65.16	140	118	45.05	144	136	56	147	4.29	40	95	150	128	1.93	58	70	101.84	74	150	95	114	117.82	17	118	36	27	41.76	140	121	39.33	140	26	95	38	141.79	132	91	7	131																																																																																																																																																																																														
106	24.49	45	46	86	125	16.61	139	90	99	49	111.69	101	76	10.6	101	87	64	4	29.84	87	85	85	134	134.89	42	16	16.43	67	45	23	110	116.86	71	71	46	50	140.92	82	77	74.37	65	138	100	120	68.22	88	146	71	135																																																																																																																																																																																														
100	118.91	114	119	81	45	70.4	80	46	34	51	132.19	78	89	27.4	48	39	89	60	137.93	78	29	45	9	109.58	6	118	134.68	44	71	105	121	133.06	90	127	40	135	45.11	15	126	61.46	136	42	41	120	102.03	85	49	26	58																																																																																																																																																																																														
29	80.84	61	41	140	134	135.08	137	72	118	113	108.39	19	125	33.46	96	117	71	87	62.64	111	39	21	102	43.34	67	75	120.98	81	86	73	54	52.83	87	137	67	117	134.66	49	8	44.79	132	74	104	23	3.24	29	2	88	115																																																																																																																																																																																														
78	33.33	136	131	21	39	12.01	44	128	148	148	104.77	59	2	66.02	141	146	53	89	127.71	32	138	105	34	22.85	149	104	29.05	122	90	16	71	135.65	124	13	80	24	115.28	90	87	40.2	81	120	18	83	13.51	112	27	26	137																																																																																																																																																																																														
51	108.14	132	84	123	9	111.65	62	36	63	40	97.52	104	86	136.52	148	147	87	110	93.99	52	29	46	96	28.28	114	20	103.49	67	5	144	54	4.46	84	106	68	141	70.43	61	55	27.43	86	80	102	59	61.49	134	114	49	58																																																																																																																																																																																														
16	108.12	21	85	111	15	50.05	14	41	139	45	41	7	67	69.08	45	32	123	116	100.32	26	134	149	74	119.2	52	36	43.26	120	4	53	93	91.4	35	119	125	84	99.19	141	36	146.01	145	107	96	8	9.04	65	98	23	92																																																																																																																																																																																														
17	1.97	9	83	82	141	138.45	124	129	128	102	30.33	113	99	116.47	59	119	79	76	106.29	66	8	123	76	118.99	38	128	95.27	129	26	11	73	138.95	24	99	3	114	29.31	56	41	63.71	149	111	147	72	96.35	105	37	61	26																																																																																																																																																																																														
111	17.31	133	55	122	54	87.43	117	31	78	64	20.41	140	137	56.08	52	79	86	119	147.44	64	58	134	84	88.5	53	58	89.82	9	95	120	65	72.75	107	93	22	11	98.58	27	112	137.05	35	133	84	41	110.52	14	122	93	150																																																																																																																																																																																														
79	42.32	60	103	116	80	31.28	9	19	110	57	27.51	116	87	67.87	93	20	23	79	115.16	46	114	51	131	42.93	88	64	85.53	63	4	117	107	30.78	120	60	85	116	93.53	130	16	139.65	53	118	113	84	90.77	46	87	22	129																																																																																																																																																																																														
92	69.31	18	80	143	143	80.13	67	135	15	143	95.65	117	120	8.13	106	20	33	132	98.58	20	81	7	61	26.43	86	127	107.1	42	112	16	100	14.17	2	83	84	32	65.73	120	51	85.33	93	55	79	103	132.8	117	104	26	150																																																																																																																																																																																														
64	107.41	72	111	120	110	102.97	20	135	5	127	50.15	77	6	60.81	84	35	132	135	101.73	147	95	106	10	115.93	83	119	39.63	86	150	147	55	146.54	149	141	129	33	3.56	106	112	102.1	68	79	127	148	70.72	24	120	7	18																																																																																																																																																																																														
136	147.57	50	17	25	80	108.37	41	114	102	94	78.72	3	38	41.63	149	143	142	119	68.65	133	90	73	70	1.43	17	103	135.9	11	113	100	49	6.77	72	71	126	28	138.91	74	58	13.34	7	89	85	97	105.63	89	15	69	38																																																																																																																																																																																														
105	61.54	54	43	113	59	85.01	10	4	6	127	4.24	97	104	146.74	149	114	119	73	57.77	7	111	19	53	47.46	47	3	74.75	90	124	34	128	113.25	136	30	76	149	103.71	9	19	23.79	36	77	133	5	119.76	91	71	29	17																																																																																																																																																																																														
8	46.46	13	80	23	58	58.36	33	19	64	130	94.2	94	86	17.18	13	122	85	79	19.34	98	137	22	147	34.4	109	60	54.91	143	26	11	15	58.1	11	121	77	46	30.93	20	42	50.68	146	38	144	49	53	131	76	92	65																																																																																																																																																																																														
68	89.38	49	80	37	122	56.11	5	106	76	1	15.93	147	116	109.31	90	119	136	44	131.66	106	92	79	24	24.46	138	34	27.56	113	59	12	102	121.53	76	25	29	119	95.43	43	101	138.92	81	83	100	113	17.63	127	47	69	34																																																																																																																																																																																														
15	18.78	145	136	23	112	77.78	64	22	19	39	114.36	97	81	132.02	21	64	96	6	92.91	14	1	120	87	140.61	13	28	124.42	79	9	30	68	125.98	7	26	130	113	76.91	70	106	104.13	114	68	116	69	21.12	139	111	71	24																																																																																																																																																																																														
66	79.05	79	134	121	141	139.35	147	127	127	110	146.77	122	48	121.5	65	48	20	85	69.59	33	72	91	96	51.09	51	50	15.23	29	5	14	32	119.99	114	47	25	44	88.07	53	37	23.04	137	149	76	6	103.99	63	10	32	83																																																																																																																																																																																														
27	93.55	89	122	107	24	120.83	121	110	142	69	126.58	106	71	136.14	70	14	137	58	133.55	142	2	59	118	96.14	115	61	32.7	6	6	64	128	111.19	94	67	63	102	141.26	143	106	125.89	41	24	97	14	52.99	62	77	2	70																																																																																																																																																																																														
87	111.34	88	141	6	44	138.72	140	95	64	107	21.2	25	69	68.27	76	4	137	91	13.14	133	41	149	106	1.96	46	100	77.38	108	25	97	69	70.07	26	58	122	68	71.52	10	115	123.2	59	149	141	70	64.15	26	73	118	125																																																																																																																																																																																														
60	99.39	90	101	137	143	25.57	31	39	44	75	94.8	109	19	137.79	121	61	22	70	120.1	78	8	146	125	97.15	91	75	117.62	101	93	126	7	1.93	82	42	19	87	78.39	142	2	9.39	118	121	77	116	96.68	123	83	13	18																																																																																																																																																																																														
37	111.66	64	78	89	135	136.28	131	103	101	3	78.08	99	18	107.14	16	85	55	25	136.47	90	81	14	6	115.84	112	88	112.29	12	61	69	49	41.71	68	13	18	81	112.8	5	129	89.03	66	99	62	16	40.17	75	107	53	145																																																																																																																																																																																														
12	75.8	25	93	115	136	125.04	111	93	68	5	38.44	135	23	52.96	104	58	21	60	77.81	40	40	2	5	101.13	109	24	63.86	23	54	120	116	27.67	29	76	91	34	45.99	145	72	101.99	117	97	105	144	121.23	57	69	3	87																																																																																																																																																																																														
123	10.24	57	141	98	13	113.91	46	116	124	14	74.77	116	3	12.83	64	67	9	136	141.73	95	37	96	65	143.67	110	60	147.35	40	70	75	86	132.79	63	10	98	127	60.45	60	99	104.58	106	16	38	108	1.75	49	121	104	142																																																																																																																																																																																														
124	14.15	74	110	109	127	134.43	150	6	39	30	97.92	68	63	32.5	47	49	140	14	59.28	145	55	135	14	47.98	86	149	121.23	7	132	108	53	7.65	101	29	123	65	78.97	86	123	40.18	108	47	107	126	108.78	27	88	129	78																																																																																																																																																																																														
65	22.31	45	56	22	112	132.53	142	127	80	24	11.84	97	95	132	20	139	131	47	59.19	57	34	51	86	114.58	101	34	15.63	12	124	110	45	92.12	30	63	38	43	57.81	50	126	41.61	75	34	96	92	144.88	114	116	5	70																																																																																																																																																																																														
106	27.19	61	18	142	81	142.01	12	65	61	9	72.79	114	33	93.91	28	29	43	4	37.76	57	145	10	108	13.04	55	123	78.06	103	137	91	36	112.57	38	26	33	60	117.11	108	119	35.26	116	104	43	149	61.27	48	110	81	118																																																																																																																																																																																														
130	110.83	114	15	129	70	14.74	112	10	61	98	148.06	99	60	108.88	83	116	90	96	93.08	85	136	94	13	72.3	105	146	121.7	102	39	79	66	147.09	119	35	43	78	29.2	34	85	35.57	81	73	52	91	66.66	56	45	133	32																																																																																																																																																																																														
48	87.29	104	29	101	145	128.71	125	28	121	86	86.97	26	29	127.75	24	70	15	133	73.7	133	24	13	137	55.45	133	101	94.09	117	63	71	42	64.25	94	129	37	146	94.29	56	108	139.16	124	31	100	19	31.26	81	87	48	47																																																																																																																																																																																														
41	2.04	31	33	76	5	120.58	112	122	109	110	19.88	23	93	3.97	119	142	98	81	141.77	101	52	73	57	127.56	65	85	72.68	49	10	33	50	15.06	66	28	63	96	115.12	14	146	95.75	127	87	145	131	104.53	117	22	56	32																																																																																																																																																																																														
51	125.68	34	39	53	7	128.75	106	8	24	47	3.24	85	92	87.9	39	86	146	124	69.29	69	111	149	34	57.46	145	7	62.12	27	96	139	73	12.75	133	126	51	103	103.57	61	14	79.83	2	16	87	45	98.68	66	106	2	31																																																																																																																																																																																														
119	139.53	149	116	94	114	21.22	58	82	92	18	129.9	68	148	18.22	80	24	56	61	19.39	81	80	69	11	48.83	93	45	23.68	86	55	80	89	85.4	126	99	108	30	39.7	41	130	20.99	75	97	81	84	126.08	49	141	113	12																																																																																																																																																																																														
28	45.29	131	134	24	100	108.5	52	19	7	25	43.05	71	29	85.99	86	15	148	78	36.53	66	118	43	109	59.99	91	103	102.08	76	116	54	141	147.22	80	64	118	117	103.21	29	23	37.38	57	134	131	38	60.05	17	103	121	147																																																																																																																																																																																														
114	94.93	106	62	13	50	21.92	61	128	43	16	123.12	62	62	126.55	77	150	40	109	98.99	75	146	114	148	79.95	95	74	87.11	148	13	139	3	109.01	138	103	62	97	34.29	59	121	49.96	141	145	58	90	124.03	115	55	103	130																																																																																																																																																																																														
118	89.56	41	12	13	105	66.52	9	107	85	20	85.12	36	94	14.78	5	61	129	120	46.61	141	72	56	128	95.58	91	123	115.89	54	5	76	50	7.73	139	98	113	47	120.85	129	19	94.28	139	47	91	130	129.64	13	79	124	138																																																																																																																																																																																														
11	55.95	84	84	112	19	1.21	97	107	146	116	135.07	86	121	41.75	139	57	60	133	49.84	148	14	4	94	7.64	16	62	136.7	37	126	26	16	38.89	47	118	48	79	78.63	19	24	131.37	38	30	2	116	15.23	60	114	113	28																																																																																																																																																																																														
129	22.97	40	146	94	61	146.19	146	120	19	131	138	72	80	18.65	67	8	119	60	104.09	136	134	36	48	114.09	88	138	85.39	110	77	105	69	127.87	23	137	24	144	138.37	87	10	99.2	85	105	54	121	129.56	127	54	107	14																																																																																																																																																																																														
136	82.38	88	22	5	59	60.39	13	85	64	115	124.78	49	102	86.56	147	80	56	99	60.07	108	49	133	87	44.56	122	103	32.06	10	87	58	131	71.15	90	100	144	107	7.67	85	55	26.16	33	137	9	39	18.54	32	136	107	19																																																																																																																																																																																														
149	19.15	121	136	33	121	149.48	3	150	121	101	78.08	150	118	2.95	121	42	60	53	50.73	35	111	2	62	114.39	20	126	62.36	76	6	40	73	135.26	119	24	93	94	98.42	11	81	131.81	97	19	108	112	13.93	22	91	45	79																																																																																																																																																																																														
71	138.45	50	128	43	11	64.03	62	113	32	126	37.47	49	52	60.41	28	109	10	21	34.32	117	150	62	122	60.93	141	31	51.95	133	131	135	135	9.72	59	92	40	35	22.2	116	42	53.52	4	105	118	97	121.19	130	77	11	120																																																																																																																																																																																														
34	129.14	51	27	47	62	142.67	30	119	124	97	133.11	46	116	62.55	117	76	142	69	74.48	128	48	16	81	147.3	60	102	29.44	122	15	109	95	138.74	122	34	37	70	74.17	107	79	114.47	104	150	86	40	40.42	87	23	119	80																																																																																																																																																																																														
56	36.26	81	91	131	5	2.68	15	111	22	147	104.49	113	137	71.12	40	68	97	104	149.25	11	119	66	139	52.86	2	56	134.77	125	81	14	66	86.41	145	2	77	84	27.23	80	87	97.21	43	60	23	52	57.66	40	28	148	147																																																																																																																																																																																														
21	49.66	58	140	24	39	10.95	42	148	120	97	94.21	119	88	8.18	104	20	29	129	83.73	48	7	103	59	111.47	61	30	10.6	63	13	9	12	56.55	73	54	27	63	93.14	7	83	82.37	26	30	74	137	144.05	86	14	29	130																																																																																																																																																																																														
131	28.63	42	87	27	98	138.44	117	16	124	79	23.37	88	39	126	31	65	66	28	141.19	143	139	2	49	106.6	10	124	57	73	95	113	17	4	31	14	78	62	37.89	2	55	1	23	129	93	130	129.74	5	49	65	103																																																																																																																																																																																														
144	140.32	125	57	42	116	99.83	16	34	124	108	104.75	16	136	53.72	127	92	45	36	89.08	71	97	101	110	78.68	34	4	84.36	48	8	49	55	4.53	111	44	127	138	37.73	119	67	37.07	56	149	11	145	39.94	17	7	97	25																																																																																																																																																																																														
49	149.09	18	114	127	81	96.02	81	1	95	101	146.49	51	97	24.31	17	58	101	27	103.29	7	40	10	116	2.79	59	143	106.38	148	20	110	16	117.3	90	54	51	116	7.27	35	25	15.66	9	33	103	110	13.21	20	41	110	49																																																																																																																																																																																														
70	24.37	105	13	92	140	76.92	25	106	9	5	94.49	126	116	136.87	67	128	75	41	103.12	82	2	33	110	90.98	4	98	131.36	68	30	119	17	81.29	111	101	67	110	79.36	93	109	54.63	42	8	17	39	63.98	40	68	53	116																																																																																																																																																																																														
33	9.74	141	141	61	143	56.82	81	47	111	34	104.23	87	83	7.51	15	119	78	50	50.19	1	146	28	125	7.47	56	15	90	118	53	31	54	72.11	111	104	18	35	100.85	45	96	29.91	124	63	66	93	7.96	113	46	147	140																																																																																																																																																																																														
27	90.32	61	51	83	93	27.45	150	141	132	117	90.67	80	143	20.19	85	111	51	119	127.51	113	141	97	24	148.4	150	32	23.95	41	114	73	87	77.27	117	89	31	125	147.45	120	71	91.21	66	10	46	46	121.06	14	57	22	33																																																																																																																																																																																														
98	23.67	57	48	110	26	108.12	85	97	105	10	118.56	33	141	106.58	76	118	21	23	28.16	37	50	111	20	69.77	117	38	11.64	123	84	138	114	78.11	118	29	120	99	92.21	85	13	29.65	69	46	33	10	139.74	88	97	96	126																																																																																																																																																																																														
27	84.08	90	79	88	131	137.97	82	105	86	69	77.11	13	16	125.85	74	61	113	129	90.73	12	54	147	99	123.77	138	45	54.41	75	55	92	70	33.74	129	38	131	66	48.24	22	78	3.86	150	84	67	16	30.59	3	142	17	115																																																																																																																																																																																														
6	75.78	5	92	9	97	103.96	120	6	149	80	30.73	128	39	125.27	9	13	99	121	72.12	107	46	92	22	105.24	17	14	137.03	79	109	68	56	13.17	55	13	91	9	104.93	112	53	147.18	36	106	1	6	74.32	55	88	52	75																																																																																																																																																																																														
132	9.34	99	131	144	136	5.37	104	114	42	98	94.61	75	43	43.04	138	20	77	101	103.91	54	70	53	58	109.41	143	142	47.24	108	23	24	71	124.36	25	21	108	50	144.68	49	44	69.71	91	87	147	89	133.66	29	16	115	107																																																																																																																																																																																														
64	119.11	81	7	78	66	144.17	80	59	39	126	20.52	124	92	84.33	88	83	94	103	136.27	144	79	115	109	136.16	129	26	5.61	106	77	82	15	115.95	105	36	20	7	130	109	73	55.73	95	47	60	118	65.59	126	145	32	38																																																																																																																																																																																														
76	75.55	70	127	117	57	120.06	105	36	148	26	74.65	137	53	93.14	150	61	48	125	134.5	97	73	94	110	56.78	24	9	96.89	28	16	92	69	30.81	131	72	81	124	80.75	9	33	61.76	132	119	54	66	131.19	74	33	128	14																																																																																																																																																																																														
38	111.32	44	47	45	118	19.8	112	41	108	28	52.32	144	83	86.2	34	28	103	13	17.02	63	95	112	91	11.44	100	67	20.92	138	79	143	137	98.52	89	34	15	86	70.81	71	45	139.54	95	14	34	82	141.27	147	19	106	131																																																																																																																																																																																														
17	34.07	12	31	34	129	89.39	139	102	85	12	132.39	36	115	106.99	82	100	29	15	127.73	31	149	72	87	12.24	5	145	14.76	16	121	78	129	90.34	29	21	134	117	21.18	90	115	146.43	56	23	146	143	103.77	3	141	105	110																																																																																																																																																																																														
70	146.73	120	112	29	85	55.36	93	86	18	67	70.58	69	101	100.77	62	11	106	24	36.49	147	88	112	17	147.55	63	135	65.94	137	120	85	50	25.49	61	4	2	141	41.24	90	39	37.1	149	6	99	8	88.87	9	110	135	29																																																																																																																																																																																														
140	81.8	111	124	87	27	105.38	113	27	88	66	18.97	98	148	142.33	74	107	33	90	95.41	52	90	130	83	109	107	21	128.35	71	10	83	81	101.67	137	84	39	90	5.2	28	44	82.4	115	78	31	117	49.18	72	140	72	14																																																																																																																																																																																														
12	85.7	134	82	18	52	96.15	26	118	2	141	122.44	72	79	48	46	44	121	57	119.19	107	133	71	146	27.87	106	5	80.29	12	115	123	135	112.82	57	8	3	120	65.11	60	107	118.1	126	79	106	62	41.53	94	100	83	85																																																																																																																																																																																														
115	25.28	101	42	116	69	22.85	75	86	83	86	73.82	12	14	80.62	95	57	126	117	68.08	106	47	124	126	52.63	10	29	124.99	136	111	119	46	114.6	92	15	147	84	13.91	76	85	71.43	103	121	131	93	102.43	4	46	106	7																																																																																																																																																																																														
53	51.82	140	45	75	58	106.35	109	122	76	58	99.19	10	74	75.13	88	124	109	44	25.65	38	144	97	52	99.89	114	147	51.93	70	50	3	4	13.71	75	55	22	122	144.37	79	53	120.4	69	59	119	109	40.41	47	150	97	92																																																																																																																																																																																														
37	2.7	18	26	112	96	119.72	106	11	67	75	148.66	2	78	128.24	26	141	129	36	56.27	40	88	31	139	25.86	122	63	47.1	41	50	47	67	128.91	72	95	104	70	60.02	21	115	139.59	128	124	80	26	11.31	140	131	6	9																																																																																																																																																																																														
43	1.45	102	103	61	32	56.86	116	80	50	97	119.87	16	125	20.03	28	119	111	115	6.29	71	85	13	99	109.21	132	125	37.68	13	99	56	105	102.19	84	100	25	51	67.19	31	91	83.99	37	24	64	67	75.02	66	149	67	140																																																																																																																																																																																														
85	62.78	138	13	3	105	35.79	21	107	136	29	116.36	34	149	80.63	13	65	28	80	59.52	12	52	42	79	134.46	22	17	136.63	45	102	97	22	139.39	83	59	71	119	21.62	74	8	13.99	62	7	34	23	129.45	129	95	46	5																																																																																																																																																																																														
126	36.07	75	93	90	15	109.76	80	116	110	70	131.87	90	52	88.26	54	118	48	2	94.86	148	82	97	143	103.34	109	112	75.13	145	58	55	36	4.88	28	35	43	122	133	89	114	2.39	100	20	20	51	99.2	76	16	103	63																																																																																																																																																																																														
5	18.16	50	38	14	147	90.11	15	121	148	44	20.65	10	10	108.32	42	28	71	25	59.42	129	27	109	66	108.38	9	25	135.71	116	50	24	63	56.3	97	2	79	108	67.63	63	135	102.1	24	56	143	137	33.7	1	85	64	58																																																																																																																																																																																														
132	101.75	138	3	42	115	38.57	83	69	36	81	57.47	1	141	19.9	1	149	70	123	13.93	76	81	3	146	133.22	74	129	22.71	79	118	51	87	49.09	98	112	20	1	127.54	31	58	148.39	79	24	75	84	133.15	12	145	131	52																																																																																																																																																																																														
81	38.24	120	74	140	30	10.53	29	126	115	28	67.82	80	3	101.34	123	114	134	94	1.86	12	58	19	150	40.87	68	6	59.23	35	105	56	22	116.42	40	84	106	130	11.89	27	17	46.86	29	44	94	83	7.6	82	97	49	12																																																																																																																																																																																														
24	26.58	97	75	119	24	65.69	139	71	70	127	14.58	1	10	23.88	65	1	31	83	118.53	105	38	34	95	44.34	93	64	81.58	58	20	54	47	27.99	78	130	142	32	64.97	126	149	1.78	99	109	88	33	88.89	128	112	102	37																																																																																																																																																																																														
14	143.84	101	49	110	31	122.38	40	14	121	101	103.22	19	62	50.46	41	23	110	118	104.28	99	1	45	17	48.11	109	124	51.38	147	91	23	106	67.83	89	66	146	125	120.59	100	78	67.49	131	120	96	99	125.91	86	72	77	105																																																																																																																																																																																														
49	139.94	27	141	14	117	108.59	21	14	82	69	72.9	5	93	102.07	104	149	109	81	44.02	103	87	66	101	95.54	132	28	107	75	121	16	14	108.2	47	71	131	146	61.3	37	123	46.67	129	32	70	15	133.03	126	92	53	118																																																																																																																																																																																														
114	117.23	58	21	60	78	32.22	59	117	83	7	12.25	33	89	144.61	50	80	3	144	48	42	143	3	58	142.68	49	138	106.82	126	45	129	85	85.99	69	61	132	71	107.27	76	124	74.12	108	100	96	46	104.67	103	81	45	13																																																																																																																																																																																														
61	136.45	71	93	99	25	86.9	89	110	104	15	120.73	45	47	87.51	22	138	146	30	40.65	86	99	69	46	130.77	8	106	18.77	64	124	90	53	135.21	119	35	36	33	142.64	59	139	92.96	4	57	125	37	17.91	138	86	136	59																																																																																																																																																																																														
116	122.46	29	124	68	94	131.54	79	29	84	148	43.5	105	149	23.84	18	8	100	52	95.64	92	103	78	98	147.06	124	11	38.03	3	63	22	28	63.17	95	142	121	139	8.43	110	97	18.6	39	82	117	10	110.73	132	130	14	79																																																																																																																																																																																														
106	148.41	38	110	85	12	117.15	106	28	64	90	17.14	31	76	56.35	47	141	54	50	134.08	69	98	137	149	76.02	49	127	109	52	125	31	17	83.12	67	75	131	125	115.86	13	77	137.3	118	65	16	86	104.63	33	133	23	26																																																																																																																																																																																														
52	111.26	114	49	58	52	120.18	63	62	126	63	68.17	102	27	122.4	94	50	114	14	6.2	66	1	111	104	121.93	124	43	109.83	123	8	79	82	43.33	23	48	74	127	57.6	3	25	136.85	28	98	53	135	147.79	139	68	82	126																																																																																																																																																																																														
47	104.56	131	125	114	96	136.96	144	35	83	48	73.45	53	11	119.53	91	42	123	109	131.86	31	22	3	90	72.74	73	130	66.42	107	121	66	125	70.51	4	106	18	147	58.81	129	45	45.92	27	49	25	118	127.03	101	29	136	128																																																																																																																																																																																														
35	34.94	55	35	53	148	12.75	122	12	137	141	72.2	144	131	65	31	57	53	46	79.96	116	149	53	88	33.14	42	97	10.85	110	80	127	41	104.64	83	19	56	16	63.78	128	5	42.4	30	104	106	98	36.26	5	148	81	40																																																																																																																																																																																														
20	94.99	150	150	14	44	27.06	102	149	134	120	10.75	40	4	63.32	150	70	124	90	77.04	44	119	121	75	89.94	65	7	7.21	18	116	149	18	76.56	102	44	119	109	85.73	115	39	145.45	111	16	39	103	72.11	101	143	53	127																																																																																																																																																																																														
6	33.74	2	90	139	56	132.39	6	80	53	31	22.68	39	13	42.7	14	103	18	8	100.13	92	88	53	25	137.02	31	142	54.6	101	65	117	60	68.98	37	150	73	96	69.62	56	141	50.37	129	71	109	66	98.7	24	88	62	125																																																																																																																																																																																														
50	109.86	121	144	82	69	127.3	16	7	82	76	87.13	113	41	136.05	51	149	108	21	129.33	64	15	114	41	31.44	128	100	3.4	145	113	24	65	85.75	110	78	66	144	37	130	21	48.77	16	9	82	4	63.15	146	100	37	103																																																																																																																																																																																														
40	15.8	130	139	25	64	43.3	6	94	17	58	119.18	69	132	77.62	92	117	97	33	81.64	84	19	79	17	94.52	149	52	129.25	74	93	91	106	94.39	131	15	37	50	43.71	67	125	55.48	42	139	88	95	136.99	92	137	146	148																																																																																																																																																																																														
69	94.65	40	136	36	55	41.92	73	78	141	72	51.12	99	21	140.83	44	105	63	126	130.21	80	45	136	61	117	137	103	116.86	20	81	32	133	137.25	20	35	9	52	86.37	77	68	136.89	100	17	2	114	38.57	97	102	146	8																																																																																																																																																																																														
105	2.02	53	12	147	74	148.09	9	142	150	125	90.23	83	41	96.32	46	139	112	34	64.96	32	133	74	92	63.79	64	52	95.51	35	51	114	148	107.32	19	66	52	83	26.98	116	111	108.89	13	12	62	41	79.29	67	11	67	138																																																																																																																																																																																														
13	142.31	141	33	147	50	66.55	52	70	89	33	64.91	90	128	2.77	55	37	122	139	113.68	140	125	146	63	42.99	78	40	83.83	91	61	124	104	65.9	63	28	19	128	27.38	120	129	22.14	119	4	60	136	48.43	110	69	52	99	78	19	26	91.93	24	126	83	85	148.33	138	69	8	15	70.51	150	83	124	93	84.62	60	126	101	53	124.68	39	130	105	127	58.33	41	82	53	123	133.4	79	55	24	93	54.34	12	55	18	76	97	83	7	132	97	122.72	51	114	13	140	100.19	69	36	9	84	123.03	132	108	89	25	139.1	18	104	111	135	106.09	13	1	34	54	148.84	46	80	64	145	105.73	92	52	16	119	3.89	56	79	146	122	3.86	7	129	12	144	75.02	113	129	113	61	24.32	71	11	147	20	117.58	50	89	4	98	72.73	132	97	131	67	79.28	79	19	134	127	91.92	80	53	100	80	69.03	73	103	72	124	9.38	82	9	62	115	33.59	126	41	47	63	75.35	112	45	78	37	63	10	7	129	98	125.86	82	63	136	121	2.33	61	112	53	71	49.92	56	75	51	45	70.85	40	125	71	56	82.3	103	7	75	61	29.39	36	74	76	83	46.64	89	5	80	4	91.46	42	52	149	116	86.5	86