50 240
94	47.86	12	36	60	100	66.58	6	36	117	81	6.67	17	90	72.63	83	18	137	126	113.14	89	44	55	100	60.73	108	48	74.15	133	67	42	75	106.31	79	127	109	124	142.65	50	53	86.56	22	129	30	24	47.81	5	68	126	78																																																																																																																																																																																														
95	66.07	2	122	141	48	130.27	97	93	138	84	33.05	82	31	45.28	148	91	7	81	51.84	121	46	86	100	134.17	33	77	137.62	89	127	38	103	144.6	80	147	136	147	3.49	102	27	24.6	113	73	37	85	143.86	35	46	132	124																																																																																																																																																																																														
133	73.57	67	45	104	148	56.53	14	14	20	121	133.62	86	137	58.7	51	149	53	66	118.25	59	30	27	28	80.88	42	150	145.68	149	13	45	45	44.84	10	71	93	124	147.21	16	143	86.69	91	86	66	107	51.77	28	12	31	89																																																																																																																																																																																														
27	83.68	27	22	118	70	69.71	40	95	31	111	18.96	123	5	77.81	83	99	68	95	99.8	119	71	81	9	53.17	32	64	112.48	137	53	11	44	43.47	10	112	25	108	137.16	74	35	34.91	144	70	147	89	57.33	106	26	114	46																																																																																																																																																																																														
80	113.03	83	106	121	65	56.66	143	72	58	73	116.16	90	60	89.55	71	144	129	32	103.37	60	133	106	99	119.97	113	107	80.62	87	149	19	66	95.64	30	83	26	30	143.14	120	40	32.37	27	111	125	79	52.15	99	75	33	65																																																																																																																																																																																														
138	117.18	26	129	61	85	114.78	112	80	31	71	38.24	76	81	140.08	100	7	105	16	139.45	95	64	78	4	128.18	38	69	21.48	49	116	84	126	138.11	9	110	35	16	113.29	90	75	110.15	34	110	38	102	41.88	85	48	137	1																																																																																																																																																																																														
69	129.64	67	106	111	6	30.21	130	71	89	114	101.56	32	29	134.13	144	101	40	92	68.96	62	47	130	65	62.93	110	128	138.45	54	36	85	101	146.95	1	101	67	132	1.74	36	137	68.81	125	43	16	106	29.86	122	60	57	31																																																																																																																																																																																														
39	67.7	133	113	137	132	4.87	2	89	76	66	44.59	73	108	69.27	2	102	108	4	48.69	6	38	145	49	31.01	108	63	147.92	129	1	69	36	32.38	24	94	86	100	91.17	134	32	19.58	139	7	21	45	67.55	81	59	61	150																																																																																																																																																																																														
112	105.04	42	68	147	27	6.99	114	74	120	64	119.51	64	143	35.06	33	112	89	13	59.97	88	8	83	21	87.15	94	57	13.15	97	37	51	12	93.77	10	60	80	147	131.13	12	40	37.21	88	64	93	94	25.3	54	126	144	34																																																																																																																																																																																														
44	79.82	147	124	5	30	93.07	87	42	44	100	15.88	124	139	22.23	15	94	112	95	92.16	125	12	64	130	149.03	5	60	80.01	50	81	42	63	44.96	111	78	73	58	41.48	35	13	124.35	116	25	50	101	6.04	12	55	45	47																																																																																																																																																																																														
65	50.93	101	42	83	133	128.02	100	13	139	142	105.23	46	130	30.07	125	8	63	2	74.79	56	73	119	33	46.12	13	148	42.7	41	114	15	76	79.39	134	89	119	24	54.89	24	107	94.78	74	31	139	44	134.3	131	54	92	27																																																																																																																																																																																														
28	148.33	124	101	82	65	84.83	149	32	91	24	74.14	131	29	9.33	87	123	36	53	99.48	135	32	69	26	94.65	110	53	30.97	46	62	46	49	90.69	95	41	122	89	117.66	43	59	19.56	58	62	43	136	126.64	147	84	67	31																																																																																																																																																																																														
85	20.75	73	24	87	73	117.29	150	22	105	127	76.53	62	51	137.94	99	25	129	95	6.01	29	55	14	1	24.39	32	133	31.54	99	14	133	74	67.19	51	56	119	144	57.11	143	110	132.5	38	26	1	134	89.97	23	60	122	53																																																																																																																																																																																														
130	2.38	146	105	50	107	45.23	106	136	100	125	44.51	5	101	110.53	66	122	48	81	52.35	16	143	67	95	66.57	135	125	114.55	84	133	15	104	80.05	40	29	89	144	106.71	95	145	85.96	31	74	79	7	122.6	16	136	23	56																																																																																																																																																																																														
109	126.41	141	93	34	16	133.19	141	144	139	103	35.46	8	94	32.47	42	23	57	47	62.73	33	14	104	27	137.25	40	92	87.53	45	128	126	120	26.83	71	123	10	62	3.71	92	144	95.18	111	101	124	10	111.83	61	1	117	8																																																																																																																																																																																														
119	99.69	75	141	19	97	149.7	65	119	4	9	76.44	77	82	100.03	103	54	58	112	23.96	123	16	137	101	10.19	47	101	78.65	107	143	117	102	68.18	126	47	44	66	67.08	38	105	12.7	25	20	117	124	132.85	135	144	137	6																																																																																																																																																																																														
104	123.84	29	150	44	69	22.95	70	17	95	114	18.17	23	76	29.09	128	139	88	31	2.51	85	74	136	72	7.99	27	111	23.5	30	97	26	131	146.2	70	54	90	56	107.9	28	80	122.11	81	61	72	67	93.42	61	48	66	47																																																																																																																																																																																														
49	116	1	1	24	81	38.08	120	112	75	58	82.94	132	64	38.52	12	94	25	106	101.78	45	88	130	37	108.6	122	43	127.55	137	103	90	9	42.89	121	31	100	67	50.9	80	130	127.27	16	115	78	48	72.71	50	145	98	147																																																																																																																																																																																														
97	15.69	98	6	12	85	148.2	44	86	78	7	110.95	45	141	90.52	58	128	84	44	34.17	58	137	50	32	36.02	137	19	83.02	147	92	105	110	22.8	117	92	39	40	65.47	84	54	108.73	98	60	57	35	2.71	58	87	107	120																																																																																																																																																																																														
113	16.28	19	40	129	68	73.44	147	75	71	77	34.73	63	64	44.05	108	37	49	107	126.44	45	86	25	107	61.28	106	137	99.18	2	22	39	125	38.44	47	147	20	135	32.44	38	28	86.51	76	75	130	97	39.59	22	54	38	46																																																																																																																																																																																														
87	42.08	67	102	100	23	25.43	103	62	1	9	13.28	55	25	65.82	37	43	67	139	7.47	67	97	111	29	113.53	11	123	126.31	69	107	41	29	38.26	62	35	101	16	149.23	96	25	96.59	34	76	123	125	102.59	55	115	70	37																																																																																																																																																																																														
5	75.69	127	113	137	12	123.13	120	50	2	14	31.26	88	82	102.51	88	32	103	119	73.55	112	117	77	46	53.96	101	114	60.57	23	105	146	81	91.14	130	25	55	91	116.16	135	95	139.16	12	88	80	17	76.68	58	46	131	150																																																																																																																																																																																														
114	34.2	117	46	12	65	26.62	10	73	28	10	39.71	59	20	102.67	8	29	90	54	124.63	22	94	63	121	28.09	83	104	90.46	48	71	21	113	21.4	11	86	116	135	2.9	60	79	128.18	142	80	47	77	43.72	76	123	39	14																																																																																																																																																																																														
60	54.51	91	92	69	129	54.3	97	111	22	52	126.08	119	64	95.33	89	89	29	97	86.98	40	33	105	69	27.24	146	119	24.56	62	44	87	97	7.73	75	1	72	53	6.87	4	117	91.41	60	25	87	105	110.89	141	46	76	123																																																																																																																																																																																														
14	78.44	25	66	60	16	31.41	55	20	113	96	108.85	101	22	138.04	104	137	132	44	145.97	45	135	58	40	55.38	45	41	136.87	143	40	70	49	128.8	50	54	42	64	114.9	146	136	99.8	97	28	97	27	17.73	15	98	71	55																																																																																																																																																																																														
72	17.36	71	28	51	58	26.2	134	31	144	89	87.68	55	88	55.3	65	72	94	146	136.13	68	89	81	16	54.42	115	150	98.88	71	57	126	119	71.12	102	63	127	62	139.79	46	108	105.71	50	120	59	100	29.37	22	31	131	41																																																																																																																																																																																														
27	140.1	37	77	98	28	70.56	98	71	96	27	90.05	94	3	14.66	96	94	14	44	10.69	36	76	39	35	144	31	108	33.61	27	95	120	96	141.65	74	122	66	73	28.28	76	37	147.83	96	15	145	36	130.92	114	26	101	70																																																																																																																																																																																														
27	67.92	111	62	8	70	108.66	128	7	37	99	13.97	92	23	1.06	124	56	100	85	140.95	69	115	93	2	82.09	22	77	88.16	34	117	54	41	131.73	29	58	94	59	80.67	145	91	95.2	13	69	3	107	102.09	74	52	106	65																																																																																																																																																																																														
116	109.93	40	112	21	85	53.42	146	6	149	48	69.03	144	91	56.31	98	1	99	79	61.97	108	47	104	10	117.52	85	138	83.37	74	20	101	16	60.55	107	48	120	117	100.49	39	111	83.81	36	20	105	105	11.76	121	15	136	135																																																																																																																																																																																														
84	2.85	136	133	25	67	71.7	126	81	146	57	83.18	14	2	74.4	15	3	138	66	42.94	139	7	109	38	127.86	15	147	92.68	129	2	114	117	121.46	122	55	92	104	79.1	82	107	85.86	93	69	134	4	105.39	44	138	95	94																																																																																																																																																																																														
54	136.9	106	124	9	44	85.15	35	101	6	92	127.36	80	140	60.53	149	62	138	110	45.3	113	98	123	108	144.98	144	3	113.6	15	94	31	55	101.08	79	25	118	147	58.89	53	116	54.3	134	117	25	29	118.59	22	136	78	122																																																																																																																																																																																														
96	148.86	115	118	29	14	38.01	66	24	42	137	127.21	34	147	144.95	2	100	53	37	92.82	148	11	110	82	29.61	133	17	138.47	142	118	136	68	67.38	133	58	126	48	55.97	136	25	131.93	14	115	122	149	24.2	46	9	62	74																																																																																																																																																																																														
11	11.76	37	61	83	27	141.69	49	72	63	143	118.32	131	116	32.99	122	71	121	54	58.26	3	61	74	84	12	20	61	36.74	9	3	85	89	104.81	92	60	22	13	95.84	122	120	46.21	145	49	68	52	34.27	39	22	31	26																																																																																																																																																																																														
94	87.08	67	48	29	10	6.2	105	81	124	139	65.52	146	69	104.86	105	72	2	139	85.8	18	5	33	124	27.88	149	79	142.27	80	148	141	131	110.43	61	11	108	147	54.74	16	84	146.98	121	123	24	38	138.78	27	68	29	38																																																																																																																																																																																														
91	19.6	2	29	141	120	85.91	111	76	126	54	143.98	110	50	66.85	78	55	43	106	87.78	80	95	93	50	91.5	65	38	104.59	71	37	77	57	124.77	52	28	146	60	115.86	62	17	102.73	36	115	63	62	96.06	25	116	1	59																																																																																																																																																																																														
55	16.21	116	26	54	106	2.69	27	38	65	71	135.55	86	125	67.39	97	72	66	77	81.3	20	49	81	116	76.78	114	15	71.03	41	51	100	93	40.73	134	18	109	11	23.86	103	77	27.02	101	37	1	88	123.12	20	115	79	25																																																																																																																																																																																														
139	111.11	62	114	121	49	69.41	8	26	4	121	140.44	1	130	62.66	122	19	43	148	145.77	43	150	141	45	62.91	24	44	98.09	123	33	93	4	100.35	2	113	54	80	128.66	49	50	26.23	128	83	46	124	77.92	75	8	35	104																																																																																																																																																																																														
11	133.08	62	36	55	99	86.44	53	99	74	110	140.09	78	67	99.99	63	42	81	52	22.66	106	116	57	147	22.68	145	7	59.49	148	150	92	41	56.89	86	90	49	6	149.79	125	130	55.06	146	53	126	7	113.77	49	38	132	149																																																																																																																																																																																														
138	147.49	137	74	143	149	2.56	133	19	109	78	14.74	66	82	148.79	53	32	4	11	140.01	75	1	132	24	6.73	35	135	75.29	114	128	58	8	19.72	124	94	7	82	55.93	22	52	122.96	127	66	77	33	86.08	8	105	80	64																																																																																																																																																																																														
92	131.36	45	139	105	132	26.16	103	23	53	4	142.72	106	146	11.97	11	132	96	97	76.53	100	90	126	28	34.14	99	53	100.54	23	83	11	143	17.25	129	34	17	119	145.33	65	43	26.86	79	93	107	84	32.01	115	15	141	133																																																																																																																																																																																														
116	142.26	106	123	104	68	93	108	38	28	103	37.82	5	117	138.77	117	35	59	134	112.46	141	56	56	136	142.84	57	74	46.34	138	73	37	69	75.91	144	31	66	126	108.76	122	4	38.44	19	143	51	65	35.52	48	72	81	61																																																																																																																																																																																														
122	97.26	81	14	27	109	11.19	60	149	84	100	45.67	67	117	114.53	101	138	103	19	34.48	105	138	42	104	53.19	142	57	142.49	1	127	127	139	90.21	62	5	48	90	82.46	111	47	40.58	37	91	25	54	10.3	45	77	44	17																																																																																																																																																																																														
130	109.72	70	55	79	47	78.89	146	35	139	70	76.59	63	83	63.52	113	16	6	136	147.87	122	63	61	14	71.24	96	126	43.52	46	104	141	122	118.12	98	15	65	4	86.62	51	87	7.4	87	110	78	8	39.86	136	35	76	38																																																																																																																																																																																														
1	56.3	99	6	138	118	44.79	2	88	5	41	100.16	109	47	125.61	132	24	123	28	74.66	10	72	103	1	63.36	63	150	58.59	78	102	53	99	23.81	66	101	25	33	27.85	145	85	103.37	29	9	51	70	85.19	40	150	116	20																																																																																																																																																																																														
42	20.2	44	79	102	103	20.58	36	44	11	14	62.45	88	52	9.15	86	118	116	15	44.99	148	31	26	65	45.63	115	70	144.97	119	69	15	58	122.21	71	69	106	61	89.54	45	127	134.45	93	59	41	126	52.05	30	120	121	67																																																																																																																																																																																														
55	114.88	130	140	45	86	88.59	5	70	70	62	65.04	57	80	80.93	140	35	119	68	98.09	130	150	33	29	98.35	60	23	8.41	64	20	137	63	2.05	59	111	86	36	25.34	131	96	149.62	126	31	46	53	141.07	136	41	18	103																																																																																																																																																																																														
146	78.83	10	119	127	29	147.43	92	60	21	57	65.86	128	49	72.56	23	106	138	12	21.21	28	134	92	50	122.04	11	122	71.01	114	112	118	35	92.69	16	22	92	62	131.83	96	38	121.39	125	13	148	62	63.62	103	72	58	53																																																																																																																																																																																														
54	128.4	32	82	131	110	28.77	92	142	1	51	27.48	89	108	97.59	79	134	31	49	92.07	114	50	94	147	50.8	11	23	60.42	56	110	1	6	108.63	106	69	30	121	80.98	123	4	102.26	4	149	37	87	28.22	135	28	128	36																																																																																																																																																																																														
135	102.88	71	42	8	27	119.78	26	12	129	18	133.37	5	131	139.67	53	67	132	90	80.51	46	66	97	27	67.81	81	60	16.99	68	35	70	55	125.43	119	18	112	24	103.58	141	92	142.76	92	33	14	129	133.34	129	35	3	27																																																																																																																																																																																														
94	90.55	61	112	89	134	35.2	110	46	87	7	4.06	38	24	143.09	121	138	75	117	27.95	61	2	23	143	149.62	5	114	73.83	32	66	71	60	63.24	88	118	108	106	64.03	102	138	34.67	121	29	64	94	119.13	25	40	8	11																																																																																																																																																																																														
29	18.53	100	47	62	76	148	45	32	119	78	121.69	94	10	72.06	108	39	11	30	11.97	22	58	143	128	121.58	12	134	128.74	74	91	113	117	53.34	77	131	71	143	42.21	40	146	10.06	48	55	50	147	119.37	141	109	114	84																																																																																																																																																																																														
101	93.77	122	115	102	13	137.74	83	133	112	134	48.06	95	32	110.91	102	15	136	67	100.24	117	36	2	60	81.38	1	149	51.01	33	45	106	74	113.71	138	123	50	47	47.6	105	64	143.32	115	68	44	138	1.07	106	64	108	23																																																																																																																																																																																														
103	24.55	133	101	113	35	39.03	7	82	91	133	81.73	86	55	101.46	93	48	22	91	149.56	128	138	84	54	46.12	77	128	69.28	130	121	84	100	87.77	35	64	34	13	145.01	114	119	23.85	106	107	100	147	41.27	128	81	87	97																																																																																																																																																																																														
26	92.96	90	64	83	40	113.72	42	11	8	39	139.81	41	136	58.25	116	16	48	120	66.59	82	97	65	46	20.36	150	52	25.04	49	78	136	12	113.08	138	131	132	21	72.99	104	111	7.12	81	10	116	70	134.75	56	110	34	28																																																																																																																																																																																														
128	50.5	39	36	84	4	19.42	1	32	74	102	47.15	137	82	96.19	127	83	126	52	3.92	143	148	126	126	6.9	138	12	83.12	126	72	24	44	113.9	43	141	148	34	41.57	135	113	105.31	122	13	106	121	74.46	8	70	6	88																																																																																																																																																																																														
21	124.65	120	11	42	15	93.35	55	42	81	40	137.78	88	61	116.03	83	103	22	140	47.94	137	92	108	134	119.64	103	31	11.6	141	147	93	115	29.68	117	68	106	104	104.86	84	131	96.13	20	44	18	52	98.64	48	109	79	131																																																																																																																																																																																														
143	129	102	26	117	86	117.08	52	109	9	120	105.67	39	113	135.87	135	40	99	47	100.9	75	4	1	35	39.19	56	31	79.96	133	85	51	112	128.14	122	141	116	33	16.32	69	103	115.96	79	3	125	16	77.4	40	95	147	113																																																																																																																																																																																														
27	123.93	4	87	14	17	123.77	24	134	118	13	54.7	77	98	4.14	7	62	32	24	34.63	145	118	19	88	131.87	1	133	19.58	51	87	102	10	20.76	13	94	114	95	72.51	119	95	116.82	134	89	64	26	108.5	1	144	14	11																																																																																																																																																																																														
58	67.48	57	89	16	94	96.19	81	77	150	79	16.35	96	116	43.5	92	39	7	12	77.21	101	96	142	7	42.16	141	106	91.43	4	1	117	107	10.61	65	144	19	77	37.68	2	33	36.7	4	64	127	84	82.48	145	53	134	26																																																																																																																																																																																														
96	74.55	55	51	5	18	49.68	110	44	19	124	133.95	98	17	46.11	111	148	122	91	54.23	118	9	81	120	59.75	53	80	136.71	113	103	54	61	110.46	4	53	114	68	148.15	17	101	136.02	127	106	128	142	77.52	28	122	98	11																																																																																																																																																																																														
89	144.47	43	72	130	46	148.33	115	63	58	123	82.65	66	82	31.04	67	131	53	5	30.26	137	86	138	148	21.28	144	64	100.09	17	47	91	64	135.31	135	71	62	106	65.91	17	101	56.6	63	79	110	80	90.23	29	87	45	3																																																																																																																																																																																														
110	68.24	4	120	69	9	14.46	149	72	82	39	27.35	35	46	72.38	48	46	119	4	4.37	115	111	112	107	73.67	57	103	143.26	77	18	45	131	122	36	88	21	16	56.81	144	17	54.94	117	2	47	49	70.93	86	39	95	49																																																																																																																																																																																														
105	104.99	70	87	139	128	20.22	118	111	28	109	40.76	77	140	17.3	90	120	92	93	116.84	54	77	89	130	65.49	41	62	105.9	141	53	72	66	40.36	3	106	81	16	130.87	147	148	47.87	11	4	65	20	136.02	129	24	88	55																																																																																																																																																																																														
12	69.34	7	149	31	25	22.7	19	147	142	5	74.94	53	113	100.69	55	67	103	109	66.32	124	74	104	4	23.81	91	132	140.48	71	138	126	37	70.06	55	140	113	51	102.57	9	20	8.67	33	148	107	58	102.58	14	91	5	105																																																																																																																																																																																														
143	131.97	116	64	82	138	127.81	56	116	142	5	101.31	70	134	107.05	147	140	108	134	26.08	71	121	122	139	8	40	51	111.99	85	42	123	79	50.32	79	133	57	61	116.09	25	8	89.72	144	68	141	106	97.94	29	41	93	131																																																																																																																																																																																														
54	136.28	26	136	73	150	46.12	59	112	144	80	102.89	10	25	93.52	80	150	140	24	44.09	149	133	20	118	90.64	48	64	36.15	88	53	110	13	107.26	80	43	65	57	115.82	74	80	43.55	34	56	104	24	67.97	47	71	69	22																																																																																																																																																																																														
87	115	108	124	8	98	77.26	58	112	12	33	73.88	97	85	100.44	143	132	67	92	83.04	92	133	61	66	23.37	15	22	15.4	17	3	8	73	77.86	92	81	107	117	116.52	13	20	5.17	90	14	124	102	35.94	35	103	21	6																																																																																																																																																																																														
121	6.94	148	123	124	76	118.36	7	150	108	24	117.53	94	141	2.11	51	93	71	20	67.23	22	90	74	28	50.47	56	108	53.79	60	10	28	2	65.24	115	60	115	15	82.06	39	36	3.38	123	138	149	114	57.84	88	17	81	1																																																																																																																																																																																														
51	144.39	28	85	15	70	17.28	94	70	80	26	18.65	12	96	142.06	15	112	43	132	97.86	5	59	138	44	123.74	12	89	88.61	13	71	13	40	138.8	125	56	16	71	15.51	29	35	49.27	148	51	11	137	14.72	13	19	74	86																																																																																																																																																																																														
15	126.99	64	81	113	8	1.75	73	16	94	29	34.92	130	116	24.43	55	77	64	30	77.67	1	66	118	7	132.97	141	11	85	40	147	101	2	6.3	102	40	25	25	59.07	4	82	14.48	63	45	87	48	146.01	44	59	90	26																																																																																																																																																																																														
95	87.91	114	130	16	6	10.77	36	144	28	133	39.83	52	76	146.38	13	52	92	140	19.05	3	145	64	68	85.58	145	96	98.94	90	26	80	15	20.51	110	7	96	77	111.04	101	91	149.25	118	128	137	33	75.48	41	19	49	42																																																																																																																																																																																														
55	23.29	77	41	79	47	149.36	48	106	135	133	124.04	39	137	75.99	114	49	127	59	84.82	35	104	103	89	135.42	139	106	94.03	99	94	142	44	20.2	27	67	7	20	30.89	101	81	105.25	91	145	5	114	104.21	45	73	64	90																																																																																																																																																																																														
86	57.35	107	57	89	76	65.09	1	101	124	140	131.88	88	85	22.71	16	72	8	72	68.04	97	7	129	59	50.83	35	136	134.12	16	67	78	96	130.83	97	56	21	23	100.48	55	104	138.99	53	4	69	68	6.83	8	48	15	127																																																																																																																																																																																														
71	113.31	20	50	100	129	132.12	60	56	131	25	24.17	8	80	3.86	14	96	120	99	129.8	8	94	130	99	51.42	62	81	36.81	57	22	20	110	38.07	99	23	72	95	81.56	9	47	99.72	87	134	144	29	37.86	149	98	97	93																																																																																																																																																																																														
10	97	9	74	83	128	126.85	69	89	148	8	83.4	62	141	83.34	111	95	129	136	133.74	63	10	88	27	121.78	21	109	36.11	7	35	146	31	43.58	77	150	15	68	107.85	8	43	55.34	33	42	106	3	112.42	124	88	15	66																																																																																																																																																																																														
128	121.76	69	54	96	74	65.93	25	94	131	24	41.19	9	35	22.67	78	109	78	5	75.7	29	135	57	70	35.28	4	97	33.57	22	49	56	95	50.52	57	123	53	111	119.96	142	78	108.15	77	37	50	70	57.76	72	1	123	3																																																																																																																																																																																														
97	70.06	1	147	76	45	38.41	16	66	110	23	11.46	91	122	44.89	86	15	89	75	65.26	82	44	6	64	14.16	114	135	47.59	137	62	3	18	111.26	26	86	140	3	90.12	9	93	36.4	122	7	73	18	49.94	32	36	141	120																																																																																																																																																																																														
82	4.87	57	99	132	119	14.67	130	140	4	142	142.24	41	146	71.08	46	71	74	127	29.15	51	8	29	131	104.01	105	1	84.05	148	115	92	18	29.67	83	119	60	4	18.8	86	12	73.29	63	95	130	82	35.39	64	4	28	77																																																																																																																																																																																														
29	29.83	108	26	136	90	108.56	14	135	60	107	92.14	60	104	38.26	28	55	75	64	73.84	81	15	150	114	96.43	10	63	97.18	99	133	38	99	103.14	139	52	31	86	98.26	78	95	42.74	149	38	89	47	71.75	99	40	64	80																																																																																																																																																																																														
138	35.3	98	36	11	134	23.96	112	124	150	130	31.78	4	57	91.47	147	145	24	5	82.21	113	21	45	7	116.02	23	133	54.68	89	63	127	143	62.7	74	123	7	121	113.38	98	133	78.57	27	96	53	43	110.1	125	55	62	144																																																																																																																																																																																														
85	148.98	96	61	62	37	31.61	126	133	126	15	145.88	62	46	95.19	78	139	24	134	118.6	81	148	42	5	109.42	68	25	117.29	33	114	6	45	89.76	108	12	47	60	44.76	16	117	99.32	62	78	73	71	134.95	48	142	78	40																																																																																																																																																																																														
61	72.65	71	117	43	105	51.2	5	51	113	138	118.36	137	38	144.56	15	59	136	7	37.38	127	91	95	4	111.57	77	16	147.68	59	84	46	66	104.27	12	61	3	50	70.52	8	122	14.03	76	1	54	31	54.29	79	73	136	15																																																																																																																																																																																														
22	129.4	36	58	80	144	98.32	82	119	15	11	104.91	101	55	140.18	132	28	14	93	72.36	63	8	33	30	69.75	59	52	146.2	39	140	18	138	94.82	79	3	116	128	103.91	141	127	89.44	110	127	94	96	57.02	21	13	89	69																																																																																																																																																																																														
62	57.41	30	137	148	37	3.61	19	117	132	28	6.7	117	121	103.21	92	104	91	113	101.49	67	119	26	78	133.11	108	71	99.72	150	35	136	121	49.48	127	89	50	78	8.41	130	70	49.14	96	110	79	62	58.99	133	41	36	118																																																																																																																																																																																														
65	108.92	9	86	43	124	103.5	99	127	139	146	3.28	59	39	125.73	149	136	4	51	139.61	128	115	111	102	63.82	54	75	83.55	68	116	54	52	32.57	31	38	22	120	71.43	45	7	23.79	125	76	10	59	77.53	24	23	86	25																																																																																																																																																																																														
122	88.88	148	74	62	37	142.81	61	40	10	142	51.23	93	30	83.37	129	106	3	2	147.7	147	10	120	127	13.73	98	124	16.1	55	125	139	36	71.58	121	71	146	71	121.4	108	29	36.27	37	128	66	72	64.92	17	145	128	3																																																																																																																																																																																														
66	84.02	8	144	38	56	27.05	114	93	113	32	140.59	100	40	84.02	144	81	97	106	83	49	135	139	11	114.79	14	12	134.78	137	63	94	24	68.51	124	71	83	26	74.08	95	13	142.8	12	114	110	92	16.18	68	31	3	32																																																																																																																																																																																														
90	67.37	34	41	19	31	72.64	48	1	145	44	112.45	115	104	1.28	2	133	6	145	58.28	93	74	5	12	51.93	4	57	7.29	81	67	74	42	141.18	10	150	135	124	42.97	67	103	24.31	29	72	19	36	93.46	123	85	92	70																																																																																																																																																																																														
88	63.78	150	135	13	79	89.16	92	83	115	42	8.05	116	7	83.56	99	26	47	119	129.99	90	117	78	28	126.17	35	57	42.09	88	138	122	62	74.56	2	13	97	79	20.98	104	33	47.48	78	115	80	41	146.11	34	54	18	91																																																																																																																																																																																														
85	73.58	108	95	100	53	58.34	49	95	123	16	67.45	95	87	82.73	18	86	108	3	142.37	99	79	126	48	107.74	134	77	28.62	89	56	143	87	61.1	144	108	28	139	99.87	14	45	66.64	145	87	83	53	133.06	108	100	39	131																																																																																																																																																																																														
76	102.74	33	103	80	79	138.1	95	56	124	67	109.15	14	74	59.61	45	90	91	52	46.36	32	99	3	49	88.38	80	98	112.39	116	5	51	37	73.93	93	103	123	143	65.47	111	127	97.29	33	8	38	69	60.5	5	16	67	16																																																																																																																																																																																														
55	10.44	76	92	25	2	9.81	6	74	104	93	116.92	119	111	120.64	75	147	46	61	78.88	17	39	138	115	137.5	33	34	69.11	86	111	149	40	121.81	15	50	136	44	5.19	70	59	105.42	5	120	145	36	52.29	111	116	91	26																																																																																																																																																																																														
71	10.11	21	139	29	60	4.75	114	83	42	26	12.7	26	79	148.08	15	20	57	140	21.83	148	149	78	12	127.52	13	110	18.99	135	1	7	97	50.55	57	106	134	65	138.92	31	52	24.74	50	21	55	96	17.3	18	56	88	38																																																																																																																																																																																														
39	33.87	91	140	3	130	77.68	131	3	124	98	97.49	96	8	143.35	113	93	25	19	16.72	46	107	70	45	124.09	149	149	118.7	55	101	34	80	90.6	62	87	43	97	19.85	79	12	83.06	84	133	84	37	46.34	128	112	4	112																																																																																																																																																																																														
112	92.83	61	79	136	46	95.85	113	89	71	35	113.18	133	53	1.84	96	76	121	51	133.64	91	120	90	99	55.66	56	77	62.19	78	57	139	74	60.23	54	41	120	50	69.8	43	38	50.44	121	95	143	37	79.43	16	67	15	126																																																																																																																																																																																														
14	123.05	135	127	55	68	81.59	111	24	117	87	67.74	41	110	135.49	94	126	141	134	91.81	39	76	111	7	38.8	150	2	127.97	145	109	58	73	111.91	131	47	95	148	126.8	107	36	8.67	65	90	105	24	5.23	138	69	45	41																																																																																																																																																																																														
95	23.46	47	73	14	47	114.62	38	150	115	109	52.73	31	106	19.18	109	85	134	117	55.93	7	89	129	94	55.01	19	39	4.12	30	73	46	96	104.25	71	109	17	92	132.82	50	87	131.15	57	12	73	85	123.32	4	18	146	107																																																																																																																																																																																														
125	114.44	90	143	147	128	10.06	83	56	80	90	144.66	5	88	42.26	52	12	74	72	38.41	54	133	138	2	54.39	29	118	82.49	137	10	50	124	66.4	72	13	145	14	89.66	76	87	75.36	73	50	32	62	47.23	90	64	94	133																																																																																																																																																																																														
49	109.18	52	144	19	59	53.92	97	43	118	43	132.57	68	125	8.94	40	5	98	130	40.13	21	54	111	124	71.2	125	7	26.67	14	73	66	91	146.69	126	36	119	49	60.83	117	21	32.64	30	98	58	101	123.05	126	8	66	68																																																																																																																																																																																														
14	106.88	23	88	9	59	125.11	35	17	75	129	67.85	75	90	6.35	128	59	105	43	86.84	111	96	119	58	143.09	30	32	57.91	34	109	144	65	89.59	61	77	148	104	95.09	60	76	14.35	68	74	5	60	24.08	84	8	71	24																																																																																																																																																																																														
50	30.42	71	78	72	32	117.19	94	85	72	86	61.38	27	142	98.71	50	8	105	44	140.43	69	50	122	10	113.85	54	140	31.28	107	18	49	95	129.52	40	137	106	136	115.09	69	60	33.76	3	28	18	54	85.03	62	78	7	67																																																																																																																																																																																														
84	121.95	136	124	101	136	32.47	11	136	102	6	129.98	68	92	134.58	125	111	72	64	15.24	23	133	112	133	119.95	65	11	126.52	69	52	120	141	14.94	83	61	85	9	73.17	53	19	127.96	8	76	48	86	19.71	87	13	94	122																																																																																																																																																																																														
41	41.14	55	132	68	59	65.24	72	95	60	110	66.62	67	26	37.53	124	3	121	127	132.48	118	137	105	108	99.78	91	99	8	35	92	92	69	22.76	139	68	14	56	34.39	87	55	32.23	61	135	48	31	12.71	96	76	96	81																																																																																																																																																																																														
117	90.36	141	108	101	125	7.81	108	58	98	28	7.12	39	149	36.36	82	127	136	78	83.53	133	117	52	11	9.96	139	10	132.92	122	37	64	70	26.97	139	9	16	78	88.64	4	148	30.09	52	29	2	79	143.85	116	97	72	39																																																																																																																																																																																														
39	81.95	27	35	29	36	115.49	54	93	105	119	56.77	144	33	35.67	31	94	111	64	97	108	147	39	132	35.6	84	110	53.98	66	55	80	53	98.56	148	120	22	57	78.28	87	110	136.26	40	30	26	12	76.31	116	26	14	47																																																																																																																																																																																														
49	60.38	114	85	76	150	93.42	102	43	20	94	128.95	131	6	120.71	88	97	149	69	9.58	55	102	145	85	129.01	72	18	141.37	143	31	31	64	70.33	102	29	47	16	24.51	19	125	130.43	135	130	127	41	11.49	97	100	8	1																																																																																																																																																																																														
36	125.15	130	122	60	26	29.26	150	67	101	41	106.09	124	90	143.43	28	128	16	112	92.57	85	92	150	95	44.39	15	50	34.9	30	130	23	141	139.87	111	124	15	101	131.66	68	101	68.17	74	70	139	101	134.94	101	56	117	121																																																																																																																																																																																														
36	65.08	126	18	123	129	21.85	58	16	146	65	124.94	78	6	13.44	141	25	66	24	64.14	16	121	44	125	63.96	63	87	111.4	60	100	36	16	26.17	85	23	8	106	61.84	105	36	80.93	128	86	46	138	106.98	67	139	143	29																																																																																																																																																																																														
23	142.21	99	44	56	118	133.73	124	5	14	25	58.24	128	69	80.54	144	42	143	130	35.68	92	18	40	37	3.91	123	81	79.24	90	85	133	3	93.22	72	147	66	101	121.73	107	113	122.6	144	124	100	126	37.38	110	116	24	143																																																																																																																																																																																														
140	39.83	50	81	8	70	81.38	48	46	92	3	26.3	6	87	5.1	45	94	87	45	101.17	119	130	116	115	35.31	78	56	83.48	71	41	138	147	13.95	71	89	34	70	46.18	15	134	85.27	5	77	13	33	9.39	78	87	98	146																																																																																																																																																																																														
73	29.39	54	84	94	134	120.2	2	95	11	32	9.79	79	46	94.34	132	137	2	23	68.59	137	144	50	136	148.82	146	84	41.41	145	68	89	103	32.79	109	120	34	99	112.2	107	146	113.1	130	63	111	48	100.63	1	66	102	119																																																																																																																																																																																														
83	76.6	53	72	99	142	91.21	150	123	35	15	88.46	39	102	41.11	46	11	127	80	49.22	81	51	74	64	80.37	132	138	132.73	86	50	137	29	33.98	97	131	46	104	58.34	23	74	71.84	18	67	7	37	116.02	52	111	40	125																																																																																																																																																																																														
76	123.76	121	71	135	13	74.75	122	65	41	140	137.66	97	119	136.55	118	124	35	55	68.72	93	12	23	120	126.58	136	104	27.9	37	50	16	16	26.73	82	74	18	90	24.74	108	110	131.74	36	41	91	61	79.63	115	44	32	6																																																																																																																																																																																														
57	13.24	117	71	20	39	58.88	15	101	26	77	90.82	54	139	50	129	85	53	123	34.57	61	61	144	135	42.8	133	4	9.47	89	46	114	136	40.37	140	13	50	61	97.68	29	63	88.28	66	27	49	45	8.02	124	53	92	88																																																																																																																																																																																														
15	32.58	37	9	90	52	66.81	37	88	77	82	102.05	36	104	65.47	30	135	126	46	75.62	31	122	57	13	42.23	49	12	39.67	41	117	109	17	31.64	19	1	57	58	44.27	28	34	77.03	96	119	70	146	87.89	30	14	30	80																																																																																																																																																																																														
86	39.48	148	3	138	36	78.76	91	147	25	96	131.09	58	101	41.49	112	68	30	7	5.82	87	120	48	107	107.74	150	110	122.47	73	139	23	87	50.21	10	5	147	45	59.72	71	127	128.93	17	38	13	93	96.72	136	126	12	29																																																																																																																																																																																														
59	123.18	48	39	29	116	121.06	48	63	78	139	139.27	97	82	27.92	121	47	114	53	29.62	71	83	78	62	86.69	63	2	100.11	98	137	144	66	131.3	125	97	140	79	101.89	12	138	115.47	112	127	138	93	38	7	103	25	64																																																																																																																																																																																														
7	6.61	145	41	3	77	63.2	79	87	133	53	50.59	84	121	109.71	9	80	52	1	104.28	129	70	84	86	68.32	84	85	11.63	62	71	75	62	123.47	105	112	94	93	83.3	83	51	31.75	86	12	124	60	61.44	23	50	5	134																																																																																																																																																																																														
3	42.24	94	62	140	140	140.06	80	126	29	136	87.49	63	27	99.1	136	42	113	129	75.93	77	38	72	127	114.04	144	109	12	17	110	133	48	13.77	64	57	62	32	33.72	62	140	79.5	37	53	3	1	57.85	2	31	85	68																																																																																																																																																																																														
11	70.95	65	24	12	66	46.97	24	132	115	88	113.71	77	16	119.49	150	29	98	72	144.3	134	131	82	98	45.91	3	114	26.99	40	74	116	92	41.84	19	146	88	139	66.72	18	103	96.87	16	135	6	66	65.03	140	58	86	94																																																																																																																																																																																														
133	129.5	101	137	87	124	94.79	6	117	46	84	141.87	36	57	119.87	137	84	146	5	34.89	56	87	148	144	12.4	108	39	115.62	51	69	120	67	127.49	124	37	55	107	65.95	24	135	52.66	131	79	103	87	118.56	110	24	145	144																																																																																																																																																																																														
103	96.5	67	122	54	81	81.04	64	39	73	92	141.12	25	146	88.43	46	98	100	15	91.94	143	123	67	116	54.21	20	12	62.69	72	140	35	45	73.17	116	94	17	89	91.28	4	66	62.21	111	45	23	132	143.54	66	44	109	66																																																																																																																																																																																														
11	47.69	72	15	144	46	32.09	42	139	67	105	10.33	102	147	29.52	149	144	43	108	144.79	108	6	70	90	10.44	3	117	28.46	64	46	113	74	148.56	6	81	93	96	31.31	12	7	86.91	97	16	18	29	18.87	9	44	16	37																																																																																																																																																																																														
14	118.17	89	66	25	22	74.43	63	7	136	42	134.79	12	81	115.53	57	100	90	49	136.03	59	68	54	132	86.61	7	46	11.2	8	113	120	33	63.18	110	82	13	29	16.66	47	70	30.14	70	126	132	7	1.46	122	38	111	130																																																																																																																																																																																														
97	65.19	100	138	38	138	138.45	137	20	65	130	11.42	104	46	105.45	61	94	96	121	94.45	29	79	21	126	25.34	19	90	78.36	106	122	81	130	88.01	100	17	16	143	39.58	59	19	12.27	70	90	124	45	129.59	100	61	147	62																																																																																																																																																																																														
114	29.72	113	4	119	125	126.68	93	109	111	141	125.75	122	58	128.51	110	66	130	113	126.85	15	61	138	98	57.77	131	38	6.13	40	82	4	23	36.72	72	129	19	54	111.74	115	85	86.4	130	108	16	30	116.48	79	77	77	132																																																																																																																																																																																														
144	144.89	49	33	89	56	27	81	95	139	32	16.16	107	137	30.24	2	82	99	103	106.13	21	130	112	121	78.6	50	100	84.21	58	136	98	31	30.61	58	2	28	145	102.68	87	45	20.77	11	126	69	93	37.8	133	141	30	33																																																																																																																																																																																														
9	52.48	123	54	105	112	54.31	131	114	100	87	6.06	73	105	30.99	77	48	10	33	30.52	133	28	51	124	14.06	35	138	104.84	96	49	88	15	54.4	120	81	97	55	73.5	53	125	138.17	32	1	63	17	118.13	60	47	100	53																																																																																																																																																																																														
13	73.6	97	55	14	48	127.54	74	32	134	116	103.02	15	135	116.09	104	27	14	137	136.97	92	34	2	132	148.97	69	95	26.82	149	115	21	3	56.24	5	6	22	95	77.2	128	117	60.74	65	39	103	106	120.7	1	141	22	59																																																																																																																																																																																														
82	105.04	89	105	38	59	145.26	25	16	28	24	13.24	70	125	139.86	27	113	28	3	73.85	60	1	108	74	106.35	48	88	22.44	134	34	72	103	117.5	4	99	46	15	82.64	43	28	60.58	39	81	23	100	142.39	64	62	5	25																																																																																																																																																																																														
41	125.98	142	124	42	112	31.78	7	76	77	55	145.69	9	150	46.76	104	44	99	41	3.46	65	1	35	127	91.88	127	149	68.32	99	132	57	46	74.98	134	33	71	44	12.23	92	74	28.24	17	92	65	109	35.47	67	116	139	39																																																																																																																																																																																														
43	128.07	134	87	121	45	34.15	77	111	149	67	45.4	20	141	130.99	49	141	29	10	71.76	34	111	99	46	7.12	125	68	114.74	79	150	65	84	66.59	118	29	66	87	35.48	1	125	61.43	11	84	7	76	94.51	141	122	64	146																																																																																																																																																																																														
103	5.31	91	120	92	80	69.5	66	37	46	120	132.95	110	26	7.25	56	113	67	72	95.24	125	61	147	69	118.5	94	134	106.47	55	41	130	5	23.38	119	12	44	27	84.65	24	41	116.19	81	77	104	21	60.83	74	93	145	117																																																																																																																																																																																														
111	110.07	104	77	148	71	5.14	130	45	9	85	83.53	18	127	22.46	136	119	128	84	139.11	91	99	79	127	90.19	35	103	105.79	87	7	133	10	14.14	110	64	68	19	37.3	103	81	45.39	65	105	53	96	23.18	82	52	74	94																																																																																																																																																																																														
71	100.6	90	42	101	55	72.6	64	91	125	96	12.55	76	30	114.81	127	1	111	29	113.27	103	91	61	88	139.72	92	42	96.42	20	29	83	123	142.9	59	29	85	83	101.99	64	145	88.44	129	79	128	98	105.81	67	105	134	73																																																																																																																																																																																														
62	141.6	91	49	73	105	15.67	64	24	103	19	82.77	80	95	132	147	11	114	6	91.09	32	102	75	53	103.77	134	7	92.21	29	121	60	58	113.19	96	6	16	47	141.7	98	25	26.23	114	138	49	77	9.21	118	52	9	52																																																																																																																																																																																														
3	116.61	70	80	114	99	92.81	39	146	107	72	43.85	124	43	32.37	63	119	81	41	104.04	129	15	18	55	65.22	129	43	101.26	142	76	48	112	31.51	144	117	130	83	27.9	3	97	135.72	148	136	69	65	114.24	25	23	86	140																																																																																																																																																																																														
60	24.71	60	59	106	148	11.09	54	27	59	32	128.03	62	23	1.08	38	135	24	94	37.64	78	98	114	27	35.89	25	139	22.75	49	43	107	82	102.38	97	89	6	126	100.78	11	36	134.77	66	103	104	15	145.21	13	2	71	85																																																																																																																																																																																														
67	107.27	60	23	127	147	2.61	56	111	139	20	21.77	148	147	59	24	146	103	79	24.65	128	48	18	79	34.07	28	137	28.71	57	124	61	24	11.67	59	4	29	117	8.21	150	67	18.97	68	129	132	102	56.11	46	142	8	113																																																																																																																																																																																														
104	135.4	2	90	137	1	28.59	36	29	17	35	10.61	76	90	3.43	56	18	6	112	4.31	81	128	122	143	80.25	145	16	107.47	33	31	107	150	130.55	124	86	127	49	146.71	54	97	20.7	39	77	123	128	139.19	115	8	24	50																																																																																																																																																																																														
24	104.98	67	108	41	35	62.77	108	135	64	14	101.31	51	107	55.12	35	35	45	132	75.66	66	31	61	104	63.58	103	122	40.34	108	132	18	131	77.68	32	118	138	72	19.84	34	128	132.31	29	15	22	96	125.82	68	37	76	89																																																																																																																																																																																														
86	49.3	113	36	115	31	30.67	76	33	38	43	147.14	35	98	41.66	120	129	127	7	70.34	145	71	96	59	127.5	110	66	139.99	68	46	125	129	96.87	33	52	68	96	131.65	82	1	115.29	91	107	63	123	134.12	75	24	78	77																																																																																																																																																																																														
148	132.36	149	105	104	126	103.29	143	40	135	123	110.4	85	134	116.81	21	18	56	75	71.53	88	90	84	54	22.68	94	143	76.41	42	116	51	126	2.26	41	114	142	103	3.83	29	18	105.95	77	58	119	99	55.23	100	69	121	47																																																																																																																																																																																														
96	89.4	47	82	117	91	60.15	39	33	5	121	106.2	42	86	130.83	10	8	147	145	117.99	15	142	55	149	7.67	28	78	25.12	77	136	111	109	110.8	73	2	136	67	146.15	106	81	63.45	21	59	52	140	33.06	143	83	101	112																																																																																																																																																																																														
52	112.73	17	110	37	18	2.6	121	42	16	125	51.18	66	20	42.28	136	86	60	86	69.09	112	53	117	147	129.11	13	131	111.89	20	19	150	118	70.94	48	130	11	59	121.51	42	53	49.47	31	13	29	137	19.92	58	94	139	23																																																																																																																																																																																														
126	113.2	109	23	77	34	116.7	65	16	12	134	85.08	3	138	120.88	137	128	94	122	10.98	53	109	130	97	121.1	148	98	142.85	12	1	113	118	22.63	104	62	54	22	96.53	81	121	108.97	128	47	78	92	135.48	82	60	137	51																																																																																																																																																																																														
75	23.55	120	23	4	86	17.17	107	35	54	33	5.2	103	62	78.13	142	82	43	87	103.66	85	134	45	90	31.4	84	79	87.14	89	100	111	141	60.09	35	106	101	93	44.16	139	20	35.28	14	86	92	66	140.05	36	70	1	57																																																																																																																																																																																														
99	115.1	133	30	45	11	1.04	141	112	144	26	88.78	114	5	15.85	17	134	115	27	129.73	108	84	117	99	110.47	56	98	59.52	133	20	69	135	122.93	41	85	41	35	112.6	116	58	89.25	35	3	40	84	54.2	89	49	128	118																																																																																																																																																																																														
84	11.4	52	87	59	12	11.66	107	120	126	8	144.39	71	8	75.05	119	147	149	78	133.44	146	31	65	107	2.44	87	137	65.68	101	52	32	24	21.06	146	2	31	35	76.33	30	94	119.73	148	85	46	54	45.67	5	150	111	103																																																																																																																																																																																														
135	89.97	141	82	7	44	100.87	2	9	78	49	15.6	86	100	70.82	80	133	43	45	53.23	137	134	118	107	76.25	136	50	121.5	128	89	100	84	66.37	45	91	81	118	13.29	5	55	86.09	20	148	67	58	94.4	130	37	63	121																																																																																																																																																																																														
130	2.18	100	149	125	54	93.29	122	39	105	67	78.29	59	19	35.59	130	68	78	26	13.96	52	25	126	69	6.43	35	123	149.96	144	145	3	57	14.41	27	11	68	102	49.52	108	47	27.18	138	76	20	147	95.31	147	99	55	106																																																																																																																																																																																														
95	138.41	31	44	104	9	69.57	21	102	121	34	90.19	148	124	132.38	80	88	68	69	8.84	4	59	56	149	111.03	44	146	107.19	138	46	7	138	42.68	120	141	10	117	92.46	103	67	30.61	12	13	90	44	3.77	28	110	32	136																																																																																																																																																																																														
70	83.77	80	58	70	8	13.91	33	85	102	86	37.8	71	71	120.9	35	25	49	41	66	20	141	136	3	96.98	141	110	11.3	56	146	108	50	93.75	75	58	88	55	13.83	145	43	100.09	37	5	64	92	111.35	134	138	92	19																																																																																																																																																																																														
76	133.91	127	44	50	139	127.68	49	139	36	32	95.63	39	79	93.35	120	94	97	116	50.41	150	29	122	49	15.28	22	67	103.05	114	149	126	95	54.15	54	27	24	23	104.33	19	68	83.13	17	106	116	20	15.07	24	1	138	52																																																																																																																																																																																														
144	13.72	120	115	80	31	22.76	62	110	75	80	24.72	17	72	111.21	114	27	88	68	26.88	51	95	52	91	29.39	49	40	139.11	140	147	106	97	101.33	60	119	125	13	101.36	89	97	49.91	136	114	133	84	131.26	92	47	125	43																																																																																																																																																																																														
110	10.08	111	75	95	135	140.21	11	5	10	95	38.77	32	41	55.02	129	34	145	77	48.02	106	94	122	128	94.57	67	22	122.61	44	41	5	147	96.05	51	105	129	128	6.77	18	138	140.39	133	45	89	45	53.37	125	25	49	65																																																																																																																																																																																														
10	116.06	37	10	42	77	51.53	70	29	104	15	17.4	128	77	132.03	110	126	36	68	108.69	52	38	144	105	143.84	43	96	7.11	142	103	32	127	104.01	99	146	133	72	114.79	94	71	5.78	117	72	17	83	84.26	113	132	33	34																																																																																																																																																																																														
71	77.91	122	117	15	48	35.99	34	115	95	53	94.58	54	79	52.02	144	8	107	4	82.73	120	28	2	108	90.93	117	33	132.98	22	77	4	21	96.54	139	130	15	61	4.52	140	23	7.16	39	141	69	28	28.96	79	79	136	127																																																																																																																																																																																														
91	135.85	1	119	128	148	68.58	94	20	131	129	29.24	10	20	53.67	45	27	1	120	75.86	94	81	147	66	83.1	41	75	94.97	80	2	140	148	29.91	9	34	105	74	116.37	37	148	83.34	24	52	32	65	23.25	108	106	101	105																																																																																																																																																																																														
7	20.51	23	65	94	23	119.95	131	127	6	72	17.36	75	97	9.99	17	1	134	13	15.6	45	110	7	72	5.47	32	79	133.76	31	13	126	124	71.33	136	103	143	87	9.99	144	2	101.37	68	15	33	109	74.4	113	95	121	54																																																																																																																																																																																														
106	84.03	88	9	122	137	42.86	69	85	38	86	7.47	131	76	60.66	131	134	48	109	104.72	138	95	28	78	112.8	78	114	110.77	62	117	87	34	145.4	48	78	29	148	61.86	5	108	119.87	3	36	77	11	5.9	12	139	134	97																																																																																																																																																																																														
52	127.7	40	47	147	54	78.73	51	18	60	111	130.91	80	32	11.23	99	122	128	9	106.39	64	44	111	87	41.66	118	33	36.45	143	118	65	141	83.59	109	91	69	24	41.69	140	76	46.96	142	149	134	147	113.34	117	18	112	136																																																																																																																																																																																														
54	135.05	150	105	113	28	13.37	110	33	62	132	39.78	94	145	112.83	131	134	12	71	93.91	71	12	7	35	55.01	87	98	66.79	54	132	139	136	14.69	67	113	54	132	47.27	14	136	20.37	111	115	68	115	27.96	99	75	107	63																																																																																																																																																																																														
143	143.28	38	96	130	54	77.79	95	42	128	47	102.91	147	58	16.85	100	43	68	45	8.2	148	145	131	142	99.53	54	70	40.59	17	26	57	97	32.66	116	124	18	140	24.63	98	9	107.83	109	136	46	4	72.85	121	25	52	109																																																																																																																																																																																														
60	19.71	45	21	124	21	101.58	117	117	28	105	91.25	122	63	112.89	32	110	141	109	71.83	113	16	29	17	132.57	88	22	48.01	73	129	111	87	59.74	146	73	92	86	125.61	50	98	84.36	84	97	45	140	129.14	6	85	149	75																																																																																																																																																																																														
9	41.14	126	59	50	120	16.84	100	46	136	49	55.75	120	10	44.7	67	128	119	83	62.17	116	131	120	103	125.95	22	111	56.89	134	28	132	130	47.65	137	147	118	22	50.21	120	68	11.38	88	129	62	98	4.63	3	72	15	60																																																																																																																																																																																														
109	17.3	141	114	91	141	117.49	111	131	100	7	149.5	56	46	74.56	150	26	100	47	27.52	16	115	98	135	23.9	19	63	45.29	146	37	134	110	10.89	59	121	9	126	25.95	34	79	6.41	20	80	110	75	102.28	84	146	113	26																																																																																																																																																																																														
45	26.4	47	77	17	117	2.79	83	141	104	97	15.2	7	94	38.92	115	88	118	82	59.78	1	56	60	53	57.71	117	87	143.73	84	148	53	138	139.47	21	41	58	66	73.24	9	126	134.7	122	123	4	133	88.01	88	18	119	115																																																																																																																																																																																														
128	123.17	95	31	9	50	3.98	70	68	43	33	48.22	146	66	137.21	140	149	44	62	75.24	41	113	58	49	42.14	141	147	53.16	70	69	40	18	105.06	147	14	87	72	140.28	149	99	28.4	16	33	46	108	75.97	49	44	37	39																																																																																																																																																																																														
102	97.06	65	94	121	90	50.09	16	29	38	20	143.82	119	12	144.38	47	87	98	139	86.22	92	20	40	100	93.86	81	38	132.04	1	45	44	135	77.71	127	77	59	68	108.68	99	106	140.61	79	13	138	71	27.3	143	22	30	71																																																																																																																																																																																														
29	108.84	130	122	125	62	141.08	8	148	36	75	49.97	2	121	76.06	34	64	107	129	9.77	53	129	121	58	146.02	148	80	7.01	17	107	148	103	61.09	54	57	25	3	131.78	111	79	18.13	73	65	63	117	24.78	136	70	129	50																																																																																																																																																																																														
130	29.35	92	150	143	39	40.6	138	22	104	7	50.45	148	75	33.31	117	121	21	106	81.01	15	120	142	40	1.02	56	91	83.06	142	115	32	123	143.15	24	5	78	124	13.87	22	48	14.64	10	20	75	18	126.63	115	16	83	111																																																																																																																																																																																														
18	116.55	31	75	98	93	74.16	83	11	89	85	101.87	23	100	129.81	85	129	84	128	70.84	61	52	128	58	24.58	62	137	36.18	99	38	44	33	23.46	61	67	23	10	72.31	39	67	111.38	41	144	111	54	26.8	90	71	132	103																																																																																																																																																																																														
89	131.93	113	94	124	101	98.33	97	100	108	64	7.38	12	70	144.8	44	28	101	120	61.22	39	47	121	60	22.39	32	138	17.8	84	12	46	129	54.83	101	43	29	33	69.13	87	59	8.96	47	17	109	122	64.53	24	124	5	48																																																																																																																																																																																														
31	21.81	53	131	43	98	16.55	128	87	121	139	63.72	37	120	48.29	114	68	38	35	68.56	45	126	31	107	36.88	129	68	126.77	52	25	26	18	136.02	133	15	70	80	64.15	71	24	26.64	74	148	98	108	97.05	143	48	109	73																																																																																																																																																																																														
18	72.81	97	20	19	23	10.65	36	82	100	130	99.52	67	74	6.4	99	19	42	81	14.96	21	121	96	64	57.22	9	127	132.86	49	111	149	76	140.79	78	85	117	110	7.57	6	89	136.23	32	96	96	62	16.49	118	45	24	144																																																																																																																																																																																														
52	108.74	96	114	48	27	130.44	24	145	14	118	12.12	88	102	85.22	64	103	62	117	35.96	118	34	91	96	70.12	19	85	68.16	31	82	70	133	81.98	29	120	100	149	88.62	28	51	7.51	28	11	45	34	66.56	137	127	75	53																																																																																																																																																																																														
144	149.6	118	79	69	133	25.44	132	64	123	145	18.41	24	52	56.11	61	49	99	132	86.57	80	70	25	103	44.52	59	89	100.83	18	56	62	122	140.23	18	28	27	106	105.34	61	19	61.23	6	17	98	72	102.04	57	11	146	118																																																																																																																																																																																														
65	146.41	104	70	117	9	117.15	148	58	69	8	48.14	31	61	70.92	5	11	51	118	90.89	110	31	111	66	46	14	143	105.74	86	25	69	107	22	79	65	54	98	72.53	90	41	53.88	129	94	95	65	7.8	133	3	5	38																																																																																																																																																																																														
98	93.8	45	43	78	46	106.41	10	78	25	128	46.79	146	123	9.98	136	27	38	76	29.7	78	64	66	130	136.51	115	131	71.65	122	112	147	35	80.18	7	57	54	140	130.5	10	32	50.18	16	4	11	72	61.6	11	69	113	120																																																																																																																																																																																														
24	134.55	49	79	10	19	149.91	78	31	72	108	86.73	91	94	77.46	21	108	57	130	50.98	36	62	33	88	66.81	74	18	87.84	87	97	70	112	115.71	85	96	142	4	60.49	77	103	32.7	141	114	27	3	65.26	121	110	89	106																																																																																																																																																																																														
18	141.03	33	69	5	68	15.27	4	109	112	97	101.15	4	139	146.07	51	82	57	114	132.49	142	51	44	17	99.35	127	72	46.18	148	42	106	77	91.05	28	70	79	17	79.14	103	42	21.76	79	59	109	66	124.57	42	127	105	133																																																																																																																																																																																														
119	65.96	137	64	8	2	127.69	71	91	17	133	112.37	105	34	123.3	118	87	14	1	24.84	64	66	60	58	48.48	40	22	3.29	45	58	111	11	92.17	136	64	150	7	74.87	25	73	29.46	31	122	125	59	76.42	2	119	28	27																																																																																																																																																																																														
52	59.83	131	33	41	136	73.39	126	105	36	72	131.02	76	75	22.53	137	104	52	136	24.55	4	43	63	149	55.51	97	11	148.32	76	143	6	53	83.74	47	122	137	92	95.94	137	62	64.38	14	88	45	64	123.65	55	100	97	25																																																																																																																																																																																														
19	56.51	51	116	64	21	29.01	129	60	130	130	38.64	117	96	4.39	14	11	42	130	135.87	13	41	34	49	18.46	84	18	79.79	8	68	9	58	36.32	74	132	58	142	104.78	64	119	142.86	39	18	55	77	94.14	20	66	26	96																																																																																																																																																																																														
11	15.62	78	18	8	23	32.55	143	22	63	74	138.1	36	148	113.05	150	79	111	34	84.28	128	102	130	130	50.51	107	53	117	137	87	76	84	64.38	99	38	8	1	8.46	85	16	55.36	55	2	94	112	25.29	53	141	99	24																																																																																																																																																																																														
58	88.15	69	149	137	92	20.46	30	117	78	107	129.27	71	108	72.38	124	64	82	29	118.03	30	42	88	40	9.12	8	117	146.65	84	6	75	15	32.51	117	96	72	21	40.84	106	103	97.57	58	16	6	119	104.26	65	61	143	45																																																																																																																																																																																														
146	107.56	113	10	150	17	49.09	121	45	15	27	130.13	17	111	120.62	26	74	56	8	30.28	3	23	136	60	114.37	130	85	115.77	6	147	83	101	65.08	140	131	38	41	49.36	77	74	111.7	88	92	26	117	40.23	139	15	2	132																																																																																																																																																																																														
122	146.26	102	12	84	1	142.3	49	9	58	89	136.87	17	10	43.54	14	72	79	4	9.23	58	65	123	4	21.99	36	75	117.48	85	92	26	125	79.33	88	134	126	138	31.18	108	145	106.79	91	38	15	66	124.8	61	48	134	94																																																																																																																																																																																														
96	45.58	147	72	38	135	72.98	101	16	110	112	39.28	148	105	57.94	99	29	144	143	91.22	26	86	150	36	32.47	102	89	80.44	86	105	126	73	94.17	39	88	90	66	31.77	127	150	28.78	69	23	43	66	79.54	26	49	19	28																																																																																																																																																																																														
93	86.78	65	10	86	99	12.26	44	34	19	148	24.27	137	112	10.54	56	27	82	34	14.53	136	138	80	17	147.33	92	79	6.92	41	68	108	112	44.17	117	52	107	109	34.14	54	84	90.48	15	84	97	93	57.87	84	54	131	89																																																																																																																																																																																														
8	123.23	146	73	46	43	68.91	23	50	15	49	73.59	26	76	95.25	66	29	9	123	66.24	3	110	107	119	93.67	120	34	9	107	29	84	34	8.25	77	61	105	72	127.37	147	3	42.04	19	123	73	44	94.44	104	142	5	113																																																																																																																																																																																														
74	145.68	101	92	44	11	111.07	29	46	16	53	130.05	19	22	137.56	22	120	77	67	2.83	31	89	82	108	88.64	27	13	123.64	85	106	18	1	82.06	2	130	126	139	59.07	57	29	119.04	114	99	29	18	105.34	81	39	33	139																																																																																																																																																																																														
111	23.03	39	140	36	101	38.18	8	66	135	55	38.01	143	12	120.78	16	97	92	140	116.36	101	25	138	87	123.7	150	31	54.15	38	126	69	43	32.69	77	67	70	70	12.44	21	14	61.39	143	98	19	148	20.11	53	64	50	105																																																																																																																																																																																														
126	13.99	7	53	37	2	84.08	16	6	135	8	137.9	62	123	82.66	30	81	128	35	53.87	100	1	6	7	32.82	62	71	6.3	18	1	62	61	5.96	99	79	98	65	110.61	64	97	104.28	36	33	15	113	80.65	64	20	11	53																																																																																																																																																																																														
8	67.13	111	1	58	108	98.18	108	58	40	85	107.89	90	107	24.7	111	65	9	93	70.19	94	2	18	31	145.27	21	150	131.17	33	49	55	129	92.06	105	38	40	26	100.11	67	67	130.66	17	13	35	29	149.8	143	23	102	107																																																																																																																																																																																														
13	3.77	142	125	42	99	91.44	51	29	36	76	2.7	123	21	24.65	7	137	115	38	35.76	30	50	17	112	54.51	103	131	67.81	92	144	86	66	18.05	42	111	18	1	14.74	4	40	116.71	18	142	120	70	97.28	15	42	45	92																																																																																																																																																																																														
13	139.56	78	127	95	119	144.76	77	52	50	28	132.78	37	38	50.89	137	113	15	142	26.14	69	139	56	120	120.16	121	111	107.45	47	4	17	98	4.34	77	6	22	56	59.89	115	137	37.2	85	107	52	142	47.41	35	22	134	130																																																																																																																																																																																														
27	101.08	118	1	88	44	11.89	150	125	60	68	17.87	28	75	72.47	59	138	100	108	47.57	137	31	135	87	6.16	138	57	3.84	21	134	140	148	9.65	100	1	147	69	78.57	145	105	66.99	20	141	66	73	16.97	6	65	4	33																																																																																																																																																																																														
27	63.83	85	91	78	12	32.84	60	102	9	98	78.76	38	71	101.74	57	84	122	3	66.29	67	3	100	126	7.52	112	40	134.65	91	54	138	22	110.75	112	80	50	53	64.68	122	29	97.03	82	21	48	20	102.58	73	127	137	82																																																																																																																																																																																														
148	26.14	38	95	106	112	107.85	55	36	30	148	42.63	44	82	14.5	146	136	135	94	71.62	35	84	17	15	93.69	27	130	141.36	146	107	139	17	75.55	97	93	6	67	108.59	18	66	121.86	26	89	35	25	21.41	114	88	20	112																																																																																																																																																																																														
92	72.47	47	68	2	37	108.38	37	84	118	100	121.17	82	139	13.83	19	12	132	35	129.56	29	110	108	62	103.59	131	107	100.9	135	86	106	142	14.84	149	12	91	99	136.54	36	105	148.98	25	69	90	35	78.51	8	42	85	46																																																																																																																																																																																														
39	34.17	38	96	49	56	28.18	1	117	67	69	132.77	23	113	63.36	62	35	149	2	82.27	53	59	6	69	81.37	35	83	117.57	116	116	37	6	96.99	140	95	72	129	32.88	118	25	45.22	62	14	9	53	41.08	66	94	73	6																																																																																																																																																																																														
145	109.68	54	121	5	91	14.73	70	125	29	62	33.29	136	93	119.19	84	143	89	78	30.7	147	128	107	55	59.72	137	123	98.4	66	111	29	121	83.55	135	30	47	88	134.76	1	79	95.23	3	71	32	111	131.73	121	139	124	104																																																																																																																																																																																														
93	60.15	98	131	15	141	90.28	76	42	52	12	134.43	125	88	3.51	59	90	25	130	66.1	40	11	49	5	59.32	109	61	1	141	143	30	132	131.62	43	18	7	93	33.14	55	90	58.8	26	15	77	99	70.89	94	23	59	139																																																																																																																																																																																														
58	9.66	146	95	114	139	138.46	146	28	65	92	45.5	32	35	70.68	112	82	42	103	88.6	106	150	80	135	26.08	39	3	45.98	130	137	17	141	131.16	85	116	34	122	138.81	122	135	144.08	35	90	67	3	132.72	52	66	88	121																																																																																																																																																																																														
111	36.43	100	121	120	87	31.81	137	28	11	62	98.13	136	44	74.67	43	71	8	124	36.03	104	68	78	31	48.24	88	33	74.89	39	41	106	49	92.39	92	1	108	54	5.73	38	76	21.09	39	14	147	100	127.71	113	114	44	69																																																																																																																																																																																														
120	131.06	81	40	33	140	143.93	124	41	123	13	52.8	76	7	142	105	42	9	13	47.08	105	106	76	120	131.01	101	71	6.21	130	62	41	91	58.88	34	148	53	100	108.99	110	44	107.08	44	63	63	61	55.45	9	5	8	117																																																																																																																																																																																														
50	75.83	31	100	61	35	33.99	63	16	135	51	35.95	70	143	113.19	38	120	55	145	130.01	105	131	111	25	50.35	68	60	116.06	113	36	7	77	33.82	111	51	98	127	95.55	34	100	24.35	78	73	89	86	143.82	53	132	146	130																																																																																																																																																																																														
30	112.04	78	49	75	138	134.64	78	24	67	45	94.19	1	137	41.08	149	88	47	133	109.47	63	97	61	147	33.13	17	107	3.41	111	67	118	150	125.42	129	34	121	97	105.42	135	9	94.93	91	10	63	40	130.09	144	23	144	31																																																																																																																																																																																														
3	2.82	32	89	27	14	41	142	118	128	105	29.89	144	55	122.2	86	20	65	88	23.61	89	57	94	98	7.36	108	114	145.31	95	33	17	3	60.19	107	92	79	107	52.02	8	80	147.33	131	52	119	13	111.42	143	71	124	4																																																																																																																																																																																														
129	103.79	94	127	135	62	80.47	90	148	132	41	61.45	85	68	31.76	8	17	111	77	134.5	9	49	66	33	84.31	119	75	139.89	108	54	14	142	21.92	102	98	61	148	90.01	127	145	149.13	96	132	147	143	122.04	67	66	142	146																																																																																																																																																																																														
23	8.61	113	52	23	96	107.91	29	150	38	119	66.29	73	17	72.23	52	127	141	70	13.95	86	66	58	113	127.81	122	85	93.47	79	84	135	30	122.75	135	83	56	93	62.89	69	69	119.76	97	44	143	112	133.55	111	71	97	61																																																																																																																																																																																														
30	101.55	29	30	2	55	19.59	76	81	112	5	86.39	91	11	71.33	8	149	78	29	80.17	90	143	14	7	133.01	22	125	8.05	55	14	129	90	54.22	131	45	82	143	88.04	63	97	121.04	77	140	129	83	136.18	104	100	63	35																																																																																																																																																																																														
65	28.86	104	95	144	1	73.08	140	16	27	18	17.32	101	118	77.75	23	111	98	39	77.18	116	136	96	43	48.72	77	49	102.13	7	119	69	146	1.36	106	54	32	121	10.31	101	28	30.07	135	140	50	77	22.77	109	8	79	8																																																																																																																																																																																														
88	63.64	73	43	85	138	90.12	101	40	7	62	46.51	109	51	47.95	80	40	23	21	125.57	27	68	13	60	145.35	103	149	32.53	130	133	114	81	129.32	3	135	147	33	26.86	46	21	52.05	112	65	48	21	90.54	36	52	117	2																																																																																																																																																																																														
33	16.07	89	119	88	53	125.12	109	138	120	127	143.23	40	101	41.88	84	49	30	135	138.44	124	73	107	106	134.34	51	68	93.35	134	53	101	12	78.84	3	148	144	61	7.46	81	16	131.52	35	130	29	100	12.85	52	13	14	116																																																																																																																																																																																														
106	126.13	95	23	39	2	136.16	43	133	90	56	4.92	86	24	130.04	52	104	23	54	53.5	22	95	98	41	101.91	118	95	81.31	26	123	65	80	32.74	114	104	82	54	127.3	53	122	120.92	90	68	150	112	14.72	25	124	128	129																																																																																																																																																																																														
51	6.53	27	66	80	37	60.76	38	123	89	26	65.18	85	12	8.46	1	20	147	123	50.06	117	23	148	100	141.18	41	23	104.86	35	116	69	128	22.4	93	48	22	38	44.65	137	124	149.59	31	44	82	6	132.7	131	110	90	22																																																																																																																																																																																														
1	77.4	82	51	22	20	71.39	35	48	87	110	117.08	21	117	143.67	124	48	130	129	118.47	4	110	51	10	35.76	70	79	123.8	114	1	43	139	4.77	53	18	127	26	37.19	78	19	59.68	29	76	33	7	47.34	7	37	100	80																																																																																																																																																																																														
120	127.68	15	101	90	101	95.71	95	62	58	10	18.3	13	45	52.37	122	55	140	44	149.78	26	107	132	69	37.16	51	1	12.17	150	93	53	61	16.53	8	117	27	110	136.33	66	26	75.92	23	66	26	22	114.18	122	80	55	110																																																																																																																																																																																														
40	134.63	94	83	65	110	1.56	48	69	50	23	68.35	121	1	57.69	68	84	139	60	103.75	139	2	39	104	97.29	105	39	111.14	110	10	58	83	62.65	55	13	12	93	75.96	65	4	16.59	36	56	128	50	34.23	2	138	61	117																																																																																																																																																																																														
42	113.9	45	24	29	35	72.86	27	116	92	36	84.24	101	6	7.97	55	138	16	25	35.66	67	121	121	70	71.62	114	112	99.67	34	89	81	125	20.45	125	139	44	50	95.49	33	58	19.47	110	58	29	53	109.43	71	144	137	132																																																																																																																																																																																														
34	110.86	61	66	18	16	98.67	69	138	90	25	54.77	25	18	104.43	126	1	10	10	41.11	33	38	71	24	79.08	46	43	2.86	141	130	26	90	145.96	137	74	124	11	130.42	88	127	108.07	90	37	70	145	61.14	25	36	141	26																																																																																																																																																																																														
102	87.7	124	120	50	149	42.54	144	39	109	65	86.56	16	97	77.16	52	115	51	35	116.26	97	76	59	48	62.43	124	100	131.38	70	148	36	11	42.33	24	116	37	148	35.83	82	101	80.43	79	42	107	38	38.89	35	86	6	26																																																																																																																																																																																														
38	126.9	62	57	93	37	132.55	13	57	3	150	6.32	62	118	105.01	37	22	4	72	139.27	123	56	92	74	92.9	90	36	70.51	62	67	57	13	68.33	68	30	110	32	107.71	45	36	75.78	144	109	28	71	48.51	118	105	125	106																																																																																																																																																																																														
149	138.09	3	4	2	74	33.78	43	91	73	142	134.32	124	9	1.71	144	23	22	5	118.82	97	29	99	46	2.53	65	13	100.92	71	129	102	86	147.55	70	77	103	62	7.42	148	54	146.94	130	101	140	24	111.77	146	79	35	33																																																																																																																																																																																														
128	16.04	28	121	63	150	97.45	87	147	20	15	90.58	54	52	42.57	42	80	133	31	29.38	48	138	54	86	9.65	122	58	75.13	5	105	92	121	111.97	5	85	22	102	81.48	126	146	65.04	38	125	20	29	68.44	74	72	122	62																																																																																																																																																																																														
71	57.06	92	12	47	58	91.09	110	122	42	104	122.53	71	96	126.85	124	117	81	89	103.23	5	13	68	16	131.24	77	42	132.19	58	115	124	51	22.94	121	102	108	32	123.76	37	52	62.35	126	18	46	127	57.52	113	135	80	32																																																																																																																																																																																														
120	106.8	8	17	6	63	89.91	21	53	29	84	51.51	137	61	112.17	67	139	76	18	64.5	6	134	132	130	74.29	37	53	39.84	139	121	52	42	27.68	15	37	43	48	113.26	145	4	130.52	142	8	106	26	25.1	13	69	100	21																																																																																																																																																																																														
147	38.15	96	34	119	42	53.98	84	101	36	67	149.57	144	87	13.98	77	126	82	36	19.47	97	135	55	103	133.41	105	12	42.48	47	23	126	95	32.15	54	85	22	78	82.83	7	36	136.4	140	13	71	14	54.81	98	9	146	79																																																																																																																																																																																														
147	116.13	133	105	146	129	10.64	62	149	49	64	46.44	98	60	141.93	124	137	147	75	21.93	17	44	9	49	12.02	75	85	20.14	97	12	33	63	96.4	87	142	132	134	54.35	71	6	135.01	123	93	69	121	67.81	95	108	54	77																																																																																																																																																																																														
98	38.54	20	107	54	98	55.24	75	38	92	105	99.34	88	112	18.55	70	146	105	93	36.93	29	125	8	92	83.2	133	92	75.47	104	11	40	140	73.56	71	14	74	19	104.81	21	147	43.21	91	45	84	30	87.99	67	36	145	116																																																																																																																																																																																														
59	14.22	142	67	55	59	140.37	139	99	103	16	129.37	109	117	69.34	84	68	129	75	99.95	23	120	21	39	135.38	11	55	116.18	69	40	100	82	75.17	3	134	87	23	124.59	83	150	139.95	73	76	84	127	63.88	101	39	94	126																																																																																																																																																																																														
106	5.54	115	149	53	72	93.42	24	104	90	120	1.93	5	79	47.64	96	80	5	113	118.77	63	9	148	128	114.33	124	93	16.21	129	47	68	16	72.4	108	132	126	23	64.41	13	125	111.93	48	80	46	108	47.59	55	8	129	144																																																																																																																																																																																														
106	128.97	133	38	30	133	125.58	26	41	17	129	99.01	88	63	127.34	49	136	20	63	104.81	91	25	76	66	120.57	137	42	88.2	129	113	45	129	104.51	105	144	28	50	8.04	50	47	109.46	91	42	57	15	28.59	83	42	74	150																																																																																																																																																																																														
101	102.44	138	6	66	66	23.98	110	71	83	49	69.17	80	29	122.68	116	54	83	69	138.42	70	30	8	130	29.28	27	21	11.57	49	53	149	45	79.75	68	23	15	36	125.39	126	119	123.71	27	5	124	25	24.3	108	56	142	44																																																																																																																																																																																														
4	128.19	149	104	12	139	54.39	120	113	110	24	87.14	104	48	75.47	74	16	3	45	51.47	105	1	64	110	131.54	140	40	30	128	140	84	54	105.73	13	93	62	12	87	52	122	36.43	49	124	37	131	79.38	48	128	29	141																																																																																																																																																																																														
15	71.5	37	110	141	16	24.98	21	114	66	19	42.62	79	136	84.7	79	50	100	103	36.42	128	82	78	93	81.35	66	118	6.2	128	60	117	29	35.14	135	132	150	73	93.99	31	45	95.34	115	61	96	79	101.09	116	34	130	89																																																																																																																																																																																														
102	50.79	133	127	121	41	139.34	26	140	75	139	18.62	99	59	17.66	107	98	109	49	98.23	12	123	146	30	15.36	13	143	96.24	35	129	148	140	121.35	51	95	149	83	57.5	54	70	51.82	16	137	31	45	21.09	9	46	67	122																																																																																																																																																																																														
66	126.9	56	144	141	34	99.31	6	63	50	47	95.46	129	47	103.92	86	130	81	27	101.11	52	20	27	34	62.3	101	88	134.71	89	143	45	30	27.74	11	46	138	77	70.46	136	131	112.6	89	132	56	113	100.05	148	134	9	91	30	12	98	3.19	127	42	102	6	44.66	140	36	48	86	11.69	20	114	21	7	56.39	108	50	113	69	30.25	29	11	15	50	88.83	64	6	76	8	5.41	11	116	97	43	41.82	27	100	53	126	72.97	84	20	77	104	39.49	5	123	114	121	19.37	59	9	74	117	72.15	130	70	71	103	97.6	131	5	102	55	117.67	91	30	86	44	6.77	136	99	144	48	7.6	62	70	20	121	43.84	105	87	21	137	45.94	20	90	133	111	75.78	128	16	119	78	83.15	100	24	15	95	125.77	93	56	93	17	127.93	67	77	95	52	130.31	65	107	51	1	1.41	15	128	141	70	134.24	96	115	25	134	54.54	147	89	56	50	146.16	28	80	120	95	147.14	7	131	102	139	146.93	7	146	66	64	136.45	10	57	111	117	57.52	135	20	70	87	143.89	149	103	91	99	99.09	10	76	17	90	118.92	116	115	24	8	83.78	98	74	101	54	12.94	57	33	78	44	4.21	24	7	12	93	65.63	3