5 20
65.0 26.0 30.71 26.9 27.0 
34.0 22.0 24.11 29.99 28.99 
35.9 51.0 34.63 79.0 35.5 
49.47 47.0 46.0 49.99 46.3 
90.11 86.72 93.0 92.53 79.39 
144.0 129.0 146.0 149.01 153.0 
54.99 55.99 39.0 59.99 50.0 
39.0 17.0 19.99 24.0 16.63 
16.99 14.34 16.02 18.0 16.49 
54.08 53.0 49.0 41.99 49.31 
16.0 14.99 20.76 10.39 14.89 
24.67 29.99 26.08 27.98 25.52 
19.0 17.0 19.99 18.0 14.74 
42.99 39.9 39.0 33.0 35.67 
54.0 46.03 41.34 48.0 84.99 
17.0 15.0 19.0 11.54 14.89 
33.46 24.99 71.0 51.0 49.08 
54.99 45.0 65.9 66.5 44.16 
25.22 26.99 25.0 28.0 24.33 
25.9 24.79 26.0 29.99 29.0 
21.0 14.97 19.9 13.9 19.99 24.9 9.99 26.0 15.0 9.95 24.0 20.99 13.0 30.0 19.0 25.0 29.0 18.0 17.9 35.0 