5 20
104.61 115.0 99.0 133.99 109.77 
105.93 59.0 64.99 119.0 119.99 
18.0 22.25 19.0 18.45 18.99 
31.0 25.22 26.0 34.99 30.0 
41.04 49.9 41.31 79.0 44.99 
17.0 39.0 18.49 18.0 33.9 
66.55 70.02 119.0 117.05 119.99 
33.0 43.0 32.0 39.99 30.0 
55.0 49.89 45.0 32.9 29.0 
59.0 51.54 52.32 54.0 51.0 
53.8 46.9 49.47 44.86 56.0 
29.9 29.0 25.22 24.33 26.91 
44.99 51.0 49.89 44.0 49.99 
128.0 107.37 113.78 122.99 149.0 
22.25 13.8 15.0 17.9 17.0 
34.0 26.74 26.0 31.0 24.78 
49.9 59.0 47.0 49.07 48.18 
24.33 25.22 32.5 26.0 26.99 
51.0 59.99 49.0 46.99 54.0 
109.0 104.99 99.0 104.0 142.0 
21.0 19.0 16.0 26.0 20.99 24.9 24.0 14.97 13.9 149.99 19.99 17.9 35.0 30.0 19.9 15.99 25.0 9.99 13.0 15.0 