5 20
49.0 43.71 49.99 44.0 47.01 
46.0 49.0 47.0 48.92 42.19 
22.49 26.0 25.9 56.18 51.22 
29.0 30.0 28.0 39.0 31.7 
54.0 46.36 54.9 67.0 53.06 
26.85 31.0 29.01 29.0 26.0 
22.57 23.23 16.53 34.18 20.0 
49.9 59.9 41.1 49.0 45.4 
86.0 79.0 75.71 95.99 74.0 
70.36 48.31 73.19 79.0 69.0 
44.9 56.99 49.9 36.8 37.0 
40.5 42.0 41.59 45.0 43.05 
34.99 45.0 44.55 25.46 45.9 
15.03 11.54 11.69 17.0 18.0 
47.01 49.99 49.89 52.0 49.0 
56.9 81.0 99.99 108.0 59.0 
19.99 25.9 15.0 20.76 18.0 
69.9 62.0 62.52 39.0 59.0 
34.18 31.0 31.1 37.63 35.0 
103.0 108.0 109.38 114.0 99.9 
21.0 24.9 13.9 25.0 149.99 19.0 20.99 14.97 19.99 26.0 24.0 17.9 15.0 15.99 9.99 19.9 30.0 13.0 35.0 9.95 