5 20
88.0 89.0 84.0 131.0 76.77 
51.54 49.9 54.0 39.6 51.0 
59.0 57.0 39.45 59.99 34.97 
113.53 119.0 122.5 116.0 114.0 
18.45 21.99 3.9 11.69 15.0 
58.18 114.0 121.45 119.99 59.0 
57.0 55.61 51.0 59.0 48.31 
55.99 51.06 52.32 56.0 49.08 
145.0 86.0 149.01 135.0 151.4 
128.0 149.0 125.73 119.99 132.0 
135.0 109.99 115.0 108.22 123.0 
59.0 44.99 42.99 21.0 48.92 
59.99 56.0 51.0 77.0 54.0 
22.94 25.0 26.5 29.99 28.99 
51.0 52.32 62.9 54.0 59.99 
21.99 17.0 18.0 14.1 15.04 
47.99 49.99 33.3 28.98 36.78 
49.0 43.41 40.92 51.0 39.99 
54.9 73.0 89.99 48.31 79.99 
48.0 46.03 59.99 49.99 43.99 
13.9 21.0 9.95 14.97 24.0 19.99 13.0 20.99 15.0 149.99 24.9 18.0 30.0 19.0 25.0 26.0 19.9 15.99 9.99 35.0 