5 20
10.0 39.99 22.25 13.47 19.0 
18.0 23.23 15.0 18.91 20.0 
22.0 20.0 36.5 34.18 38.99 
46.05 53.0 51.0 52.47 45.0 
49.0 55.0 39.0 53.0 57.99 
19.0 13.39 11.69 18.0 19.99 
31.0 27.0 26.0 31.7 28.99 
55.97 60.07 58.0 54.33 59.0 
49.99 69.99 61.17 73.0 39.9 
34.99 31.7 29.0 25.22 26.99 
17.9 20.76 17.0 10.39 19.99 
67.0 79.99 60.0 69.99 64.54 
119.0 99.9 109.0 101.97 59.0 
29.99 28.0 34.99 28.49 28.58 
51.0 48.31 51.54 64.99 69.9 
26.99 22.0 24.11 24.0 29.99 
21.98 18.45 19.99 14.34 16.99 
23.99 20.67 19.49 29.99 25.0 
15.0 14.11 39.0 20.52 29.0 
61.0 27.0 43.0 29.13 69.0 
24.9 25.0 19.99 15.0 21.0 14.97 19.0 13.9 20.99 24.0 26.0 30.0 13.0 35.0 149.99 19.9 16.0 17.9 9.95 18.0 