5 20
47.01 49.47 49.0 42.99 44.22 
35.9 36.0 19.0 17.0 20.0 
52.93 59.99 44.95 50.0 39.99 
54.0 57.0 49.0 79.0 54.9 
19.0 15.67 33.9 34.5 20.0 
58.0 79.99 54.99 67.0 58.84 
20.0 33.9 14.74 15.67 19.99 
24.67 27.29 27.0 30.9 31.88 
89.9 99.99 73.8 79.38 75.0 
56.18 25.9 19.94 43.0 129.9 
82.34 79.99 104.99 119.0 89.0 
10.39 15.0 19.0 43.0 13.5 
16.49 20.76 16.99 20.0 18.0 
13.14 14.11 17.0 18.5 19.9 
24.04 56.23 65.0 30.71 59.0 
55.0 52.49 73.9 86.9 69.99 
113.75 26.0 26.64 29.0 34.99 
49.08 55.0 53.0 51.0 62.0 
29.99 47.0 24.99 71.0 54.0 
31.1 31.0 34.18 42.99 39.54 
21.0 20.99 19.0 24.0 149.99 24.9 35.0 19.99 14.97 26.0 19.9 13.9 9.95 13.0 30.0 25.0 15.0 9.99 16.0 15.99 