5 20
19.99 26.0 29.9 24.69 31.0 
51.0 49.08 51.99 52.47 33.46 
25.9 26.0 24.79 29.0 29.99 
63.0 59.99 69.0 69.99 68.29 
59.99 47.01 49.9 54.99 45.0 
14.34 16.02 10.39 19.0 22.25 
16.63 39.0 35.9 19.0 20.0 
61.0 148.9 61.38 59.13 66.89 
10.63 17.0 10.39 19.0 18.0 
17.82 20.0 19.99 22.25 25.9 
49.0 47.0 46.3 40.44 44.9 
59.0 52.47 51.0 55.61 51.54 
58.9 87.0 94.99 89.0 92.0 
73.19 110.0 73.0 75.65 70.73 
123.0 149.0 116.87 115.0 117.0 
34.99 29.9 28.0 26.0 29.0 
29.9 34.99 59.0 30.71 28.0 
14.52 125.0 18.45 17.0 9.99 
51.0 44.0 49.89 47.0 44.99 
63.0 58.0 59.0 57.2 57.0 
21.0 15.0 26.0 20.99 25.0 24.0 149.99 35.0 30.0 24.9 19.99 13.9 19.9 19.0 9.95 16.0 14.97 9.99 13.0 18.0 