5 20
61.18 25.39 29.0 32.0 63.0 
35.0 35.67 34.18 39.0 45.0 
19.68 20.76 15.0 22.25 17.0 
25.0 19.49 22.0 29.99 34.0 
28.0 24.0 29.0 31.0 26.74 
99.99 88.9 99.9 100.0 99.0 
23.94 29.13 28.99 35.5 30.0 
99.0 123.99 90.41 105.0 89.0 
19.68 29.0 20.76 17.0 17.9 
52.47 56.0 56.05 59.99 53.0 
153.0 109.8 119.0 111.71 135.0 
61.0 55.0 49.08 54.0 56.05 
81.0 99.99 82.0 83.79 79.0 
22.7 14.74 16.99 20.76 16.9 
107.05 194.0 109.0 115.0 100.4 
52.0 54.99 54.0 48.5 46.99 
61.49 59.0 65.99 59.99 59.31 
32.28 34.99 27.56 32.49 28.71 
59.19 60.28 57.26 94.96 98.0 
49.47 46.75 53.8 47.01 48.5 
21.0 13.9 149.99 20.99 24.9 25.0 19.0 19.99 35.0 14.97 19.9 13.0 26.0 17.9 24.0 15.0 30.0 9.95 16.0 15.99 