5 20
72.0 87.33 77.09 79.0 73.42 
19.0 39.99 32.9 17.98 5.0 
54.69 53.9 61.9 54.0 48.31 
135.0 119.99 125.28 116.93 125.0 
75.0 89.9 74.0 75.47 73.8 
42.19 48.92 42.99 46.99 44.77 
18.45 18.99 17.0 14.99 13.88 
25.76 29.0 34.99 32.28 31.9 
79.99 75.9 82.0 73.0 54.89 
29.99 31.0 29.91 29.9 28.0 
69.99 25.39 32.9 34.99 30.0 
20.66 11.69 18.91 19.0 17.0 
44.5 36.78 35.32 42.0 38.0 
281.0 257.44 279.0 246.13 276.17 
25.0 24.0 23.64 22.0 24.99 
51.0 50.8 48.31 53.0 29.0 
18.04 18.0 15.65 39.99 19.9 
16.02 16.9 14.08 16.99 15.0 
100.4 119.0 111.15 109.0 115.0 
47.0 49.0 48.92 42.19 44.99 
21.0 15.99 149.99 14.97 24.0 19.99 19.9 13.9 26.0 13.0 16.0 25.0 20.99 24.9 19.0 35.0 30.0 15.0 18.0 9.99 