5 20
129.0 123.0 126.96 124.0 125.0 
43.0 51.54 52.47 55.61 48.31 
41.31 40.0 44.9 36.8 79.0 
38.25 37.5 41.0 34.0 44.5 
26.0 59.0 19.94 28.0 31.56 
31.7 32.9 29.0 34.99 24.0 
79.0 72.74 89.0 88.5 77.0 
67.5 69.0 73.06 70.0 79.0 
14.49 18.0 19.0 20.76 10.39 
33.0 34.18 31.0 39.99 32.9 
59.0 99.99 101.5 119.99 99.9 
39.0 31.0 31.7 29.0 26.0 
77.69 53.0 69.0 48.31 69.99 
30.19 30.0 30.41 30.2 32.0 
69.99 91.02 87.0 151.0 94.99 
18.0 15.21 21.99 19.0 17.0 
29.0 26.29 28.0 25.9 26.0 
20.0 25.0 22.25 14.34 24.99 
35.9 35.5 51.0 39.99 35.04 
26.0 25.0 28.0 29.9 24.33 
13.0 26.0 21.0 14.97 30.0 24.9 16.0 35.0 20.99 19.9 15.0 13.9 25.0 149.99 24.0 17.9 19.0 19.99 9.95 29.0 