5 20
64.18 69.0 54.91 54.99 62.99 
18.0 9.99 22.0 19.99 15.65 
19.99 17.82 16.02 25.9 20.0 
54.89 68.99 73.0 69.0 55.61 
62.0 52.9 89.9 109.0 82.0 
49.47 54.08 52.0 57.0 46.99 
59.99 54.99 69.99 50.0 59.9 
27.68 39.0 29.0 28.0 26.0 
22.25 11.69 19.0 14.34 18.0 
44.0 43.98 60.0 49.99 43.01 
73.9 49.08 48.31 54.0 57.84 
29.0 29.9 79.0 25.9 11.9 
25.0 19.99 14.34 16.02 14.52 
74.0 74.99 88.5 79.38 76.3 
34.99 27.0 30.0 43.0 25.88 
89.0 108.0 95.0 114.91 83.66 
82.93 75.99 76.0 88.5 78.26 
29.0 30.0 25.76 27.0 31.9 
41.98 47.01 49.07 47.0 54.5 
52.0 49.47 49.31 52.93 48.5 
20.99 21.0 14.97 19.0 13.9 35.0 15.0 19.9 24.0 24.9 16.0 19.99 9.95 29.0 25.0 149.99 30.0 26.0 18.0 9.99 