5 20
25.99 20.0 16.02 18.0 22.25 
18.45 18.0 17.0 19.99 14.34 
57.75 55.99 58.0 60.0 79.99 
70.11 64.99 79.9 72.5 75.99 
59.0 60.07 65.0 289.0 62.0 
44.65 45.13 46.99 42.19 44.0 
9.9 18.45 18.0 22.25 20.76 
19.0 14.74 19.99 16.77 33.9 
46.77 53.61 55.99 52.0 54.0 
19.0 16.9 39.0 19.9 79.99 
59.0 58.0 58.53 54.74 63.0 
69.99 114.0 49.99 52.64 55.0 
26.0 30.0 29.0 25.22 28.0 
19.99 29.0 18.0 17.0 39.0 
52.66 49.0 59.0 59.99 139.99 
18.0 20.0 20.76 18.45 14.34 
26.99 29.0 25.68 32.9 34.99 
119.0 89.0 69.99 118.5 129.99 
66.89 69.0 64.08 58.74 61.0 
51.0 38.99 59.99 56.05 49.08 
21.0 15.0 30.0 20.99 13.9 19.99 24.0 14.97 149.99 9.95 19.9 13.0 25.0 19.0 24.9 35.0 16.0 9.99 26.0 18.0 