5 240
34 44.77 48.92 47 46.99 
27.3 65.99 69.99 25.64 73 
51.99 51 48.31 39 57 
53.57 59.9 36.51 55.02 47.77 
55.61 51.06 51 48.98 51 
219 220 237 209 205.9 
51.48 50.43 59.9 59 61.49 
83.43 99.99 39 99.99 93 
49 43 44.99 46.3 46 
53.61 46.77 46.99 50.76 39 
54 39 48.31 52.49 49.08 
26 30 29 29.99 29 
129.99 123.51 129 129.8 108 
40.67 44 47 44.9 49 
18 16.99 20 21.99 14.34 
121.45 43 119 59 119.99 
19.9 3.9 13.14 17 18.45 
36.5 31 26.05 35 19.99 
7.69 9.9 6.94 25 19.99 
116.77 115 107.37 116.87 149 
6.26 48.5 14.01 5.84 34.99 
18.9 17.64 11.99 16 13 
56.05 51.06 54 31 52.32 
43 48.5 40.5 47 45 
54.99 43.95 44.95 59.99 49 
116.77 115 128 123 149 
17.64 17 12.15 13.6 13 
55.9 51 69.99 58 51 
28.74 29 28.74 27.45 34.99 
34 52 48 45.57 40.92 
29.9 29.99 18 29.99 34.18 
26 27.68 28.58 28.49 28.49 
18 20.76 22.25 11.69 15.03 
27 7 29.13 14.9 29.13 
15 16.02 14.99 18 16.99 
17 15.67 19 14.74 17 
44.99 53.8 51 45.85 34.9 
34.44 9.9 28.78 9.99 9.99 
25 21.22 10.94 24 18.13 
52 44 49.47 47.01 45 
21 52 46.11 49.89 49 
139.99 52 55 58 46.99 
29 29 29 26.74 24.33 
11.54 19 18 17 14.79 
52.49 51 80.19 89 55 
28.5 29.99 29.99 26.5 27.86 
26.94 28 26 34.99 34.99 
50.76 45 52.77 55 54.99 
54 55.61 52.47 51 64.99 
47.93 57 61.9 69.99 53 
55 59.99 49.99 46.16 59.99 
20.52 16 19.9 18.45 14.12 
220 206.5 209 219 237 
119.31 119.99 123 139 123 
73 54.99 48.31 79 70 
53.37 51.54 51 54 124 
64.99 64 61 67 64.54 
45.73 57 55 59.99 46.99 
108 89.99 108 109 99.9 
80.81 76.99 59.9 67.8 92.56 
19.9 16 16 11.6 18.05 
82.09 92 86.72 99 99.9 
64 53.37 48.31 38.61 49.08 
27.72 35.99 25.22 34 31 
59.99 52 46.3 52 47.01 
62 79.99 59 59 79.99 
34.99 11.54 19.99 9.99 19.99 
48.31 51 51 56.05 49.08 
78.26 81 84.99 99.99 84.9 
26 29 24.36 29.9 35 
16.8 29.9 29 22 18 
60.32 60 55.45 69 52.46 
39.9 13 12.99 49.99 39 
40 39.24 29.98 28.11 32 
17.9 14.93 17 17 16.9 
77.69 48.31 53 56.05 43 
39.87 45.82 44.99 59.99 77.9 
10.39 20.76 13.54 18 11.69 
13.6 11.99 14.99 16 18.9 
34.99 24.67 34.99 27 31 
114.99 99.9 99.9 104 109 
47 44.77 44 51 46 
49 39 29 29 27 
21.22 20.3 24 12.09 10.94 
89.99 87.36 83.79 91 57.16 
34 24.62 26 26 29.99 
54 45 59 43.99 45 
49.99 46.18 43.98 58.99 49.99 
31 26 20.79 24.69 30 
34 29 26.64 34.99 24.33 
19.68 13.55 22.25 23 20.76 
29.99 32.99 29 26 26 
44.99 46.89 48 44 52 
13.6 12.15 16 17.64 13.28 
38.1 34.18 39 29.99 39.54 
1.99 7.71 34 14.9 10 
91 82 82 80.81 89.99 
5.62 9.24 9.99 12.9 13.86 
81 79.9 99.99 59 92.56 
51 55 49.99 39 50.29 
17 18 35.99 20 17 
26.9 23.76 33.9 19.99 14.99 
49 52 49.89 47 55 
12.99 13.15 15.75 27.99 39 
14.98 21 17 13 17 
52.47 55 29 50.8 51 
34.99 29.9 34.99 29 31 
43.45 50.29 49 44.22 51 
15 14.34 19.99 19 18 
18.45 19 26.05 30 42.99 
19.99 18 16.75 14.74 15.67 
54.08 49.9 49.31 54.9 54.98 
18 16 21.99 20.52 17 
99.99 75.99 108 84 87 
34.99 32.55 31 33.15 35.67 
41 38.25 42 36.78 17.99 
21 24.9 15.18 18.1 19 
33.46 57 71 33.66 52.47 
21.99 17 14.12 18.45 20.52 
19.99 20 10.39 18 20.76 
26 26.91 29 29 30 
19 18.99 18 49.9 20 
10.39 14.34 18 18.45 14.39 
27 79.99 61.18 43 69.99 
19 29 14.34 18 16.02 
31.56 24.33 28 26 31 
107 83.66 106.95 139 107.5 
18.91 22.25 20 18 18 
49.89 29 53.8 49 43.79 
19 39 17 24 20 
26 29 29 24.79 25.9 
27.05 25.9 19.94 55.44 64.9 
15.19 19 17.99 21 18.1 
11 11.46 10.7 19 9.99 
9.78 37.99 69.9 8 25 
18.1 21 18.1 15.19 17 
29.69 29.99 39.99 30.69 34.99 
119 128 119.9 83.69 88 
53.06 39 49 37.99 55 
20 44.28 25.85 18 16.53 
69 69 57.99 41.25 43.35 
251 111 114.12 119 99.9 
59 54.99 59.99 59.99 52.79 
19 18.49 14.74 17 18 
64 43 79.99 57.9 62.99 
59.99 45.58 54.98 49.31 52 
52.66 54.99 53.61 51 52 
205.9 209 206.5 237 199 
12.15 18.9 13 17.64 13.28 
149 147 149.9 149 128.9 
21.99 15.04 15 20.52 19.9 
59 49.08 31.01 51 56 
89.99 32.9 56 29.15 29.63 
17.64 13.28 13 12.15 18.9 
151.4 154.31 139.35 153 145.07 
28.71 27 30 26.8 29 
83.98 83.99 99.9 92.9 97 
43 49.9 44 43.5 86 
84.5 75.65 105 70.73 68.27 
27 29 32.28 27.99 28.22 
45.66 48.76 55.99 29.99 29.99 
117 115 118 113.78 116.77 
87.48 129 78.97 69 89.9 
89.99 65 79.99 75.65 51 
13.27 11.99 18.9 13.28 17.64 
35 26.74 26 34.99 29 
12.48 6.99 33.62 12.87 13.9 
38.98 55.99 43 24.99 69.9 
79.99 105 102.66 98.6 110.28 
39.99 31.07 35.5 39.49 41 
19.99 15 39 18 17.9 
63 67.9 79 29 27 
103.94 114.99 114.99 119.02 113.52 
14.99 13 17 18.9 13.28 
34.99 24.33 30 26.91 31.7 
58 89.9 54.99 59.99 50 
14.1 19 20.52 15.21 17.9 
9.99 32.5 19.99 32.99 34.99 
124.67 116 119.99 119.99 84 
50.43 51.48 77 49.97 59 
52.59 54.99 48.31 54 54 
30 25.52 34.99 26.08 25.52 
249 199 220 399 219 
23.94 43 56.18 25.9 59 
34.99 34 27 34.99 24.67 
31.56 29.99 29.9 29.99 26.31 
26 24.75 26.94 34.99 29.9 
103.94 113.53 122.5 112 114.99 
42.63 54 106 54 55.61 
99 99 99.99 90.82 89 
34.9 18 35.67 18.81 19 
49 39 52.49 139.99 54.98 
39.9 18 22.57 22 32.67 
23.94 28 31 51.22 56.18 
49.89 52 46.3 34.9 49 
54 55.44 51 34 51.54 
61.38 65.9 61 69 67 
31 29 29.9 54 24.53 
49.47 49.99 47.01 47 44.99 
16 17 18.9 13 17.64 
54.08 59 44.95 50.76 59.99 
41.25 69 43.56 108 79.99 
24 22 34 23.99 22.78 
39.99 39.9 35.51 14.99 41 
14.52 20.76 19.68 19 14.34 
14.52 22.25 19.99 16.99 18 
63 57 58 61 59 
20 19 18.49 18 17 
124.67 129 119 126.96 129.99 
44.55 46 44.11 40.16 46 
54.9 44.9 49 29.99 48.5 
69.9 22.49 23.94 29.9 25 
59 58 62 59 55.97 
44.72 59 47.89 39 51.6 
19 13.35 34.18 19.99 31 
22.57 18 39.9 18 19 
54 35.9 35.04 51 54 
47.01 52 42.99 49 43.49 
49.9 18.45 22.25 18.99 14.34 
95 99 103 103 129.99 
129 117.99 119 124 119 
54.9 47.01 49.89 54.89 52 
59.99 52.49 51 53.9 48.31 
179.9 149 128.9 149.9 149 
69 86 63.48 79.99 69.99 
51.8 56.05 109 51 49.08 
26.91 26 28 31 34.99 
31.7 28.74 26.64 113.75 31 
47 39.68 45 49 44.4 
19 25.39 29.13 29.13 51 
44.99 39.69 44 34 47 
27.84 27.76 33 31.6 29.68 
29 25.76 27 32.49 31.9 
25.9 29 28 79.99 26 
16 12.15 14.99 17 17 
32.9 30 30 29 29 
29 25.39 63 58.6 43 
48 42 42.93 38 38.25 
17.64 17 13.28 17 18 
62 41.72 64.28 72.5 99.9 
18 30 18 25 12 19.99 35 13 22 29 22 22 20.99 29 15.99 26 21 20.99 14.97 17.9 30 19 17.9 35 149.99 30 24.9 19 17 24.9 29 17.9 15.99 14.97 25 18 17 30 19 13 14.97 26 22 24.9 20.99 19.99 18 19 19.99 20 15 30 149.99 17.9 24 17.9 22 25 14.97 13 30 30 21 30 149.99 19 14.97 13 24.9 19.99 25 20 21 18 20.99 25 26 21 15 19.99 20 17.9 22 15 19 19 30 19 14.97 17 20.99 30 15 15 24.9 20.99 15 19.9 19.99 25 18 29 13 19 30 25 20.99 14.97 19.9 14.97 13.9 13 15 30 30 17.9 15 29 30 21 25 24.9 21 29 35 21 19 25 19.99 30 20 25 30 15 13.9 15 29 24.9 29 13.9 30 25 21 30 19.99 25 21 12 21 9.99 19 25 30 19 15 24 13 14.97 29 19.9 13 30 19.99 18 20.99 13.9 13 21 12 19 26 22 19.9 30 17.9 29 15 24 20 17.9 15 18 24.9 24.9 15 17 17.9 20 21 17.9 20 19 24.9 14.97 17 21 20 30 12 30 17 13 15 9.99 22 30 15 20.99 19.99 19 14.97 14.97 18 30 18 12 19.99 29 13 19.99 20.99 19 19.99 9.99 19.99 17.9 20 13 30 30 18 17.9 22 17.9 19 18 17.9 17 30 24.9 
