5 240
54.08 49 59.99 49 39.9 
49.99 59.99 86 44.9 52 
18.49 38 41 79 36.78 
56.9 49.08 29 51 54 
26 22.03 19 17 18 
103 108 104.99 114 109 
22 19 34.18 32.9 39 
51 79.99 78 75.65 55 
19 13.65 13.26 15 16 
54 62 54.99 52.59 54 
149 159.9 179.9 179 149 
58 46.99 52 58 53.61 
17.9 11.69 22.25 18 15 
42 29.98 32 38 37.99 
30 25.39 30 27 29 
51 47.01 49 44 46.3 
121.19 94.99 132.38 84 135 
53.8 46.75 49.47 47.01 55 
49.99 49.99 54.9 57.01 49 
85 76 77 78.26 72.01 
31 31.7 26.91 26 28 
55 52.93 48.5 44.22 46.99 
59 59.31 65.99 50 61 
119.99 117.5 119 99 109.99 
100 88 105 108.5 104.99 
39.9 46.99 59.99 53.61 49 
17.9 11.38 12.9 9.99 13.86 
104.61 102.09 119 99.63 99 
46.3 52 46.3 46.3 46 
9.99 18 26 16.8 14.34 
29.99 24.02 23.36 28.9 24.75 
148.9 59.13 61 65 59 
38.44 44.5 40.59 36.78 43 
29 34.99 25.52 86 25.52 
16.8 20 39 18 22 
22.25 16.02 18 19 18.99 
82.93 78.26 85 70.87 76 
28 26 26 25.22 26.29 
89 128.54 116.13 113 98 
31 26 25.22 29 35 
39.99 36.5 44.9 60.93 34.18 
48 59 49.99 54 55 
59 59 119 58.35 34.99 
84.79 119.99 99 89 116 
10.39 13.89 18.45 18 14.1 
25.22 27 28 29 26 
18 34.18 16.53 31 32.9 
19 10.39 13.54 20.76 18 
19 14.79 19.99 18.11 10.39 
56 43 48.67 62 53.85 
42.9 44.99 49.99 49.99 49 
26.7 26.9 19 9.9 33.9 
67.47 69.8 69.8 61 70 
46.03 43.05 45 43.99 55 
39.51 45.66 142 69 41 
17 19 17 19.99 18 
26 26.74 25.22 31 26 
64.28 62 60.93 59 72.5 
26.29 26 25.11 28 39 
19 28.49 29.99 16.91 34.99 
89 73 74 69.6 79 
49.99 48.92 40.99 34.9 45 
159 148.99 189.99 158 129 
18 14.74 16.02 16.99 16.9 
10.39 15 20.76 17.32 17 
51 47 51 53.8 44 
55 49.08 55.44 51 69.99 
55 36.51 63.5 53.57 59.9 
53 54 51 59.99 47.93 
83 91 76.99 81 82 
44.9 56.99 44.99 79 43 
16.02 18 18.45 13.63 29 
82.34 118.5 108 119 149.99 
71 58 69.99 59.99 51 
131.32 149 34 129 19 
149 129 19 132.5 131.32 
24 22 29.99 26.5 34 
33 33.45 30 27.52 36.5 
24.99 35.67 34 24.79 36.5 
31.68 32 30 32 27.87 
146 159 159.9 150 179.99 
17.9 13.8 19 15 17 
119 119.02 103.94 112 122.5 
19.9 34.99 34.99 29.99 33.49 
25 26 19.94 25.9 27.05 
41.99 45.57 52 49 45.99 
51 54 49.08 51.54 49.08 
39 18 16.3 19.99 19 
27.68 31 27 39 28 
29.99 24.79 26 26 21 
27.76 33 31.6 27.76 33 
51.54 51.44 53 57 79 
78 65.99 66.59 80 69.99 
52 49.47 48 45 59.99 
16.75 17 37 15.67 14.74 
45 52 45 44 47.01 
87 99.5 79 99.99 80.78 
100 95 104.99 94 91.91 
15.04 15.21 14.1 17.9 21.99 
51.44 52.47 51 54 57 
24.99 35.67 24.79 24.99 34 
179 189.99 219 179 189.99 
109 120 107.05 117.77 79.99 
59 55.61 51 69.9 59 
18.13 10.94 21.22 25 10.99 
25.01 35.99 24.33 28 26 
27.29 34.99 29.99 27 29 
24.69 26.5 31 28 26.99 
138 124.67 76.79 119 88 
19 16 13.74 17 10.39 
27.05 26 26.31 26 25.9 
97 59.98 98.72 49.99 69 
102.66 109 175.89 109 104.89 
31 28.51 35.67 16.53 18 
16.02 18.45 20 55 14.74 
21 11.69 19.99 9.99 34.99 
36.78 38.25 36.78 29 41 
55.61 89.99 65 75.65 73 
18 23 17 19 19.68 
15.19 17 18.1 19 18.1 
52 44.22 49.99 45.85 49 
52 54.08 55 49 49.89 
129 78.97 89.9 89.99 87.48 
14.89 14.59 44.28 14.05 27.99 
19.99 16.9 20.76 15 20 
71.51 67 119 71 62.85 
57 51 29 56.9 59 
21.99 15 17 19.9 14.12 
108.5 99 100 98.43 98 
54.9 54.99 46.19 45 52 
13.26 18 17.9 14.17 15 
69.99 48.06 84.87 69.99 84.87 
11.38 9.99 17.9 34 9.99 
17 19 17.9 18 15.8 
157 159 159 149 151 
39.99 51.54 51 51 19 
26.08 39 86 27.29 29 
24.99 25 25 33.95 34 
63.5 53.57 55.02 55 36.51 
52 55.99 54.99 46.19 59 
17 15.19 18.1 16 19 
158.99 159 146 179.99 150 
30 24.33 31.9 35.5 29.99 
119 59 63.52 34.99 58.35 
39 51 48.31 51.54 52.49 
55.99 58 49 59.99 77 
52.56 57.21 57 142 56 
14.99 22.77 29.99 29.9 22.57 
20 34.18 19 18 16.8 
26 29.99 29 26 29 
44.22 49.89 45.04 47.5 45.85 
26.29 25.22 35.99 25.98 29 
19.99 39.99 66 39.99 19.99 
20.76 19.99 73 18.45 19.9 
16 18.9 16 13 13.6 
31 11.29 34.18 45 40.59 
69.9 95.9 93.44 86.07 95.24 
53 49.89 54.08 59.99 49 
17 16 13 17.64 13.99 
19.68 14.7 19.99 19.99 20 
44.58 54.99 48.67 41.22 46 
10.39 19 22.25 17.99 20.76 
257.44 279 289.99 299.99 263.47 
107 105.52 129 96.95 119.99 
199.99 189.99 179 177 179 
98.9 119 98.9 98.9 119.99 
54.9 75.65 79.99 73.19 73 
13.63 19 15 20.76 29 
49 45.57 49 55 43 
15 17.99 15.04 21.99 16 
9.99 36.8 17.99 44 46 
89.9 71.34 99.99 79 139 
69.9 43 124 55.9 119.99 
72.27 81 77 74.42 89 
31 26.89 34.99 27 34.99 
64.08 61.38 61 66.89 61 
69.99 64.9 56.35 102.34 104.94 
179.9 149 149 148.99 149 
34.8 31 35 16.53 39 
13.35 19 34.18 19.99 34.18 
39 31 39.99 44.9 39.99 
17.64 16 13.6 13 19 
19.99 18 16.9 14.52 18.45 
74.42 99.99 89 81 70.89 
121.07 119.9 115 129.9 118.99 
15 20 18 17 20.76 
17.31 17 18.1 18.1 17.99 
29.99 31 34.99 34.9 34.99 
46.03 50 59.99 45 47 
33.49 31 9.9 24.99 59.9 
44 54.99 47.01 50.76 59.99 
57.84 56 43 59.99 59 
94.9 79 99 88.43 52.96 
42.63 57 56.05 51.06 55.61 
51 45.85 42.99 52 52 
20 21.99 16.99 22.25 14.34 
55 46.9 42.4 44.99 45.46 
20.76 14.08 14.34 20 18 
99.9 92.9 106 83.99 97 
18 41.53 36.5 20 34.18 
69.9 58 58 54.74 58 
27 35.67 34.9 35.5 39.9 
58.06 68 142 71 71.51 
59.99 56.05 40.18 51 41 
54 57.84 51 58 51 
46 49.99 44.64 46 41.22 
6.94 71.5 1.99 34 10 
19.99 42 47 39 49.9 
53.9 48.31 52.49 53 59.99 
22.25 15 54.99 10.58 19 
44.08 43 44 86 43 
33.49 32 20 29.99 10.47 
289 59 69.99 58.99 59 
49.99 39 47.01 49 49.89 
53.61 52 53.61 46.99 49 
41.04 44.9 44.99 56.99 49 
57 46.99 49.47 54.08 55 
20.66 14.89 15 14.89 19 
66.99 69 63.59 67 75.5 
53.74 62.71 64 62.71 59.2 
57.84 53.37 53 51 54 
12.67 6.99 12.87 20 11.53 
28.58 29 28.49 29.99 28.49 
14.34 19 16.02 15 10.39 
48.92 44.65 51 44 47 
15.75 13 12.99 27.99 13.15 
17.9 19 18 17.9 21.99 
29 26 24.33 35.99 26.74 
54 45.58 59.99 49 54.9 
18.45 20.76 11.69 18 17 
149 149 149 179.99 149 
133 119.99 129 121.17 139.99 
15.04 13.65 18 18 14.17 
32.41 32.9 25.39 34.99 34.99 
57 51 54 54 56.05 
76.79 128 122 76.77 76.99 
59.9 78.21 66.33 68 64.89 
119 118.99 117.79 129 139.9 
12.58 13.28 12 16 15 
21.99 17.9 15.21 14.1 18 
26 29 17.9 20 25 17.9 25 17.9 13 30 19.9 17 30 18 19.99 17.9 12 19.99 9.95 20 19 14.97 17.9 26 13 29 13 20 30 17.9 14.97 19.99 13.9 35 13 25 14.97 30 24.9 30 21 18 30 19.99 29 35 13.9 15 20.99 21 30 14.97 17.9 26 19.99 9.99 21 20.99 13 19.9 17.9 25 149.99 21 13 19.99 30 19 19 20 35 30 9.99 20 21 30 19 30 30 13 29 35 30 14.97 13 35 25 20.99 14.97 13 20 19.99 30 15 30 17 19 24.9 21 17.9 15.99 13 17.9 22 15 14.97 14.97 17.9 25 22 21 9.95 9.95 21 24.9 30 19 26 15 17 19 14.97 19.99 20 30 25 19.99 19.9 14.97 9.99 30 15 13 22 26 20 14.97 25 29 26 30 9.99 30 19.9 20 29 30 24.9 15 19 17.9 24.9 14.97 14.97 21 30 30 19.9 30 25 15 15.99 26 18 149.99 9.99 15 15 19 19.9 24.9 30 19.99 19 30 24 19.99 149.99 15.99 21 29 17 0 15 9.95 15 15 21 18 13 25 9.95 24.9 20 9.99 17 21 30 26 17.9 17.9 30 15 18 18 19.9 20.99 15.99 24.9 15.99 17.9 30 19.99 15 25 13.9 30 22 14.97 17.9 17.9 15 20 25 22 17.9 15.99 19 19.9 30 19.9 26 20 13 19 9.95 29 9.99 19 13 
