5 240
55.99 49 59.99 54.99 54 
54.5 58.89 45.92 59.99 56.99 
17.9 22.25 18.45 19 19.99 
18.45 14.89 18 14.99 19.99 
89.9 89.99 78.98 79 69 
26.29 30 28 24.33 31 
52 44.9 49 47 53.8 
29.99 32.9 20.83 26 35 
18.45 14 20.76 19 19 
27.68 31.7 28 26.91 39 
54.9 44 54.99 46 42.9 
118.99 129.99 125 119.9 118 
25.24 23.76 29 29.03 26 
59.99 45 46.99 49.47 42.57 
44.99 47.5 47 43 34.9 
19.99 16 13.88 14.89 18 
16.84 12.99 12.58 12 18.05 
24.99 35.67 26.4 24.99 32.99 
34 149 117 122 119 
52.32 51 49.9 62 54 
29.99 42 18.99 16.9 18.45 
179 159.9 149 179.9 145 
109.99 112.99 109 117.5 119 
33.9 17 18.49 39 18 
94.46 99.95 129 104.24 104.24 
49 42 44 43.4 50.99 
59.9 53 59.99 54.7 61.9 
54 51.54 52.47 54 51.44 
46.9 45.46 49.99 44.99 55 
94.5 95.9 69.9 142 95.24 
18 19.99 14.1 19.9 15 
44.22 55.99 50 59.9 62.35 
22.25 15 10.39 15 13.95 
39 61 43 65.58 33.46 
19 67 73 61.17 69.99 
69 57.99 55.61 54.99 43.56 
17.79 19 18 19.9 13.55 
21.99 16 38 20.52 15 
39 49 49 49 52 
93.99 80.81 99.99 52.9 93.69 
45.04 39.69 40.99 43.67 49 
76.4 44.99 60 69.99 45.82 
49.08 57.84 51 48.31 64 
62.37 61 56 69.9 60.53 
20 22.57 34.18 16.8 16.8 
30 19.99 29 13.35 34.18 
58 84.99 99 62 59 
15 11.99 17.64 12.58 13.28 
25.22 29.99 34.99 26 28 
98 82.09 90.78 84.99 92 
33.45 25.31 27.52 36.5 37.99 
16.8 17.98 18 22 35.67 
44 46 42.19 34.9 44 
34.18 18 39.9 34.18 22 
19.99 34.99 32.99 32.5 36.9 
29.99 31.56 29.9 29.99 27.05 
59.99 49.89 49 59.9 45 
189.99 199.99 209.9 179 219 
19.68 17 20 18 17.32 
149 149 145 149 179.9 
119.62 129 34 149 131.32 
16.8 16.53 31 39.99 34.18 
149.99 129.9 119 117.79 118.99 
25.39 19 51 30.77 27 
31 24.33 26 30 25.22 
77 51.43 57.9 55 69.99 
13.28 16 14.99 12.15 17.64 
26.9 30.71 23.63 59 28 
76.79 89 131 119.9 119 
78.99 93.13 89.99 87 90.82 
109 109.99 99.9 109 95 
57 59.99 53 69.9 51 
109 101.99 98.6 97.14 109 
86 44.9 49.99 47.52 44.7 
24.79 28 31.56 26 26.31 
23.94 29.99 53 19 22.49 
29 31.7 25.22 25 29 
73 73 79 72.52 77.55 
20 12.87 11.53 12.67 6.99 
43 54.9 47.36 42.9 38.58 
77.95 61 59.99 55.35 58 
79.39 79 85 92 104.55 
64.35 79.99 69 47 45.82 
54 62 51 51.54 54.99 
36.65 39.9 30.44 33.9 34.99 
23.64 26.5 24.99 22 22 
39.45 34.99 59.99 57 54 
73.9 64.47 63 58.47 65 
73.7 93.99 81 82 79.9 
20.48 41.18 34.99 49.9 37.61 
40.83 34 49.47 47.01 29 
19 19 15.67 14.74 18 
18 9.99 19.99 15.64 9.99 
57.99 51.6 59 59 66.99 
16 17 12.15 18.9 19 
80.81 85.19 108 83.58 81 
30 29 26 28 25 
18 26 14.34 15 19.99 
50.29 49 53.8 29 27.9 
16.75 34.06 36 19.99 14.74 
29.99 22.77 14.99 29.99 34.99 
29.99 31 27.05 29.91 31.56 
69.9 78 43 119.99 55.9 
49 59 66.99 54 56 
42.33 46 48.47 56 54.89 
31.7 26 26 25.22 29 
46.99 54.99 57 51 49.31 
89.99 79.99 73.06 54.99 79 
19.99 20.76 15 20 16.9 
4.99 7.95 19.99 35.9 33.49 
49.9 40.59 37.61 12.08 29.9 
17 11.54 10.39 20.76 18 
9.99 9.9 19 22.25 20.76 
109 99 98 114.99 125.24 
44.22 47 46.3 43.79 49.99 
118.09 116 119.99 124.99 74.99 
19.9 17.64 16 12.99 13.99 
69.99 55.61 68.99 54.9 73.19 
26 29 29.9 25.22 26 
105 52.44 60.28 94.96 124 
34 31.91 36.5 24.79 24.99 
51 75.65 69.99 65 49.9 
34.99 34 59 59 63.52 
9.99 27.06 31.91 25 32.99 
86 43 44.99 54.9 35 
94.5 94 105.37 69.9 86.07 
13 13.28 16 12.15 17 
81 82 80.71 91 80.81 
52.32 51 54 51.8 109 
119 74 68.27 73 105 
45 44.9 59.9 59.9 54.5 
17 19 18.1 17.31 17.99 
119.99 78 69.9 43 64.9 
59 39.99 54.08 49.89 46.99 
54 47.01 59.99 59 54.08 
80.99 129 108 85 89 
17 34.06 17 26 20 
47.5 46.3 47.01 46.3 51 
15 13.78 39 15.49 49.9 
14.34 20.76 15 17 22.25 
27 34.99 27 27.98 27 
59 88.5 69.99 34 56 
32 30 49 9.99 29.99 
19.99 19.99 34.5 18.49 16.63 
68.29 67 69 69.99 64.46 
20.67 24.99 23.64 23.64 22 
26 25.22 31.7 29 24.69 
43 49 40.44 46 51 
66.43 78.21 67 62.85 71 
17.9 11.54 18 13.99 13.54 
24.9 13.6 13.28 12.15 14.99 
15 38 15.04 15.04 18 
59.99 47 51 49 49.99 
22.25 15 19.9 11.54 18.99 
10.58 17.9 10.63 13.53 19.99 
52 43.45 49.47 49.99 54.99 
89 90 76.79 119 80.77 
52.49 53 79.99 51.54 69.9 
34.99 34.9 24.33 34.99 34.99 
53.8 44 49.99 55 46.11 
55 51 51 51.54 49.08 
39 34.18 39.9 16.53 28.51 
149 179 149 148.99 179.99 
72.74 89 77.16 86 76.3 
99 122.39 106.71 116 104 
18.45 20 18 17 22.25 
42.99 49 44.99 51 56 
12.09 10.94 10.99 24 25 
19.99 16.02 18.45 20.76 25 
9.99 9.99 8.25 18.99 19 
11.81 13.15 14 27.5 12.3 
79 155 109.99 179 98.02 
18.45 20.76 19.99 19.99 21.98 
73 70.73 110 109.9 74 
122.39 98.9 127 89 98.9 
89 137.99 119.99 90 140.99 
94.99 122 76.99 119.99 83.69 
99.9 60.93 69 58 41.72 
28.99 69.9 30 25.74 69.9 
54.91 54.99 62.99 70 41.25 
125 20.76 17 19.99 14.52 
59 55.44 59.9 54.44 49.99 
27 28 24.04 23.63 56.43 
40.5 47.24 40.5 49.99 44 
17.64 13.28 14.99 13.6 18.9 
27 27.98 27.29 27 30 
98.72 120.86 59.99 97 49.99 
68 69 79 79 79.99 
66.9 76.47 269.99 97.5 99.9 
273.06 319 274.99 289.99 273.06 
17 14.99 18.9 17.64 16 
39 77 39 49.99 58.95 
52.47 84.68 51.36 63 65 
18.1 16 24.9 17 17.31 
69 78.35 84 87.36 89.98 
55.44 39 118.5 39.99 49.99 
51 79 48.31 51 55 
20.3 11 18.13 25 21.22 
27.06 31.1 42.99 39 30.37 
25.22 34.99 49 20.79 34.99 
25 25 33.95 39 36.5 
44.99 43.41 49 42.99 40.92 
78.24 73 51 74 54.9 
59.99 48.5 49 54 50 
54 48.55 54 62 54.99 
139.9 125.73 139.99 133.04 125.28 
26.91 34.99 34.99 34.9 34.99 
49.99 49.99 46.9 42.57 42 
53.8 42.99 42.99 59 43 
12.15 7.9 13 16 18.9 
59.99 79 54.08 47.01 59.99 
49.08 52.32 51 49.9 49.08 
44.77 47 42.19 44.99 44 
84.99 109.9 88 99 123.99 
29.99 29.99 36.9 30 24.01 
34.99 34 25.39 19 29.13 
12.15 17.64 17 13.6 18.9 
33.45 33 30 37.99 36.5 
17 17 17 27.06 12.15 
37.9 37.5 34.99 34.7 42.9 
55 59 62.35 61.49 49 
108 69 69 43.56 69 
131 184 125 129 118 
22 9.99 9.99 18.04 9.99 
103.98 94.44 94.46 89 89.37 
48.31 62 52.47 53 61 
44.86 55 51 49.99 49 
39 34.18 31.1 40.59 29.99 
51 51.99 33.47 39 24.99 
28.49 12.5 12.51 34.99 19.99 
149 147 149 146 149 
18.91 18 19 19 19.99 
64.46 68.9 63 69 73.9 
27.68 26 29 26 29.99 
9.9 36.5 34.44 28.78 35 
14.99 17.64 16 18.9 18 
108 99.63 102.09 105 99.63 
59.19 94.96 98 94.96 59.18 
16.02 16.99 22.7 55 20.76 
65 56.04 69.9 65.08 65 
25 19 19.9 18 19 20 18 13 30 19 17.9 20 19 19.9 17 24 19 30 19.99 30 12 9.95 9.99 26 30 17.9 13 17 20.99 35 24.9 20.99 19.9 30 19.9 20.99 22 15 25 20 24 19.99 29 25 30 18 30 15 19 35 15 18 20 17 14.97 21 13 24 24.9 25 9.95 19 15 18 9.95 30 21 29 19 17.9 21 17.9 9.95 20.99 17 12 14.97 17.9 14.97 17.9 25 9.95 24.9 17.9 13 30 13 30 19.99 25 12 17.9 9.95 15 15 26 30 9.99 21 35 14.97 17.9 14.97 13.9 15 19 21 20 15 30 24.9 13.9 30 20 18 19.99 35 30 18 15 29 15 21 14.97 17.9 15 17 35 13 16 15 15 14.97 21 29 20 21 30 15 15 14.97 13 19.99 26 29 20 17 17.9 17.9 30 35 15 20.99 19.9 20.99 25 13.9 17.9 9.95 17 17.9 17.9 9.99 13.9 13 15 18 19 14.97 24 29 35 13.9 19.99 14.97 19.99 30 21 35 15 24.9 20.99 24.9 13 30 25 30 14.97 19.99 20 35 13 20 35 12 25 17.9 15 15.99 19 30 26 16 19 18 19 19.9 20 26 15 19 30 30 21 21 21 19 30 15.99 21 18 19 20 14.97 19 20 25 24.9 29 30 15 17.9 18 19.9 14.97 15 20 22 25 15