5 240
61.01 70 69.8 39.9 32 
22.25 14.39 20.76 10.39 18 
111.15 107.05 119 115 106.4 
98 60.28 98 105 52.44 
57.99 43.56 41.25 69 64.18 
16.02 15 14.34 18 20 
29 28 24.69 26 26.9 
22.25 21.99 18 16.02 14.34 
19.99 19.99 16.02 14.34 21.98 
56.05 59.99 59.99 51 59 
14.99 18.9 13.6 13.28 14.99 
15 13.88 15 13 19 
47.01 47.5 55 51 47 
21.99 14.72 18.99 17 19.99 
24.69 34.99 26 28 34.99 
289 65 60 55.97 69.9 
52 55.99 46.99 59.99 52 
49 37.99 54.99 53.06 39 
59.99 59 52.9 56 61.99 
51 54 55.61 59 51 
30.84 26 23.76 29.03 25.24 
92.56 82 89.98 57.16 108 
28.9 34.99 34.99 31 30 
4.7 4 16 16 14.99 
29.99 28.9 34 34.99 24.99 
58 139.99 46.99 49 49.9 
79 49.9 41.5 49 44.99 
18.9 14.99 18 13 14.99 
32.9 25.68 29 25.39 69.99 
49.89 47.01 46.9 44 52 
63.59 69 73.9 63.99 79.9 
28.8 49 73 69.99 65.62 
25.57 28.99 30 26 25.22 
31.7 29.99 25.22 29.99 28 
55.99 53 49.08 51 51 
39 46 46.9 46.3 51 
19.99 16.9 14.34 14.08 16.9 
18.1 17.31 21 17.99 19 
99.9 76.47 65 62.17 66.9 
59.99 49 46.19 55 58 
34 25.76 34.99 34.99 30 
36.5 26.05 34.18 37.9 39 
98.9 99 106.71 119 194 
69.9 59 69.99 57 58 
32.9 34.18 22 18 18 
28.71 30.9 24.99 27.17 32.99 
42.79 55 44.22 53 49 
35.5 25.74 69.9 27 28.99 
46.11 47.01 45 34.99 21 
32 27.17 35.67 31.1 28 
24.99 25 39 25.49 25 
58 61.5 59.18 59.99 53.15 
104.89 97.14 109 109 105 
19 20.76 17 14.39 18.45 
38 41 34 42 36.99 
21.99 15 20.52 18.45 11.54 
59 54 59 52 45 
17.9 20 39.9 39 23.23 
129 74 129.8 127.27 129.99 
19.9 17.9 69.99 35.67 30 
43 111 109 49.99 62.9 
40 47.99 42.93 49.99 46 
53.9 48.31 61.9 69.9 34 
54 53 62 49.08 51 
62 59 58 58 58.43 
75 99.99 76.3 88.5 73.8 
57.21 59.13 52.56 69 59 
49 45.73 49 46.99 47.01 
25 24.99 35.67 25 24.79 
31 48.99 27.05 29.99 24.59 
48.31 56 55.99 56 43 
73.9 67 63.59 78 63.99 
89 89 60.22 91.02 59 
17 12.15 16 18.9 21 
58.99 49.99 49.99 54.99 60 
34 53 46 39.69 46.99 
15 18.45 20.66 14.99 14.89 
45.9 42 43 36.78 40.59 
20.76 22.25 14.49 19.99 10.39 
19 18 11.54 14.79 16.99 
48.94 49.84 51 43.74 54 
51 55 56.05 57.84 124 
99.63 103 110 99.63 95.91 
26.46 24.69 34.99 29.99 27.68 
34.18 60.93 66.36 31 39.99 
33 35.67 34.18 29.99 35 
67.8 69 46.24 89.9 76.99 
34.99 28.99 29.99 26.06 31 
47.01 53.8 51 34 44.99 
17 18 17 19 35.99 
86 69 67.35 65 69 
55.37 69.99 151 60 89 
44.4 44 40.67 47 47 
89.9 79 67.8 99.99 79.9 
11.54 17 19 18 18.45 
47 44.77 44 45.13 44 
65.22 62.85 84.9 58.06 78.74 
16.53 41.53 18 18 23.23 
59 42.9 43 43.67 43 
43.6 44.08 46 43 44.9 
14.12 18.45 19 3.9 18.5 
30.9 13.66 16 17 21.99 
25.49 35.67 39 33.95 31.91 
34.99 26 31 34.99 34.99 
31.7 25.22 29 26.97 24.69 
53 47.01 49 54.08 49.89 
26.85 26 28 28 34 
47.19 47.19 40.16 44.55 49 
59.99 59.99 59.99 48.99 52 
54 46.99 59.99 139.99 58 
13.28 12 19.9 18.05 12.58 
58 84.99 60 65 57.75 
110 129 99 119 103 
119.62 19 39 39 149 
49.2 49 55 34 49.9 
179 149 147 149 154.99 
26.5 29.99 24.99 21.9 22 
99.99 61.96 89 64.28 141.5 
14.05 15 14.99 13.95 16 
13.11 13.35 16 18.45 29 
123 119.9 76.99 140.99 119.99 
28.74 25.08 26 26.93 27.45 
29.01 27.3 73 62 65.99 
24.79 25 24.99 35.67 25 
57 59.99 60.3 79 58 
54 51 52.47 51 51.44 
26.31 89.99 28.51 28.71 39.99 
19 26.4 28 80.99 9.9 
55.99 62.57 79.99 79.99 62 
28.99 29.99 20.67 25 26.99 
14.34 16.02 18 18.89 15 
49.99 42.99 52 49 44.99 
24.75 26 26 34.99 27.21 
24.33 26.64 28.74 27.45 113.75 
18 18.61 19 34.18 16.8 
109.99 93.6 155 159 79 
123.39 129.9 115 125.42 129.99 
29.99 30 29 31.7 29 
15.99 18.9 16 17.64 13.6 
77 55.45 59.99 60 69 
118 108.92 153 108.22 109.8 
55.61 55.61 51.06 56 51.54 
44.99 45.82 64.35 45.82 57 
14.49 19.99 18 19.9 15 
112 99.9 99.9 142 104 
110 109 119 110.28 119 
54 51 51.54 56.05 19 
64 64.93 57.9 62.99 43 
14.11 18 17.99 44.9 16 
83.69 135 88 76.77 123 
19 19 19.99 19 22.03 
61.91 65.58 69 33.66 33.46 
16.02 35.67 19 22.25 15 
27.06 31.91 9.99 39 29.99 
75.9 51 48.31 59.8 73 
33 31 29 27.76 27.84 
124.99 118.08 119.99 131.32 116 
77.99 66.99 56 52.49 54 
29 28.04 49 26.9 31 
119.9 119 123.39 107.49 119 
14.89 18 10.39 13.74 19 
20.76 17 19 11.54 15 
16.35 14.74 17 17 17 
73.06 79.99 79 55 54.99 
52 39.9 42.99 53.8 27.7 
27.3 69.99 25.64 23.23 29.01 
13 16 12.15 17.64 21 
89 55 50 51 52.49 
82 99.99 76.99 81 91 
89.99 105.91 114 99.9 108 
25 23.94 69.99 69.9 23.94 
136.99 109 99 89 119 
53 49.99 59.99 46.6 50.29 
32.67 16.53 36.5 22 39.9 
119 118 110 119.9 117.48 
34.18 34.32 25.99 30 26.05 
89.99 80.71 62 109 90 
44.22 49 54.08 59.99 59.99 
115 108.92 65 111.71 153 
49 48.5 59.99 50 49 
17 20.76 16.02 22.25 14.34 
13.13 17 19.9 13.46 15 
69.99 59 54.74 61 58 
113.65 86 151 69.99 91.02 
69.9 9.78 69.9 25 37.99 
22.25 19.99 18.45 19.99 19.99 
51.99 51 49.84 53 119.9 
44.9 22.25 49.9 20.76 18.99 
47 55 29 48.5 49 
79.9 77 75.88 81 80.71 
16.99 20 18 16.9 20.76 
28.04 22.99 31.89 27 29.99 
29.99 34.99 29.99 29.9 14.99 
18.9 19.9 16 11.99 15 
59.99 55.42 89 66 89.99 
20 22.03 16.75 33.9 15.67 
74 73 109 70.73 65 
34 53 52.49 51 53.9 
54.08 54 49.47 54 49 
92 89 55.37 59 69.99 
43.94 43 39.99 37.9 42.9 
22.57 22 39.9 31 18 
16 18.9 13.28 13 13.6 
51 61 52.47 54 53 
13.28 18 17 13 7.9 
61 58 69.9 59 69.99 
29.99 29.9 33 36.5 30.75 
76.3 88.5 77 95.99 74 
19.9 18 12.15 17.64 13.27 
33.62 12.87 12.67 6.99 9.99 
129 117.99 129.9 123.39 119 
14.89 18 44.28 14.05 15 
31.91 29.99 27.06 32.99 33.95 
9.99 24.58 34 35.5 24.33 
41.86 106 55.61 54 56.05 
41.22 43 45 48.67 54.99 
26.4 30.9 25.52 35.67 32.99 
20.76 16.9 22.99 16.99 18.45 
43 36.9 40.69 37.5 43.94 
69.99 59.01 91.02 59 60 
46.14 56.99 47.12 44.12 77 
29.99 29 38 31 27.68 
86 59.01 58.9 117.13 151 
109 97.5 107 109 85.9 
22.49 29.9 24.53 23.94 26.73 
31.99 69.99 58.6 25.39 63 
43.37 29 49.89 49 52 
84.99 99.9 93 82.09 86.72 
78 119.99 55.9 124 43 
28.71 30 32.9 32.41 25.88 
13 19.9 11.99 4.7 16 
14 10.39 19.99 19 18 
62 45.82 77.9 57 39.87 
69.99 52.99 69.99 65 60 
49.99 49.99 44 43 46.18 
77.9 49.99 57 79.99 59.99 
69.9 59 69.99 57 57 
29 46.3 34.9 44.99 46.3 
89 82 79 77.2 88.5 
29.99 33.46 51 24.99 33.66 
18 20.99 20.99 30 13.9 21 25 19.9 9.99 21 15 30 17.9 13 9.95 30 35 30 26 19.99 30 18 19 30 24.9 15 23 17 9.95 20.99 30 19 17.9 17.9 19 18 14.97 19 19.99 24.9 17 20.99 19.99 15 15 25 35 19 30 15 13.9 30 14.97 24.9 19 20 25 19 24 28 24.9 13.9 26 13 20 14.97 20.99 19.9 30 17.9 30 19.9 15 19 21 30 29 17.9 30 29 13.9 18 13.9 21 21 19 25 19.9 18 18 25 19.99 20.99 19 13 20 20.99 15 19.99 24.9 22 13 24.9 19.99 17.9 30 19 30 24.9 24 30 30 18 30 19 13 13 13 15 30 15 30 19.9 14.97 19.9 17.9 29 13 17.9 19.99 19.9 17.9 14.97 21 15.99 21 30 17.9 15 19 20 19.99 26 30 19.99 12 17.9 13 15 12 17.9 30 30 19.9 20.99 17.9 21 24.9 30 23 25 13.9 19 25 149.99 21 17 20.99 9.95 17.9 15 13 19 13.9 21 18 17.9 29 29 15 30 15 17.9 26 14.97 30 35 35 25 19.99 24.9 18 14.97 15 24.9 21 18 21 18 24.9 14.97 17.9 9.99 17.9 30 14.97 20.99 25 30 15 30 17 19.9 19.99 15 18 30 17 25 25 13 17 30 14.97 29 19.9 24 18 19.99 13 15 35 18 19 19.99 24.9 17.9 14.97 17.9 20