5 240
16.8 22.57 34.18 19 20 
14.99 17.31 17 19 18.1 
79 79.9 75.7 77 77.16 
19 15 14.34 22.25 39.99 
27 30 31 27.56 28.71 
42 46 41 46 39 
67 59.8 60 61 61.54 
72.91 86 88.5 64.82 69 
35 45 34.18 34.18 35.67 
83.58 89.98 57.16 75.99 85.19 
48.5 42.99 55 44.99 40.83 
57.27 57 56.05 56 49.48 
15 22.25 10.39 19 20.76 
108 110.16 114.91 85 107 
18.99 16.9 42 14.72 18.45 
31 34.18 18.61 18 38.99 
49.08 48.31 53 55.99 62 
45.9 49.99 49 44.87 48 
79 52.49 64.99 51 48.31 
24.69 29.99 29.99 34.99 28 
14.89 17 14.99 14.89 18 
22.25 15 19.9 13.89 19 
21.99 22.25 14.34 24.99 25 
26.85 26 24.59 28 26 
99.9 79.39 79 99.9 99 
16 14.89 19 15 17 
79.9 59 108 81 79 
16 13.99 18.05 19.9 16.84 
19.99 11.54 15 10.39 17 
18 32 19 19.99 17 
55 49 44 46 43.79 
31 24.69 25.22 26.5 34.99 
29.99 20.48 40.59 29.9 20.47 
32.99 18 22.03 17 16.75 
28 24.69 29 34.99 26 
49 87 52.77 47.01 39.9 
55 34.99 40.29 44 52 
59.9 54.5 49.07 41.98 49.9 
19.94 29.99 29 23.94 22.49 
56 67.9 69.9 60.53 69 
32 19 34.06 36 17 
78 48.31 79.99 54.99 69 
18.45 13.83 15 22.25 16.02 
44.87 49.98 43 45.9 49.99 
111 108 106.95 105.52 108.22 
129 128.54 99 119 113 
19 22.25 20 17.9 20.76 
19 23.23 16.8 19 15 
47 44.11 61.01 62 64.35 
59.99 46.9 45.57 44 50 
89.99 78.99 97 93 94.9 
61.5 58 53.15 86 59.99 
46 42.33 46 46.9 44.99 
39 20 19 26.05 39.9 
52.59 62 48.55 54 54.99 
50.7 49.99 46.36 37.99 54 
34.18 29.58 39.9 17.9 36.5 
55.61 62.37 61 60.53 56 
48.31 52.59 54 54 51 
24.33 29 30 27.8 26 
18 18.45 19 20 17.9 
146 140 179 129 86 
29.13 71 29.13 69.99 80 
56.05 48.31 55.99 57 56 
74 125 108 44.99 123.51 
31 39.54 35 40.59 29.99 
25.22 34.99 43 31 26 
75.74 71.46 77.2 69.16 74.42 
99 105 95 94 88 
53 48.5 47.01 46.99 49 
22.25 14.34 20.76 18 16.99 
34.99 28.35 31 34.99 34.99 
28.91 28.91 79 32 30.51 
30.69 34.99 29.99 34.99 29.69 
10.39 14.99 17 13 11.54 
89 79.9 81.15 118.5 79.99 
21 18.1 15.19 17.99 17.31 
25.49 33.95 39 36.5 24.99 
31 34.18 19 19 30 
12.86 9.99 17.9 13.86 11.38 
63 69.99 62.99 64 64.93 
61.49 55.35 77 49 49 
18 20 14.74 16.9 19.99 
29 31.63 29.99 33.95 34 
42 39.99 36.78 38 46 
30 29 27 31.89 22.99 
52 51 44.22 49.47 49 
55 51 69.99 54 69.99 
56.99 47.52 77 44.12 50.11 
15 14.12 11.54 19.9 11.69 
59.99 47.01 46.99 55.99 52.93 
11.69 17 20.76 17 18.45 
51 69 70.36 54.9 78 
93.99 82 82 83.77 80.71 
87.12 83.98 89.99 92.9 89 
40.67 47 45 44.9 44 
80 84.99 78.9 79.46 85 
95.99 79 86 89.9 88.5 
26.9 23.63 59 26.9 27 
74.42 82 79 71.46 75.74 
47.01 53.8 43 47.01 49.47 
13.28 17 18.9 16 13.78 
22.25 26 19 18 15.32 
117.5 136.99 109 119.99 109 
53 59.99 55.44 54.69 59.99 
19 16 17.9 15.21 20.52 
80.78 99.99 99 86 87 
65 62.52 58 58 58.84 
15.8 17 17 11.54 15 
52 49.99 86 59.99 44.9 
25.64 62 27.3 73 29.01 
39.99 25.99 19 16.02 13.47 
36.33 45.66 69 45.66 41 
20.76 14.49 15 19 19.99 
179.99 149 147 149 158.99 
49.9 18.45 18.99 19 18 
13 12.15 13.99 14.35 17 
17.9 3.9 19.9 17 18.5 
149 159.99 149 179.99 146 
119.99 99.9 105.93 99.99 59 
119.99 109 43 99.9 119.99 
69.99 51 53 45 59.99 
29.99 20.83 26 31 33 
26 31.7 25.22 29.9 26.91 
99 99 129 119 89.99 
29.9 26.53 24.93 26.73 34.99 
51 49.99 55 51 61 
25.9 28 26 26.29 26 
34 29.99 29.99 26.5 31.63 
18 15.04 17.9 21.99 14.1 
65 41.72 56.04 65.08 65 
18.45 13.53 10.39 17 17.9 
59 59 55.99 59.9 61.49 
49.99 49.99 44.99 42.9 47 
12.99 13.6 12.15 17.64 13 
124.67 122 137.99 89 89 
22.03 16.63 16.77 18 18.49 
49 30.9 27 39 30 
34 58 47.93 54 69.99 
125.42 119 129.9 124 129 
37.63 33.98 29.99 39 40.59 
39 42.9 34.18 39.99 36.5 
109 129 109 102.66 119.99 
10.39 19.99 17 13.88 14.89 
59.99 55.9 56.05 51 59.99 
26 29 31 26.74 26 
62 58 60.93 65 59 
113 116.13 99 99 129 
45.73 57 50.76 47.01 45 
19 18.45 22.25 10.39 20.76 
109 108.56 107 109 119 
34.99 39 29.99 34.9 31 
39 16.9 35.67 19 19.9 
28.71 25.8 31 34.18 29.99 
55.99 51 56.05 53 54 
9.99 27.06 14.59 18 17 
69.98 70 62.99 43.56 54.9 
86 79.9 69 99.99 92.56 
77 80.71 79.9 80.71 81 
28.71 29 30 25.88 25.68 
26 42.63 34.99 28 129 
56.05 49.08 59 51 55.44 
31 28.99 34.99 31 27 
10.49 9.99 9.99 9.99 15.55 
44.9 44.9 79 30.99 43 
54.99 47.01 52.77 47.01 48.5 
56.05 33.66 33.47 24.99 39 
25.85 35 34.18 18 19 
99 108.5 90.66 98 100 
15.84 18 19.99 19.68 19 
11.99 13 18 17.64 12.15 
14.99 13 21 14.98 17 
65.9 59 67 64.08 65 
39 19 32.99 18.49 20 
80.81 83 73.7 91 82 
149.99 159 157 159 189.99 
119 108 118.5 82.34 69.99 
69.99 59.99 83.94 77 50 
82 81 69.16 79 79 
54.99 67 59 58.84 79.99 
10.47 32.99 10.43 34.99 12.5 
69.99 64.54 67 79.99 60 
14.12 16 4.99 17 19 
56.05 59.9 55.44 59 54 
15 20.52 18.45 17 14.12 
21.98 14.34 16.02 20.76 18 
43 48 40.16 46 46 
13 13.6 13.28 16 18.9 
69.99 59.99 48 48 86 
62 72.5 41.72 65 55.45 
63.36 53.15 77.95 59.99 59.18 
44.99 87 99.99 80.71 82 
87 81 81 89.99 99.99 
15.03 10.58 17 18 10.63 
51 29.99 51 51 33.46 
35 29 44.9 55 49 
65.58 61 69 69 55.61 
18 13.5 14.34 22.25 18.45 
58.35 59 34 59 34.99 
45.77 49 29 49.99 55 
41.34 49.99 44.77 43.99 48 
17.9 49.9 29 35.67 19 
29 29.99 28.99 54 19.94 
29.9 26 34.99 25.22 28 
123 119 172 124 119 
11.29 29.99 31.1 42.99 34.18 
25.22 31.7 25.22 26 34.99 
32.55 31.98 65 33.15 35.67 
55 119 81.15 119.9 79.9 
15.09 17.9 13.65 14.17 15.04 
61 57.2 57 58 58 
32.9 20.83 31 34.18 26 
19 15 11.54 13.99 10.39 
99.9 129.99 62.17 99.9 84.6 
80.9 85 81 80 78 
27 29 29 29.99 43 
61.29 29.99 56.34 59.99 18.45 
54 39.6 49.9 49.08 51 
13.28 14.35 18.9 13.99 12.15 
46 49.47 49.89 45.57 39.99 
16.75 22.03 19 17 19.99 
80.78 99.99 75 87 79 
18 26 15.67 34.06 17 
86 75 79 99 87 
99.98 79.99 95 76.99 99.99 
29.99 25.22 26 26 30 
31 31.7 25.22 26.74 26.97 
31.56 29 28 26 24.79 
59.99 48.67 65 102.34 57 
44 49 47 53 46.99 
19.9 14.99 13 17.64 16 
15.67 18 14.74 16.75 17 
54.99 34 54 49.99 49.48 
23.94 31 19.94 64.9 28 
39.99 26.31 28.51 89.99 28.71 
16.9 19 10.39 20.76 22.25 
108 89 83.99 99.99 83.98 
29.99 28.71 32.11 34.18 29.99 
50.76 77 52 44.22 39 
43 51 51 51.44 79.99 
21 17 35 24.9 17 20 22 30 30 30 30 18 20.99 149.99 15 15 20 35 18 9.99 15.99 29 15 17.9 15 19.9 26 19 24.9 17 22 30 13 15 18 19 22 25 17 22 20.99 19 13 19.99 25 26 15 19 24.9 19.99 19 30 30 21 20 15 12 22 30 18 15 20 20 22 12 30 14.97 29 19.99 22 21 14.97 13 14.97 29 14.97 30 24.9 15 13 22 26 13 21 18 17.9 12 17.9 30 20 149.99 15.99 19 17.9 26 15 29 15 17.9 17.9 18 19 21 12 30 20 23 30 35 13 21 15.99 19 30 25 24 21 15.99 9.95 19.9 18 13 29 21 14.97 25 25 25 14.97 29 15 20.99 17.9 15 15 24.9 13 35 18 15 22 15 24 30 22 25 35 30 30 30 26 19.99 25 13.9 17.9 15.99 19.99 14.97 17.9 17 15 17.9 14.97 15 30 19 25 12 15 15 19 35 22 22 22 9.95 25 35 17.9 26 9.99 20 25 21 30 15 35 21 26 24.9 15 17.9 18 13 18 19.99 24.9 19.99 19.9 17 20.99 24 15 13 14.97 15.99 19 19.99 19.9 13 9.95 24.9 15 30 20.99 20.99 19.99 19 19 30 17.9 24.9 19 24.9 149.99 19 22 17.9 29 22 21 17.9 19 15 30 15 9.95 19.9 24.9 19.99