5 240
34.18 39.99 28.71 29.99 34.18 
18.45 16.9 16.99 13.83 16.9 
44.99 89.99 89 87.36 84.99 
28 56.18 27.05 59 19.94 
57 59 52.46 69.9 69.9 
18 59.99 89.99 89 55.42 
28.8 73 29 49.99 19 
55.61 56 55.61 48.31 43 
53.61 52.66 58 54.99 51 
29.9 29.99 28 29.99 29.91 
27 26 34.99 24.04 56.23 
51 52.47 54 59.99 59 
80.78 86 79 52.96 79 
28 113.75 27.45 30 26 
53.61 59.99 55.99 53.61 54.9 
49.99 54 59.99 45.76 39 
20 28.71 18 34.18 17.98 
16.02 21.99 20 16.99 20.76 
26.74 25.22 28 29 29 
18 18 16.75 19.99 15.67 
20.76 18 19.68 13.55 22.25 
31 38.9 34.99 29.7 34.99 
54.99 46.19 45 57.03 52 
23.94 129.9 51.22 28 22.49 
98.72 97 59.99 120.86 49.99 
33.49 32 34.99 19.9 29.99 
48 52 49.89 55 51 
9.99 19.99 10 10.49 9.99 
39 18.49 19 16.75 22.03 
151 189.99 159 149 148.99 
42 16.9 16.9 18.99 17 
79.99 109 97.5 104.99 119 
19 51 35.5 51.54 34.63 
219 189.99 199.99 179 209.9 
132.38 129 119.9 129.99 131 
54.33 79.99 58 58 65 
125.28 149 125 123 121.17 
49.89 49 49.47 53 55 
54.99 15.01 70.11 10.63 19 
29.99 4.99 22.77 34.99 14.99 
59.99 55 50.43 77 44.22 
47 44.11 45.82 61.01 57 
19.99 17 14.7 18 17 
49 44.77 42.99 47 47 
25.39 34 56.05 30.77 51 
15 19.68 14.3 22.25 29 
45 42.99 48.92 43.67 52 
179 109.99 93.6 179.99 150 
51 53 49.08 51 33.66 
69 61 55.61 65.58 43 
54 69 56 57 55 
24.69 28.58 28.49 29.99 28 
38.9 29.9 30.19 31.68 30 
34.99 39.99 29.99 26.53 25.74 
49.08 47.93 61.9 59.99 48.31 
69.99 36.33 59 39.51 34.38 
92 86 117.13 94.99 89 
39.9 20 18 20 19 
61.54 61.91 61 65.58 33.66 
56.05 51 52.47 51.44 51 
19.68 17 18 20 14.7 
29 30 43 48.5 29.99 
79 87.33 65.99 72 79 
29 26 28 28 29 
48.5 46.75 49 53.8 47 
36.6 9.99 41 36.8 17.99 
59 64.08 62 61 67 
15 10.63 22.25 19 70.11 
12.5 28.49 32 12.51 34.99 
29.99 26 29.99 25.22 26.91 
14.49 18 18 17 15.03 
119.99 125 123 132 123 
39 41 49.99 42 18.49 
29.99 28 31 26.29 28 
279 289 285 279 273.06 
125.42 129.99 172 118.36 119 
51.36 47.36 65.82 65 84.68 
18.45 17 14.39 17 18 
109.99 119.99 74.99 70.01 115 
59.99 54 55.61 51 48.31 
34.99 40 34.76 35.99 34 
27.68 29.99 29.99 28.58 29.99 
31.91 39 25 32.98 35.67 
90.09 88.9 100 79 94.9 
15 14.34 22.25 14.08 16.9 
129.99 139 44.99 125 74 
109 29 48.5 43 28.71 
43.91 45 45.9 29 45.99 
26.5 29.99 34 29 31.63 
47.24 38.58 45 42 42.96 
13.35 29 42.99 13.11 19.99 
44.99 47 34 49 44 
62.17 62.37 93.69 97.5 66.9 
34.18 34.18 16.8 18 19 
48.92 44.99 43.32 49 44 
40 49 44.99 44.9 41.04 
23.99 23.64 24.19 19.49 22 
57.9 14.99 62.99 69.99 62.99 
34.99 1.99 10 6.94 39.99 
119.8 103.94 122.5 122.07 112 
40.16 44.55 49 46 47.19 
103.94 114.99 112 119 117.54 
25.22 28 30 31.7 26.74 
129 104.61 110 99.63 99 
79 49.9 56.99 41.04 41.31 
39.17 39 36.5 34.18 26.05 
19 20.76 11.54 19 18.99 
38.9 35.5 34 29.9 32 
151 149.99 149 189.99 158 
59.99 44.99 49.47 54.99 49.89 
12.58 19.9 15 12 18.05 
24.69 26 31.7 29 28 
61.5 53.15 86 59.18 63.36 
32.67 20 39.9 34.18 39 
25.57 25.22 28 34.99 28.99 
14.74 19.99 35 22.03 19 
17 10.58 18 19 18 
99.9 105 104 114.12 112 
20 13.47 19 14.34 20.76 
9.99 20 19.9 20.2 9.99 
54 77 56.99 47.52 47.12 
28.49 29.99 29 29.99 34 
46.9 46.89 29 52 44 
83.69 122 76.99 94.99 119 
22 23.23 17.9 22.57 31 
29.99 29.9 23.94 53 19.94 
44.22 42.57 55.99 54 55 
22.57 32.67 19 20 16.53 
33.45 30 33.45 37.99 33 
59.9 48.31 51.54 51 55.44 
30 27.06 69 60 44.9 
75 42.9 109.9 73 84.5 
12.67 9.99 6.99 12.48 11.53 
28 29.99 91 34 9.9 
117.5 119.99 89 109.99 109 
22.78 29.99 29.99 25 24 
65.62 49 61.17 28.8 76.05 
58 59.99 59 55.35 64 
34 27.87 31.68 30.2 30 
86 16 19 18.45 17.9 
34 34.99 26.73 29.99 62 
179 199.99 189.99 179 177 
99.99 89.9 72.01 84.99 77 
109 49 39.9 49 49.99 
18.9 19.99 4.7 19.9 17.64 
19.99 19.99 22.99 20.76 25 
7.69 19.99 34.99 29.99 9.9 
46.99 59.99 50.76 43.95 52 
39 40.59 31.1 35.67 29.99 
51.54 48.55 54 62 48.31 
49.99 21 32.9 46.11 40.29 
16.35 17 19 35.99 16 
73.35 78.26 76 84.9 75.65 
52 49.2 43.45 51 49 
18 14.74 17 19 18 
12.86 13.86 9.99 9.99 9.99 
43 15 22.25 19.99 14.34 
51 56.05 69.9 53 64.99 
34.18 39.9 35 29.19 32.09 
79.99 118.5 149.99 55 103.15 
30 30.51 79 43 28.91 
11.54 17 18.45 14.12 15 
43 79 34.76 38 38 
9.13 25 18.48 37.99 69.9 
9.9 9.9 9.9 36.5 35 
209.9 189.99 179 189.99 199.99 
94 119.99 96.69 99 100 
15 15 21.99 20.52 44.9 
61.52 69.9 60.53 69 62.37 
69.99 65.99 25.64 27.3 62 
57 51.54 52.32 59.99 48.31 
34.99 29.7 34.99 38.9 30.99 
73 72.52 69.9 74 67.91 
16 17 3.9 19 19.9 
43 83.43 91 93 92.29 
29.99 23.64 25 22.78 26.5 
179 146 145 86 135 
51 52 42.19 46 34.9 
18 19.99 19.99 16.02 18 
104.99 100 100 90.41 99 
59 70 61.01 63.33 66 
20.67 25 24 24.99 23.64 
109 111 129 85 108 
24.99 27.06 39 31.91 16.04 
40.92 46.3 46 53.8 46.3 
59.9 70.11 62.86 75.99 72.5 
55 46.3 53.8 42.99 44 
129 103 109.77 110 99.63 
17.64 13.28 12.15 16 18.95 
194 115 119 119 111.15 
13.6 18.9 17 12.15 14.99 
54 73.9 55 89 53 
59.99 66.83 64.46 68.29 73.9 
29.9 49 34.99 34.99 30 
24.99 21.99 23 25 22.25 
18 18 18 18.45 13 
12.5 32 28.49 32.99 34.99 
58 59.99 59.99 52.46 83.94 
69 44.99 41.25 108 54.99 
61.52 69 69.9 79 61 
44.22 43.91 49 47.5 47 
69 35.67 27.17 60 28 
31.9 28.99 22.49 30 29 
66 29.13 67.9 61.18 59 
85 68 89 81 99.99 
79.9 68.84 77 89 77 
29 30 28 26 27.68 
24.62 28.49 34 34 29 
29.99 26 33 32.9 26 
84 89 137.99 119.98 109 
27.68 28 29 26.99 31.7 
59.99 51 39.9 50.76 54.99 
57.84 55.99 56 48.31 59 
26.01 23.76 25.24 26 29 
17 21.99 18 14.72 18.99 
56 42.99 109 44.99 49 
14 39.9 38.8 49.99 13 
16.75 16.63 15.67 19.99 14.74 
45.85 29 47.01 43.37 44.22 
55.35 58 59.99 77 55.35 
61.49 59 44.22 49 59 
59 71.7 69.8 32 61.01 
43 119.99 100.19 99.9 64.99 
104.99 103 108 109 99.04 
17 18 26 34.06 17 
18.05 12.58 15 12 19.9 
81 86 69 95 79 
17 14.74 22.03 16.75 33.9 
69 56 54 50 79 
64 61 58 58 63.36 
52.93 55 52 53 55 
56.05 54 54 38.61 57.84 
149 145.4 159.9 179.99 150 
44.22 56 51 52 29 
11.69 18 18 15 10.39 
48.76 53.43 29.99 29.99 36.9 
119 59 59 64.99 58.35 
55 47.77 59 63.5 55 
179.9 179.99 149 145 159.9 
35.5 31.5 26.91 24.58 29.99 
29 15.99 9.99 17.9 35 19 30 26 24 18 20 9.95 19 30 24 15 12 29 17.9 25 15 9.95 19 17.9 14.97 24 22 35 17.9 25 13 19.9 19.99 149.99 9 30 14.97 21 21 14.97 22 18 24.9 18 17.9 22 20.99 13.9 13 22 25 14.97 13 29 13 15 21 17.9 19.9 20 30 25 24.9 20.99 19.9 15 24 15 30 13 15.99 23 30 20.99 20.99 21 20 15.99 26 18 22 20 30 21 13.9 30 14.97 25 14.97 29 17.9 19.99 21 30 35 30 19.99 13 24 23 22 15 17.9 9.95 20.99 22 20 29 25 19 15 19 21 22 20.99 22 13.9 12 30 14.97 24.9 14.97 149.99 25 17 19.9 12 24.9 20.99 24.9 29 13 15 19.99 9.99 13 30 17.9 24.9 21 25 11 30 12 17 15 30 149.99 15 13 19.9 18 24.9 17.9 20 19.99 13 17 14.97 13 19 22 30 13.9 20.99 24 15 20.99 22 21 30 13.9 29 25 9.95 9.99 20.99 22 29 9.95 22 30 9.95 14.97 14.97 13 19.9 22 35 23 9.99 13.9 15 19.99 13.9 20 15 9.95 19.99 13 14.97 17.9 17.9 25 19 15 20 17.9 17 19.99 17 15 22 35 9.99 30 21 30 18 18 35 26 9.99 14.97 15 15 13 13.9 18 20 15 25 9.95 17.9 30 30 29 29 25 25 
