5 240
47.5 49.47 46.3 47.01 55 
18 19 19 23.23 18 
46.12 54.08 45.58 39 59 
45.85 49 49.99 49 49.47 
16.84 12 12.99 13.28 12.88 
129.99 84.6 65 93.69 76.47 
88.9 90.09 87 89 78.99 
45 49.98 47.88 48.9 49 
86 45 47 48 54 
34.99 28 29.9 19.99 49 
13.28 13.6 18 18.9 21 
69 64.08 65 65.9 61.38 
45 34 26 45.9 30 
57.9 69.99 69.99 62.99 69 
138 83.69 131 119 119 
97 129 89 94.46 103 
22 16.53 26 39 35.67 
89 99.9 108 92.9 83.98 
53.8 44.99 47.01 59.99 52 
29 16 30 18.5 13.35 
32.09 42.99 34.18 33 35.67 
9.9 20 29.99 7.69 19.99 
17 14.72 29.99 18 18.45 
57 59 53 54 52.47 
78 89 74 73 73 
29.13 29.13 14.9 39.99 27 
14.99 26.7 23.76 19 33.9 
44.9 47 55 49 47.01 
69.99 36.8 46 36.6 41 
51.06 56.05 48.31 49.08 42.63 
58.18 49.99 49.99 37 116.35 
47.01 49 51 49.89 34 
44.28 14.59 14.89 18 19 
73.5 32 28.49 59.99 34.99 
70.89 69.16 79 77.2 99.99 
19.9 13.6 12.58 11.99 13 
56.05 49.49 51 51 49.08 
34.99 28 24.69 26 19.99 
52.47 69.9 61 58 57 
39 132.5 117 119.62 119 
10.63 10.58 18.45 17 15.03 
9.57 19.99 32.5 18.99 34.99 
48 37.99 33.3 42 38.25 
62 34.99 33.9 34 26.73 
77 99.99 74.42 89 78.65 
69.99 64.47 63 60.35 59.99 
109 84.5 75.65 109.9 73 
55.99 57 52.32 51 56.05 
29.99 28 26 29 24.69 
19 18.1 16 14.99 18.1 
51 49 43.79 49 55 
31 60.93 36.5 39.99 42.9 
69.99 55 58 49.49 55.9 
29 30 34.99 31.88 27.29 
128 89 109 135 122 
59 59.9 54.5 43.98 49.9 
18.13 24 21.22 11 10.99 
26 29.9 24.75 26.94 24.21 
20 7.33 4.99 7.95 19.99 
45.85 45.04 49 47 49.89 
52 51 46.75 40.83 45.57 
69.99 65.99 25.64 62 27.3 
24 12.09 19.16 21.22 11 
38 15 18 14.11 17.99 
11.54 34.99 9.99 21 19.99 
79 69.9 69.99 65 60.3 
19 16 19 18 14.05 
25 14.34 25 20.76 20 
67.5 73.06 78 55.61 70.99 
160.16 150 155 159 179 
49.99 47.28 49.89 29 48 
18.1 17.31 18 18.1 15.19 
18.45 25 16.9 20.76 22.25 
59.99 44.99 44.22 49.89 54.99 
15 22.25 19 13 10.39 
16.9 16.49 14.34 25 14.52 
129 117.79 129.9 118.99 149.99 
6.94 20 9.9 29.99 34.99 
27.98 27 30 39 27 
58 55.97 55.97 69.9 69.9 
45 25.46 31 44.55 29.99 
9.9 19 9.9 36.5 9.99 
75.71 77 79.9 75.7 86 
48 54.99 44.99 43.45 46.6 
64.9 69.9 79.9 60.91 75.99 
52.49 51 59.9 69.9 48.31 
34.99 48.5 14 56 5.84 
30.71 23.63 34.99 29.9 27 
22.25 13 19 13.29 18.99 
38.99 18 34.18 34.18 34.9 
19 24.9 20.76 11.54 17 
15.04 18.45 16 99 18 
54 50.76 54.08 47.01 49 
79 89.99 89 93.13 97 
47.01 45 49.89 49 41.99 
85 81 76 85 99.9 
52.47 54 51 56.05 50.8 
43 49.99 45 58.18 49.99 
39.99 61 64.54 69.99 79.99 
57.84 56 59 61.29 48.31 
82 97.5 85 79.99 129.99 
49 47 49.74 54.5 47.01 
17.9 3.9 18.45 15 21.99 
12.15 16 14.99 13.6 16 
10.39 19.99 19 15 39.99 
69.99 55 57.9 51.43 49.99 
29 24.75 26.46 65 29 
69 80 89.9 89.99 78.97 
53.85 59.99 62 52.9 56 
42 19.99 29.99 17 18.45 
114 37 37 49 116.35 
22.25 18 39.99 14.34 15 
39.54 39.9 34.18 39.9 40.59 
99.99 108 83.98 89 87.12 
4.99 14.12 19.9 20.52 18.5 
15 73 19.99 20.76 14.49 
52 59.99 52.66 58.99 53.61 
49 47.01 44.22 49.89 49.99 
289 276.17 344 273.06 299.99 
49.47 43 52 49 34.9 
16.9 18 18.11 20 14.79 
20.67 29.99 22.68 24 24.11 
128 133 133.04 139.9 139 
34.7 42 43 34.99 37.9 
33.95 26.5 31.63 29 29.99 
30.67 29.99 29.9 9.9 34.99 
98.9 99 98.9 98.9 116 
19.99 25 15 16.02 18.45 
15 15.04 21.99 17.99 18 
41.39 46.9 45 40.5 47 
50.76 79 43.32 54 49 
34.99 59.99 61.29 34 34.99 
39 49.99 49.9 48 49.2 
39.99 32 34 43 30.51 
69 64.82 89.99 65 88.5 
47.01 46.3 51 49.47 44.22 
31.99 63.97 60.39 69 69.99 
44.7 49.99 86 59.99 44.9 
26.99 30 34.99 24.33 34.99 
60 59.01 55.37 59 87 
18 20 15.84 18 15 
115 39.99 29.99 26 29.99 
52.9 89.99 87 93.99 83.77 
99.99 79 87 99 94.9 
15.21 18 18.45 16 14.1 
29.9 26.91 26.74 34.99 24.33 
20.76 19 19 15 14.34 
11.12 59.99 29.99 19 11.03 
9.99 11.53 6.99 33.62 13.9 
30.19 32 35.14 29.9 32 
22.77 4.99 9.9 29.9 22.57 
16.04 29.99 32.99 34 9.99 
19.9 53.8 46.75 49.89 52 
19 13.5 15 15 11.69 
30.2 35.14 38.9 32 29.9 
78 79.95 90 77.09 75.64 
52 49 32.7 49.9 49 
14.49 19 11.69 15 10.39 
19 16.77 24 22.03 15.73 
59 69.98 69.99 54.33 58 
19 11.69 34.99 19.99 9.99 
27.05 51.22 23.94 28 23.94 
49.99 49 47.01 55 53 
19 13.21 18 17 18.45 
47.5 49 49 45.85 47.01 
78.72 47.9 34 43.84 44.5 
43 47.01 44.99 46.3 55 
54 51 51.54 59 69.9 
184 123 124 119.9 115.99 
129.99 66.9 97.5 76.47 84.6 
34 24.99 32.98 35.67 39 
13.35 11.69 17.9 17 15 
69.9 93.44 90 94.5 95.9 
94 119.99 95 98 109.9 
48.31 55 51.54 54 53.9 
10.39 13.5 18.99 39.99 22.25 
49.08 49.08 48.31 43 69 
67.8 85 89 95 89.9 
22 42.99 32.9 20 34.18 
69.99 60 49.99 49.99 43.98 
34.99 34.99 28.35 29.99 31 
59 49.99 49.99 114 43 
34.18 18 20 16.53 16.8 
53.61 55.99 49.9 54.99 54 
29.9 24.93 25.74 26.73 39.99 
39 49 46.11 21 34.99 
55.95 64.08 67 62.91 62 
49.99 59.99 44.7 47.52 49.99 
47 49 44.99 48.92 42.99 
52.32 54 59.99 51 55.99 
52.47 61 51 49.08 55 
45.85 41.99 34.9 43.32 45.04 
75.59 72 69.99 66.59 79 
66.59 65.99 75.59 73.42 84.99 
51.54 55.61 52.47 51 66.99 
18.1 19 18.1 24.9 17 
75.9 75 54.89 69.99 73.19 
119.99 68.99 109 108 129 
49.84 43.74 56 48.94 47 
45.73 47.01 53 49.47 59.99 
22.03 19 18 19.99 16.75 
24.99 28.71 27 32.99 36.5 
58 62.57 59 79.99 59 
129.99 117.99 118.36 115 119 
98 98 94.96 59.18 105 
34.99 34 24.75 29.99 31 
19 18 10.39 16.9 15.84 
54.08 51 49 49 42.79 
44.9 39 39.99 49.9 44 
15.67 18 17 17 39 
10.39 18 15 19.99 20.76 
65 56.04 79 59 72.5 
53.83 109.9 104.94 69.99 57 
118 115.99 119.9 184 118.99 
31.88 25.52 29 49 30 
51 45.57 47 43.41 47.01 
22.25 15.41 19 17 18 
37.5 38.25 38.44 36.78 38.5 
18.1 19 21 15.19 16 
18 15.67 15.67 14.74 18 
32.5 34.99 9.99 18.99 19 
17.64 14.99 13.6 13 13.28 
26.19 59 56.23 26.9 28 
14.99 23.76 26.7 19.99 9.9 
109 99.9 99.9 95.68 99.04 
9.99 10.49 16 38 9.99 
35 16.53 35 23.23 39 
89.99 87 99.99 99.99 99.99 
28.8 76.05 73 65.62 39.9 
79.9 61 64.9 69.9 62.86 
26.29 26 29.99 26.9 31.7 
75 86 87 52.96 88.43 
39.9 52 49.31 45 49 
53.83 102.34 129.99 57 119.99 
49 44.22 53.8 47.01 42.99 
122.39 98.9 84.79 98.9 99 
142 54 59.13 57 69 
16 17.64 13 18 11.99 
69.9 77.95 86.35 142 95.24 
147 149 149 149 149 
25 15.99 19.9 18 35 13 19.99 15 19.99 19 30 13.9 9.95 19.9 23 19.9 13 19.9 149.99 25 12 30 25 24.9 29 21 14.97 18 9.99 17.9 19.99 18 13 19.9 29 15 9.99 9.95 19 9.95 30 24 22 29 9.99 30 18 15 19 30 14.97 14.97 21 14.97 25 14.97 15 9.95 19.9 15 19.9 30 30 17.9 19.99 30 17.9 21 9.95 25 15 17 30 17.9 35 19 20.99 23 17 20.99 35 21 14.97 25 15 25 12 30 20.99 25 30 30 9.99 26 25 30 30 19.9 20 30 14.97 13.9 25 15 19 19.9 18 30 13 24.9 15 30 19.9 19 20 13 19.9 30 26 13 30 30 20.99 15 14.97 30 15 35 20.99 9.95 19.9 15.99 17.9 20 18 12 22 19 30 19.9 13.9 19.99 15 17.9 13 22 19.9 13 21 19 13 15.99 20 15 18 9.99 15 25 15 19.99 30 25 15 15.99 19.9 24.9 19 9.95 23 22 15.99 35 30 19 17.9 15 17.9 19 29 14.97 9.99 9.95 15 24.9 25 19 15 29 12 9.95 17.9 9.95 25 22 18 21 13 19 30 15 19 29 12 15 19 13 19.9 26 14.97 20 13.9 29 19 30 21 25 15.99 9.95 19 22 15 35 30 14.97 26 14.97 21 25 14.97 30 30 19 24 21 19 20 30 21 19.99 15 
