5 240
48.31 53 57 64 51 
17.64 17 14.99 14.99 12.15 
18 15 19.99 14.34 16.02 
4.99 29.99 22.77 34.99 22.57 
59 43 31.56 26 129.9 
18 16.35 16.75 16 17 
19 13.63 14.34 18.99 29 
69.99 55 119 129.99 119 
29.99 29.99 27.5 45.66 53.43 
77.99 51 66.99 51 52.49 
35.99 27.72 34 28.99 25.22 
59.99 37.99 46.36 57.01 53.06 
15 17.32 17 23 15.66 
63.97 79 29 59 59 
49 50 49.47 49 55 
29.99 28 28.49 34.99 29 
14.34 18 19.99 19.99 16.99 
69.99 57 51.43 55 52.64 
29.99 24.58 9.99 31.5 30 
99 99.99 93 92.29 39 
20.52 44.9 21.99 15 15.04 
122 69.99 113.65 60.22 89 
47 53 46.99 42.19 44 
69.98 41.25 43.56 44.99 54.9 
55.61 43.35 54.99 69 54.91 
41.22 42.89 46 49.99 44.58 
18 20 19.99 19.99 17 
54.08 52.93 59.99 52.93 55 
65 102.76 135 106.17 119 
51 52.47 51 49.08 51 
78.07 55.61 70 69 73.06 
149 149 179.99 148.99 159.9 
34.9 49.89 29 52 49 
129.99 94.44 103 109 100 
49.99 47.28 53.8 44.22 51 
44 44.4 40.67 44.9 47 
24.53 53 29.99 26.73 22.49 
39 60 58 79.99 57.75 
24.99 35.67 24.79 25 24.99 
29.9 4.99 22.57 9.9 22.77 
25 24 22.76 28.49 26.5 
16 15.19 17.31 21 17 
18.05 16.84 16 13.28 12 
24.69 26.29 26 29.99 25.22 
29.99 29.99 28 34 28.58 
59.99 57.45 59.99 59.9 57 
58 72.5 62 59 99.9 
28 24.67 28 27 30 
34.99 30 31.7 26 25.22 
31 29.99 28 29.9 27.05 
14.34 16.99 16.9 19.99 16.49 
89.99 56 39.99 32.9 26.31 
122.5 122.5 119.99 119.9 119.02 
29.99 20.48 41.18 49.9 29.9 
69.99 59.99 69.99 52.99 60 
123 132 121.77 125 119.31 
49 53 54.9 50.76 59.99 
16 18 11.99 13.28 13 
18.13 11 12.09 20.3 21.22 
30 33.45 29.99 27.52 32 
54 49.99 54.99 59.99 49 
51.36 63 65 84.68 72 
89 59 69.99 94.99 92 
29.99 26.5 23.64 24.99 24 
18.49 17 14.74 33.9 15.67 
53.61 54.99 52 54.08 51 
26.29 27.05 26 24.79 29.99 
50 40.92 49.47 45.57 44 
13.99 13.6 12.99 18.9 16 
96.69 90.41 89 90.41 90.66 
135 128 129 132 149 
14.74 19 19 15.67 19 
43.98 34.18 39.9 39 34.18 
44.22 44.99 47.28 49.47 51 
15 20.66 44.28 18 10.39 
51.54 55.61 48.31 55.61 54 
129 123.39 125.42 118.36 117.99 
62 69 66.89 61.5 66.89 
28 22.95 29.99 29.99 34.99 
135 119.31 125 132 139.9 
80.71 80.71 75.88 81 79.9 
41 49.99 38 38 56.9 
40.44 47.01 44.99 45.46 47 
49 40.44 52 49 46.9 
14.91 34.99 14.9 4.99 34.99 
55.45 52.46 89 49 89.9 
16.3 19 19.99 22.03 16.77 
49.99 47 45.82 61.01 45.82 
49.08 51 33.66 53 54 
16 13.88 17.9 19 15.04 
25.9 11.7 24.79 79.99 26.31 
25.22 26 26 29.9 29.99 
44.99 44.77 42.19 34.9 51 
9.99 34 11.38 12.86 13.86 
19 18.11 20 10.39 17 
69 89.99 64.82 67.36 94.99 
16.9 18.45 14.72 16.9 21.99 
85 89.9 85 75.99 76 
19 16 15.19 18.1 17.31 
18.89 14.34 19.99 19 15 
55.43 59.99 45.82 57 49.99 
54.99 52.93 49.47 52.93 52 
25.11 28 31 31.56 39 
45.76 57.01 54.98 54.9 49.99 
22.25 20.76 17 11.69 17.9 
35.67 34.99 33.15 36.5 32.55 
60 82.87 76.4 69 70 
119 104.99 89 89 118.5 
29.99 26 26 34.99 24.33 
65 119.99 123 108.86 135 
29 24.33 29 26 39.99 
126 89 119 165.7 99 
10.43 32.99 10.47 12.5 19.99 
73.9 86.9 69.99 56 49.08 
39 19.99 18 19.99 33.9 
31.56 29 29 26.31 5.94 
69.99 60.3 57 69.9 65 
99.99 97 99.99 100 87 
129.9 23.94 19.94 26 43 
54 55.61 48.31 59 43 
17 14.39 17.9 18.45 20 
110.7 118 113.16 114.02 115 
27 29.99 29 34.99 27.37 
17 15 16.02 19.99 16.99 
18.45 19 13.21 18 14.79 
129 110.7 129 129 114 
25 22 24 22 22.68 
15 18.45 20 18 18 
42.19 44.99 46.99 39.69 47 
53.9 48.31 51 64 54 
56 38.58 41.59 47.24 40.5 
49 59 45 59.99 46.19 
49 43.49 29 39.9 27.7 
29.99 22.57 22.77 4.99 29.9 
43 47 48 29 45.99 
16.02 15 17 19.68 125 
47 15.21 17 20.52 14.1 
66.43 67.9 66.33 67 84.9 
55.61 59 54 48.31 52.47 
25.99 19.99 29 26.05 19 
13.13 19.99 49.9 15 79.99 
49.47 41.99 44.99 44.22 51 
29.99 34.99 26.13 29.99 62 
49.08 38.99 41 51 34.97 
34.99 43 33.9 39.9 33.61 
118 115.99 172 118.99 129 
44.77 44 44.99 44 39.69 
31 26 31.56 26.85 27.05 
59.2 58.99 57.81 64 53.74 
18 16.99 14.34 19.99 14.52 
71.5 6.94 34 10 7.71 
33.62 11.53 12.67 9.99 13.9 
33.9 34 26.13 34.99 26.73 
36.78 44.5 22.15 35.32 17.99 
57 51.99 56.05 79 49.48 
39 77 67.31 66.11 49 
119 128 76.79 76.77 89 
91 79.9 79 95 68 
146.31 144.99 86 149.01 153 
15 25.9 21.99 16.99 20 
76 76 77 99.9 70.87 
53.61 49 54.99 54 54.9 
89 88.5 81 89 79 
60.35 63 69.99 64.47 65 
22.57 23.23 16.53 34.18 16.8 
73 119 119.9 84.5 105 
44.22 49 47 44 53.8 
49.08 54 106 56 55.61 
52 49.89 21 32.9 45 
149.99 69.99 104.99 107 79 
119 124 125.42 119 118.36 
51 49.99 56.43 69.99 54 
51 54 51 59.99 57.84 
27 25.22 24.59 29.9 34 
46.9 47.01 49.47 35 52 
50 55 54 52 53 
39 37.5 42 41 40.59 
17 19 19 22.03 39 
3.9 15 4.99 17 14.12 
19 11.69 10.39 20.76 15 
10.63 18 10.58 18.45 17 
115 103 95.91 110 102.09 
36.78 24.75 41 22.15 39.99 
25 23.94 19.94 29.9 69.9 
146.31 159.99 135 153 149.99 
45 84.99 48 49 48 
34.99 4.99 35.9 7.95 4.99 
51 50 54 51 73.9 
49.99 39 59 59.9 75.99 
49 43 29.99 54.9 49.99 
29.9 26.9 26.9 28 59 
40.16 43 49 48 47.19 
62.37 62.37 57 69.99 86 
30.9 27 32.99 24.99 26.4 
106.4 119 109 107.05 117.77 
32 30.19 31.68 30 30.2 
24.99 25.52 35.67 30.9 27.17 
34.99 27 34.99 25.76 28.22 
86.07 69.9 86.35 69.9 79.99 
59 44.99 55 55 59 
49.9 59 47.01 59.9 48.18 
17 19.99 18 19 19.99 
141.5 89 39.99 64.28 70.9 
89.99 99.9 95.68 104.99 103 
43 29 49 52 46 
10.39 18.99 44.9 18 49.9 
18 14.34 19.99 21.99 26 
119.99 109.99 106.32 119 109.8 
62 54 54 49.08 52.47 
124.67 137.99 76.79 76.99 123 
14.99 17.64 16 18.9 13 
33.49 7.33 4.99 35.9 19.99 
32 49.99 42 32 47.99 
18 17 22.25 20.76 17 
24.19 29.99 26.5 29.99 22 
25.88 29 27 30 25.68 
82.09 90.11 92.53 79.39 99.9 
49 50 42.99 44 49.47 
66.43 67.9 69 119 64.9 
13.6 18.9 7.9 13 16 
60 45.82 59.99 82.87 44.99 
51.54 48.55 54.99 54 48.31 
67.8 46.24 86 79.9 81 
229.99 209.9 179 199.99 219 
27.17 27 30.9 28.71 36.5 
45 49.99 49.99 49 47.01 
14.89 13.88 19.99 16 20.76 
69.99 89 103.15 118.5 79 
89.9 109 93.99 80.81 79 
16.8 29.99 23.23 16.8 34.18 
58 55.35 58 86 64 
49 43.79 47 47.01 52 
48.31 79.99 51 51 51.44 
31.88 27.98 27 27.29 27 
19.9 13.28 16 14.99 11.99 
26.74 26 25 113.75 28 
19.99 19 22.03 20 17 
59.9 59 53 51 59.99 
13.5 19 18 18.45 19.99 
66 39.99 25 39.99 39.99 
17.9 15 15.99 19.9 21 17 13 19.9 19 26 13 15 15 19.99 19.99 17.9 13.9 26 21 9.95 19.9 24.9 15 30 13 19.99 21 22 9 21 19 29 35 21 22 20 19 12 21 20.99 19.99 21 15 17.9 19.9 19 20.99 20 13 21 0 21 15 14.97 19 19 19 19 30 24.9 30 30 25 22 14.97 15 19.9 15 30 25 19 19.99 15 18 15.99 21 21 20 9.95 20 19.99 25 15 19.99 16 24.9 19.9 25 17.9 13 29 19.9 18 19.9 13 30 29 19 21 30 19.99 20.99 15 13.9 20.99 30 15 21 19 15 17 15 30 17.9 9.99 19.99 19 19 15 9.95 13.9 19.9 13 17 15.99 25 9.95 35 149.99 17 29 30 13 20.99 19 15 30 26 19.99 24.9 20.99 17.9 20.99 30 15 20.99 15 19.99 18 17 30 15 19.99 13 20 30 25 24 25 15.99 19.9 19.9 20.99 20.99 18 29 24 17.9 24 15 19.9 17.9 9.95 19.9 21 13 17.9 19.9 15.99 15 30 18 12 30 25 20 13.9 19.99 24.9 14.97 18 17.9 30 29 20 30 19.9 17 29 21 14.97 149.99 13 23 18 30 19.9 15 25 19 15 21 9.95 22 22 17 9.95 17.9 14.97 15 19.99 20.99 21 29 13 15 22 26 22 30 17.9 12 17.9 14.97 15 22 13 21 19.9 30 
