5 240
26 26.31 31.56 29.9 11.7 
104.24 100 103 100 102 
51 48.31 61.9 57 69.99 
29.9 31.7 30 113.75 26.91 
42.99 47.01 45 53 55 
67 54.9 57.01 47.8 46.36 
30.63 33.3 32 28.98 63.5 
30 31.7 25.22 24.69 25.4 
85 109 109 130.5 99.9 
20 14.34 16.02 19 10.39 
64.99 70.11 62.86 61 57.02 
47 42.99 53 47 49 
15.21 14.1 21.99 19 17.9 
10.39 13.89 19 19 11.69 
64.27 39.99 70.9 61.96 64.28 
51 56.05 52.32 39 51.54 
77.9 59.99 47 44.99 45.82 
30 26.29 29 29.99 26 
147 179 149 159.99 149 
13.28 18.9 14.99 13 13.6 
30.2 32 27.87 32 29.9 
17.9 32.67 28.51 26.05 20 
71.51 142 66.33 64.9 66.33 
10.39 15 19 17 17.71 
28.91 29 34 30 29.99 
46.89 44 48 46.9 45.99 
19 19.9 15 19.9 23 
78.07 73.06 79.99 55.61 78 
129.99 116 97.14 98.6 109 
28.3 26.5 28.9 26.14 28.5 
12.15 13.28 18.9 17 14.99 
31 48.98 42.63 41.86 59 
39 40.89 49.9 19.99 49 
119.9 73 75.65 70.73 119 
23.94 19.94 29.9 25 23.94 
49.08 51.54 51 49.08 51 
79 44.99 40 49 41.31 
55 57 69.99 69.99 54 
49.9 40.89 40.89 47 61.5 
13.78 35.67 19.99 49.9 39 
31 26 31.56 30 39 
55.45 79 69.9 59.99 69.99 
43 31.07 34.9 35.5 35.67 
29.9 30.41 30.2 31.68 38.9 
59.9 49.9 59.9 47 49.07 
65 59 58.84 289 62.9 
119.31 149 123 119.31 116.93 
18.45 11.69 14.34 20.76 19.99 
18.45 16 21.99 17 20.52 
29.68 33 31.6 33 32.9 
59.99 59.9 59.99 52 54.9 
15.84 15 16.02 20.76 19 
52 59 54.99 59.99 51 
25.22 29 32.5 26 26.99 
77.95 94.5 86.07 69.9 105.37 
22.25 20.76 23 24.99 20 
9.99 16 9.99 38.82 15.75 
61.5 66.99 66.89 55.95 67 
14.05 14.59 27.99 14.89 17 
29.99 27.68 30 45 41.55 
19.9 18.99 13.29 15 10.39 
26 26 28.99 28 26 
44 47 42.99 49.9 44 
16 19 13 17 18.45 
149 149 179.9 149 149 
44.99 51 49 34.9 46.3 
47.01 47.01 49.47 52.93 48.5 
23.23 16.8 18 9.99 18.45 
17.64 16 13 19.9 6.08 
30.99 35 27 24.59 29.9 
34.99 34 28.35 31 29.99 
37.9 40.69 37.5 43 34.99 
49.99 55.43 45.82 44.99 45.82 
104.24 94.46 89.37 103 103 
55 57.99 53 54.9 51.38 
29.69 36.9 34 29.9 29 
109 62.9 54 49.99 52.49 
75.65 82.93 84.99 73.35 99.9 
109 95 109.99 114.12 104.99 
25.01 27.72 29 31 29.99 
52.47 48.31 51 51 51 
76.99 69 86 67.8 59.9 
18.1 14.99 18.1 16 21 
45.29 42.99 46.11 49.89 46.11 
69.9 55.44 52.47 49.08 57 
43 46 43 44.16 42.89 
52 54 52.77 52.77 50.76 
31.63 26.5 33.95 29.99 29.99 
57 49.08 51.54 39 56.05 
26.9 26 29 29.99 26 
34.99 4.99 34.99 24.9 14.91 
108 95.68 99.04 99.9 103 
125.28 121.77 119.31 149 149 
28 26 24.21 59.99 26.46 
17 19.9 30.9 18.45 24.99 
56.9 78.35 80.81 108 93.99 
98 99 92 99.9 85 
25.39 29.13 30.77 34.99 34 
49.47 55 52.93 59.99 49 
69.9 69.99 52.47 58 54.74 
41 44.5 38 38.44 18.49 
17 19 15 18.99 15 
19.99 17 18.09 19.99 17.32 
59 49.9 55 57.99 44.72 
29.99 26 29.99 28 34.99 
18.61 38.99 26 18 18.81 
78.07 119.9 73 75 42.9 
48 42.99 46.9 29 49 
29.9 26 25.22 43 26 
15.19 16 21 19 17.99 
22.25 14.99 17 18 17 
139.99 139 123 116.93 133 
44 44.77 44 53 34 
64.28 89 80.05 61.96 99.99 
16 13.28 13 11.99 14.99 
92 94.99 122 69.99 113.65 
17.32 19.68 18.09 19.99 17 
153 145 154.31 151.4 154 
39 35.67 34.18 29.19 31 
103 99 110 99.63 106.52 
26.19 26.9 27 34.99 26 
12.99 11.6 13.28 12 18.05 
7 40 39.99 29.99 14.9 
57.27 55 77 59 57.9 
127.59 123 129 119.31 128 
45.73 50.76 45 59.9 55 
42.63 49.08 54 51 59 
51.38 49.9 51.6 57.99 59 
29 29 26 25.22 25.57 
20 19 19 17 16.63 
26.29 30 26 24.33 27.05 
49.99 54 57.01 49.9 59.99 
56.99 58.89 45.92 47.01 49 
179.9 149.9 149 149 149 
46.19 57.03 59.99 52 58 
51 54 59 51.9 51 
29.9 22 16.8 32.9 29.99 
28 27.05 25.9 26 29 
39.99 34.18 42.9 36.5 60.93 
44.28 23.23 20 36.5 31 
76 76 84 88.5 81 
24.67 27 25.76 27.56 28.71 
48.67 29 43 34.99 59 
52.49 69.9 43 48.31 51.44 
31.56 5.94 29.9 79 26 
18 17 14.52 15.41 16.02 
26.64 28.74 26 30 31 
64.54 61.54 60 60 59.8 
27 30 28.22 28.71 29 
89 83.98 99.9 89 89.99 
12.88 12.58 16 16.84 15 
59.9 54 54.99 42.57 55 
31.91 33.95 24.99 25 25 
10 34 1.99 39.99 71.5 
24.99 39 31.91 9.99 33.95 
39.6 52.32 51 49.9 51.54 
52 49.47 42.99 46.3 46.3 
75.88 80.71 77 79.9 81 
27.06 35.67 39 26.57 44.9 
18 16.75 19 18.49 19 
88.9 94.9 119.99 89 89.99 
29 41.99 51 45.85 46 
18 22.57 16.8 16.53 16.8 
24.99 25 24.79 35.67 25 
52 84.68 65.82 65 63 
57.9 14.99 63 64 69 
79.99 56.46 67 64.99 61 
110 119.99 119 105 106.91 
71.34 72.99 74.99 74 75 
59.99 49 52.93 54.08 39.99 
54.08 59.99 55.99 49.47 50 
51 51 53.9 53.37 56.05 
29.99 23.36 29.99 28 22.73 
29.99 25.52 24.67 27 27 
40.99 59 43.32 45.85 49.99 
56.05 55.44 53.9 52.32 53.9 
39 13.15 38.8 11.81 12.3 
59 59.99 59 54 58 
44 52 49 46.3 42.91 
79 109.99 119.99 119 86 
19.9 16.84 12.58 13.28 16 
17 11.69 13.8 18 22.25 
46.3 51 59.99 42.4 39 
69.99 68.29 68.9 59.99 65 
119 122.07 114.99 119.02 119.99 
26.74 26 26 26.91 29 
16.77 15.67 19.99 22.03 20 
55 69 69.99 53 48.31 
62.37 63.48 69.99 69.99 63.47 
51 49.89 51 49 47 
34.9 24.33 31.9 29 25.74 
49 77 59.9 69 49.99 
66.33 84.9 66.43 75 67.9 
9.99 19.99 18 9.99 15.65 
68.9 58.47 68.29 63 68.29 
54 32.61 35.5 34.63 35.04 
99 109.99 119 65 106.22 
31.7 29.99 26.74 25.22 31 
66.89 59 61.5 66.99 148.9 
44.9 44.99 44.9 56.99 37 
9.99 28.78 9.9 19 9.9 
14.34 10.39 39.99 18 19 
26.14 27.86 29.99 29 34.99 
59.99 49 54.9 58 59.99 
34.18 31 26 33 39.99 
59.99 55.9 54 57 56 
35 34.18 17.9 47.99 18 
29.19 33 34.18 26.05 36.5 
10 34 14.9 39.99 71.5 
29.99 39.99 29.99 28.9 29.99 
25.74 56 50 28 30.99 
29.99 26.29 29.99 25.98 34.99 
55.44 28 28 23.94 26 
116 118.09 74.99 119.99 119.62 
59 59 34.99 34 119 
22.57 19 18 16.53 34.18 
21 14.99 17.99 16 18.1 
27 27 27 27.29 26.08 
55 46.9 49.99 48.47 47.01 
17.32 18.45 10.39 20.76 14.3 
17.64 13 12.15 13.78 16 
55.45 69.99 58 79 57 
41.25 64.18 69 55.61 108 
159 179.99 147 145.4 179.99 
52.99 52.79 59.99 59.99 59.9 
69 99.99 82 99.99 56.9 
49.99 44.98 47.01 49.47 53 
54.9 55 54.99 52 46.19 
139.99 129 121.77 106.3 113.16 
38 40 38 40 39.6 
123 135 127.59 121.17 119.31 
75.71 76.3 79 88.5 86 
46.75 47 42.99 49.89 40.83 
15.19 19 14.99 16 17 
11.38 13.86 17.9 5.07 9.24 
16.75 39 18.49 22.03 17 
19 13.63 18 16.02 19 
25.22 29 30 39.99 26 
15 14.59 17.9 18.45 15.99 
19.99 16.35 18 14.74 17 
13 9.99 19.99 17.9 17.9 15 19.99 14.97 25 17 29 21 22 29 30 30 26 17 149.99 30 19 13.9 30 24.9 19 30 15 17.9 26 30 23 19 15.99 13 15 17.9 20.99 30 30 25 14.97 9.95 14.97 29 24.9 19.9 23 14.97 20 22 13 13.9 19 21 15 30 19.99 17.9 15.99 13.9 19.9 20 19.99 19 19.9 17.9 15 19.9 15 35 15 25 25 15 13.9 14.97 20 24 14.97 24.9 17.9 25 21 14.97 24.9 25 19 30 29 25 19.99 26 23 17.9 20 30 29 13 29 18 26 20 24.9 20 9.95 29 19 18 19 30 17.9 15 30 26 19 19 14.97 25 15 30 17 35 19.9 30 13 17.9 19.9 20 30 17 21 19.99 13 149.99 29 18 17.9 17 21 17.9 19 17.9 20.99 17.9 17.9 22 29 9.99 35 26 19 15 19 13 12 29 15 17.9 15 17.9 15 24 22 14.97 15 14.97 19 14.97 30 21 21 17 13 20.99 12 18 30 19.9 30 25 30 15 20.99 30 23 30 13 9.99 19.99 18 24.9 19 18 19.99 17.9 19 17.9 19.9 30 25 21 21 19.99 24 15 13 15 29 24 24.9 19.99 9.95 20 25 13 17.9 15 25 24 15 21 14.97 19 24 19 12 15 19.99 13 25 17.9 30 21 30 13 20 19.9 30 15 19 
