5 240
15 17 14.12 21.99 20.52 
109.99 109.98 119.99 79 86 
17 15.41 13.55 18 19.99 
33.99 15.67 19.99 39 15.67 
39.99 49 43.49 43.41 42.99 
49 44 44.22 47 46.3 
10.39 13.5 19.99 22.25 18 
20 9.9 19.99 6.94 25 
22.03 18 17 14.74 18 
13.28 18.9 17.64 13 11.99 
89.9 54.99 60.32 77 49.99 
49.2 59.99 32.7 49.47 49.99 
30 27.06 60 42.99 27.06 
36.5 39 25 34 25.49 
28.9 26.14 29.99 26.5 28.3 
64.18 43.35 44.99 54.99 62.99 
20.76 18 22.25 19.99 14.34 
25 25.22 24.78 30 26 
49 34.99 34 32 29.99 
33.99 15.73 18 17 19 
39.6 52.32 57 54 49.9 
79.38 71.34 76.3 99.99 71.34 
14.39 18.45 15 10.39 20.76 
32.99 30 30 34 27.87 
46.3 47 46.3 29 49.99 
18 17.9 15 20.76 19 
40.76 43.4 49 48.9 43.05 
60.93 42.9 31 66.36 44.9 
34.9 51 51 49.89 45.85 
33.45 30.27 30.75 25.31 36.5 
114 122.5 113.52 103.94 119 
77 79.9 79 89.9 89 
16 42.99 13.1 29 19.99 
103 105 95.91 129 103 
89.9 81 74.18 79 84.99 
25 22 26.5 21.9 24.99 
54 48.31 55.99 49.08 54 
18 33.9 18 19.99 19.99 
28 29.9 34.99 31 29 
9.99 23.23 18 14.34 19.99 
11.54 14.12 17 11.69 18.45 
38 59.99 59 39.51 45 
129 129 117.79 119 129.9 
119.99 109.99 109 112.99 89 
18.9 12.15 15 16 13 
52.49 48.31 49.08 56 69 
47 44.99 47.01 52 49.89 
125 116.93 149 121.77 121.17 
44.99 47 46.3 42.9 51 
30 113.75 26 27.68 34 
43.56 55.61 64.18 79.99 70 
74 89 89.9 77 77.16 
35.99 26.74 29.99 26 28.99 
59.9 49.9 52 39 59 
9.99 19.99 11.69 14.34 18 
14.74 15.67 17 18 22.03 
19.99 29.99 25 20 9.9 
48.31 54.99 54.99 54 56 
24.9 8.8 34.99 26.91 14.91 
63.36 77 55.99 79 48.31 
61.01 62 44.11 64.35 49.99 
11.81 14 13.15 39.9 12.3 
42.9 39.6 42 35.79 35.99 
97 92.9 108 106 89 
45 46.99 54 54.99 47.01 
16.9 9.99 17.9 17 17 
119 129.99 172 124 111.69 
114.99 118 102.76 153 117.48 
49.9 59 54.99 46.12 54 
34 24.99 20.67 22.76 24 
118.5 39 59.9 59 54.44 
99 79.39 93 90.11 92 
29.99 24.11 29.99 24 34 
20 18 15 19 18.99 
20.47 34.99 49.9 41.18 21.93 
45.66 38 34.38 59.99 39.51 
25 24.8 11.4 27.99 21.93 
9.99 9.99 17.9 5.07 12.9 
88.43 75 79 87 94.9 
26 29.99 29.99 35.67 20.83 
19.99 19 16.77 19.99 18 
18 15.99 13 12.15 18.9 
42.99 44.9 35.67 54 29.52 
28.99 29.99 26 25.01 29.99 
59.9 52.32 59.99 52.49 55.44 
58.99 64 64 62.71 59 
38.58 43.05 42 45 40.76 
25 25.49 35.67 33.95 24.79 
29.99 29 24.33 29.9 26.91 
47.01 49.89 46.89 45.57 52 
16 17 21.99 14.12 20.52 
14.34 18 22.25 16.99 18 
30 29.9 29.99 26.99 34.99 
65 79 79.9 56.04 69.99 
24.67 29 25.52 27.98 39 
51 59.99 53 39.9 55.99 
54 53 28.99 31 26.73 
18 10.39 10.58 18.45 17 
27.72 26 29.99 25.01 29.99 
15 11.69 19 22.25 18 
14.05 16 19 27.99 20.66 
27 29 34.9 23.39 69.9 
12.15 18 17.64 13 19.9 
59.8 73.19 73 55.61 70.36 
26.74 28.74 27.45 31.7 29 
85 80.81 75 68 79 
19.79 34.99 26 31 34.99 
49.08 48.31 39 51 33.46 
59.99 82.87 60 45.82 56 
57 52.47 49.08 54 51.99 
119.8 116 114 113.53 114.99 
44.55 26 25.46 41.55 34 
17 11.69 13.21 17 14.79 
18 19.99 24 19.99 19.99 
86 69 62.37 69.99 79.9 
50 49.99 50.7 49.99 52 
20.67 22 26.5 22 25 
43 45 47.24 45 42 
40.59 39.99 31 39.9 34.18 
62.9 51.8 52.49 59.99 111 
36.8 49.9 41.31 43 30.99 
19 15 19 18.45 19.99 
99.99 82.93 82.93 49 76 
9.99 32.5 19.99 19 34.99 
118.09 74.99 119.62 119.99 118.08 
9.9 32.37 28.78 9.99 9.9 
46.9 43 42.99 52 49.47 
35 34.99 28.98 33.3 43 
49.99 67 69.99 73 61.17 
36.78 42.93 35.32 38 39.99 
119.9 54 47 43.74 48.94 
90.11 92.53 99.9 84.99 99 
45.73 59.99 53 47.01 59.9 
89.98 99.99 99.99 81 89.99 
32 20 35.9 18 37 
45.82 45.82 44.99 59.99 49.99 
24.69 31.7 29 25.22 28 
54.9 58 52 59.99 55 
5.84 6.26 14 14.01 34.99 
40.92 29 49 46 35 
57.84 51 71 52.47 69.99 
51 55 47.93 54 55.44 
59.99 19.99 44.9 44.7 47.52 
19.99 19.99 43 25 39.99 
52.9 44.99 79 83.77 80.81 
29.99 25.88 25.39 32.9 27 
53.8 27.5 49 49.47 49 
69 41.25 55.61 70 69 
9.99 18.9 27.06 17 13.6 
79.99 59 59 58 58 
49.89 51 55 43.49 46 
20 18 19.99 14.74 29 
59.99 52.47 54.99 49.99 54 
25 29.99 25 22 26.99 
43.98 44 49.99 58.99 43.01 
49 34.9 52 52 47.01 
119 129 118.99 111.69 129.99 
34.18 35 25.8 39.99 34.18 
26.08 34.99 25.52 31.88 25.52 
48.31 52.49 49.49 58 69.99 
18.45 16.9 15 22.25 16.9 
29 29.99 29 24.79 21 
49.84 47 51 51.99 56 
39.99 19.9 32 34.99 19.9 
49.99 38 40 42 38 
29.99 30 33.45 33.45 29.9 
32.41 27 28.34 34.99 26.99 
22.49 55.44 26 26 23.94 
99.9 179.99 93.6 150 109.99 
89.99 87.48 80 78.98 89.9 
27.05 28 26 79 26 
17 13.28 16 12.15 18 
49.47 52 52.93 49 50 
29.13 29.13 30.77 56.05 27 
95 79 85 59.9 76.99 
39.99 33 27.87 29.99 28.91 
18 15.03 11.54 18 17 
9.99 17.9 34 12.9 5.62 
79 74.42 82 69.16 81 
82 70.36 55.61 59 74 
18 15 14.34 22.25 25 
279 272 299.99 273.06 281 
113.16 115 116 115 118 
80.9 84.99 81 82.32 79 
37.5 42 40 39 38.44 
34.99 31 28 35 24.69 
19 20.76 15 44.9 11.69 
22.25 14.49 15 18 11.69 
35.5 31.68 29.9 35.14 29.9 
39 54.08 52 52.49 139.99 
29.9 25.22 26 26 49 
18.45 15 14.05 14.89 18 
48.31 89.99 55.61 75.65 59.8 
39 16.3 17 16.3 20 
72.99 72.99 74.99 75 74 
33.15 34.99 33.15 36.5 32.55 
99 99 90.41 109.9 98.43 
47.01 59.99 54 46.12 39 
19 17.9 16 18.45 14.1 
32 46 36.78 49.99 48 
17 12.15 18 13 18.9 
149 149 149 128.9 149 
55 59 44.72 57.99 47.89 
155 160.16 87.99 179.99 79 
8 69.9 25 9.13 8.25 
49 42.98 50.5 42.99 55 
26.4 24.99 36.5 27.17 27 
28 27.68 29.99 29 28.58 
18.45 19 16 21.99 13.88 
34.99 34.99 30 24.33 39 
19 18 20.76 19 15 
31.99 29 69 67.9 79 
116 83.69 121.19 89 123 
21.99 25 23 24.99 24.99 
57.75 79.99 60 39 59 
13.99 13.28 17 17.64 13 
119 117.04 104 99 89.99 
47.36 52.47 84.68 65 63 
22.25 19 13.63 10.39 29 
47 48 41.34 59 44.77 
82.32 85 79.46 81 80 
20.76 17 17.99 17 14.69 
153 149.01 151.4 159.99 135 
47.01 54.99 49 48.5 46.99 
51 54 59.99 52.47 69.99 
109.98 66.55 117.05 74.99 70.02 
103 119 103 129 99 
16.9 25.99 29 34.18 19 
19.9 13 11.99 9.99 10 
33.81 32 26.57 31 27.06 
119 59 34.99 63 34 
17 19 18 15.8 17 
18 34.18 23.23 18 29.58 
18 16.8 34.18 20 18 
19.99 20.76 17.82 14.34 18.45 
9.9 19 19 9.99 18.45 
28 29.99 25.22 26 31.7 
115 106.52 129 95.91 110 
93.69 82.19 99.99 82 108 
28 34.99 30 19.79 29 
30 21 15 19 29 15 13 30 19 15 13 18 15 30 21 19.99 9.99 17.9 9.99 21 18 18 24 17.9 20 13 19 19 15 21 19 19.9 30 22 30 19 13 14.97 22 35 30 13 24 13.9 30 17.9 18 18 20.99 18 13.9 35 15 19 25 22 13 26 30 19 19 19 25 19 24.9 35 9.95 24.9 24.9 19.99 13 13 21 30 24.9 13 15 24.9 30 17 19 15 17.9 9.95 20 17.9 30 21 17 15 15.99 21 19 9.99 17 19 12 30 19 17 15.99 14.97 21 15 25 21 22 21 26 25 30 25 30 149.99 26 18 19.99 14.97 29 19.9 30 15 22 13 30 15 25 13 19 15 35 30 28 12 21 15 14.97 24 14.97 15 30 25 14.97 9.95 18 22 13 24.9 19 19 30 19 19 17.9 15 19 149.99 29 35 17.9 15.99 22 15 19.9 20 13.9 19.99 30 13.9 14.97 17.9 30 25 17.9 25 21 15 21 14.97 16 19 20 17.9 30 19.99 30 35 25 17 12 17.9 14.97 15 17.9 14.97 19.9 20 22 15.99 30 15 15 30 14.97 15 18 14.97 17.9 24.9 21 35 20 29 15 19 35 13 18 24.9 19.99 21 15.99 23 15 22 9.95 14.97 20.99 13.9 13.9 19.9 20.99 21 18 15 24.9 25 9.95 19.9 17.9 
