5 240
32.49 30 26.8 27.56 27 
55.9 53 54 69.99 52.49 
39.9 54.08 48.5 52 49 
84.99 82.09 99.9 104.55 90.78 
10.39 17 19.99 18 14.93 
44 49 50.29 49.89 44.22 
45 48.99 46.19 59 59 
59.98 49.99 59.99 98.72 69 
55.99 53.61 59.99 51 52 
96.95 139 68.99 107 107 
26.05 34.18 39.17 39 31 
39.99 79.99 67 56.46 59.8 
40.44 55 46.3 46.9 53.8 
69.99 63 69 69.99 63 
61 49.08 49.08 57 55 
49 51 52 90 46.99 
46 48.47 42.33 49 52 
44.55 47.19 48 44.11 46 
18.45 18 17.9 19.68 14.3 
29 28.04 27 26.9 31 
31 34 31 26.89 34.99 
220 237 219 229 249 
31 28.99 29.99 27 21 
98 124 94.96 94.96 52.44 
49 45 47.88 47.88 43 
59 84.99 59 58 59 
26.8 25.76 31 29 26.06 
142 69.99 34.38 59 45.66 
119.9 53 49.84 43.74 49.84 
34 43.45 32.7 39 46.6 
179 87.99 98.02 93.6 150 
42.63 52.32 106 49.08 54 
102.09 133.99 119 109.77 104.61 
53.8 42.91 47.01 46.3 47 
149.99 148 149 145 135 
19 10.58 10.39 13.54 18.45 
57 49 44.22 54 52.77 
25.22 29 29 31.7 34.99 
121 114.02 118.38 115 139.99 
28.71 43.98 39.54 36.5 39.99 
25.49 36.5 24.99 39 33.95 
112.9 106.3 110.7 121.77 139.99 
98 129.99 119 165.7 99 
64.89 67 66.33 71 78.21 
15 15.04 14.11 15.04 16 
40 39.99 32 39.9 36.78 
131.32 119.99 129 118.08 129 
14.35 17.64 18.9 12.15 13.99 
39.99 40.69 43 34.99 19.99 
47.5 44.99 45 49.99 45.9 
19.9 9.99 18.99 19 9.99 
45.82 69 45.82 76.4 82.87 
19 18 11.69 19 19.9 
89.99 70 75.65 78 54.99 
16.75 18 22.03 17 17 
22.25 34 54.99 20.76 15 
25.78 29.99 25.22 26 25.01 
31.56 26 28 28 27.05 
18 16.02 19.99 24.99 18 
70.01 79 109.98 119 117.05 
28 59.99 26 27.21 29 
20.78 20.76 22.25 24.99 20 
19.99 34.18 39 29.19 26.05 
56.9 53 51 54 59.99 
13.28 16 18.9 14.99 19 
129.9 22.49 28 51.22 28 
59.9 75.99 60.9 79.9 60.91 
24.75 24.21 26 34.99 27.21 
34 38 9.99 9.99 9.99 
29.9 24.93 26.73 29.9 26.53 
44 39 49 52 49.47 
79.9 46.24 79.9 85 75 
69.99 55 114 77 57.27 
31 27 31 34 24.67 
17.64 14.99 13.6 12.15 14.99 
34.99 32 59.99 29.99 16.91 
6.94 19.99 29.99 20 25 
69.99 58 62 59 60 
27.52 33.45 25.31 29.9 36.5 
99.99 89.9 84.99 99.9 90 
44.65 44 49 44 39.69 
18.04 9.99 39.99 9.99 15.64 
129.99 127.9 119.9 79.9 116.53 
28 26 31.7 26 24.78 
149 122.99 119.99 139.9 123 
15.19 18.1 14.99 17.31 17.99 
64.08 66.89 59.13 61 66.89 
73 70 115 73.06 75.65 
13.53 16.9 19 10.39 9.45 
69.99 52.99 60 69.99 69.99 
9.99 18.99 34.99 9.57 34.99 
43 47.36 35 54.9 49 
26 25.9 26 5.94 29 
60.91 64.9 59.9 75.99 69.9 
42.99 49.9 44 49.99 40.99 
28 27.05 26.29 31 28 
34.99 26.5 25.22 28 26 
9.9 34.99 22.57 29.9 14.99 
16 19.99 13.28 6.08 17.64 
56.05 51 49.9 59.99 64 
38 29 35.32 24.75 22.15 
16 18.45 17.9 18 15.04 
31.88 39 25.52 24.67 30 
17.64 18.9 11.99 13.28 16 
61.38 148.9 59 55.95 66.89 
47.36 63 51.36 52.47 65.82 
34.76 42 38 43.99 38.99 
28 26 25.22 29 29.9 
48.9 26.05 28.51 22.57 34.18 
29.99 39.99 29.99 24.75 24.02 
103.15 129.99 82 78.99 95.93 
123.39 121.07 119 123 118.99 
29 56.9 39.34 35.32 36.78 
71.34 88.5 75.47 79 76.3 
15 25.9 20.76 20 22.25 
89.99 99 98.9 127 117.04 
79 77 74.42 77 77 
35.04 32.61 43 79 39.99 
34 28.58 30 24.69 29.99 
34 11.38 9.99 12.9 12.86 
44 45.04 45 45 44.99 
16.02 14.34 16.9 18.45 16.9 
31.7 26 26 26 39 
18.45 14.06 51 14.11 19.9 
64 55.35 86 58 76.48 
14 34.99 6.26 48.5 34.99 
17 13 16 17.64 13.28 
53 59.99 50 51 69.99 
67.5 70 78.07 73.06 73 
59 79.99 57.75 59 43 
14.1 17 16 47 18.45 
14.74 19 22.03 19 32.99 
46.3 44.99 49.9 52 46.3 
20.47 21.93 29.9 20.48 37.61 
6.94 7.71 1.99 14.9 34.99 
94 109.9 98 100 104.99 
49 44.9 49.99 43 54.9 
22.57 16.53 44.28 19 18 
13.28 17 13.6 16 14.99 
64.27 80.05 64.28 39.99 89 
13.53 17.9 10.58 17 20.76 
49.89 44 46 41.99 29 
66.9 65 269.99 62.37 99.9 
129 119.99 109.99 109.98 110.16 
50.76 53 59.99 46.99 49 
44.11 69 57 45.82 64.35 
10.39 17 19 17 13.53 
38 28 27.68 24.33 25.22 
59 92 94.99 151 122 
29.15 28.71 32.9 29.63 56 
98.9 99 114 129 119.99 
31 26 26.91 25.22 26 
29.9 31 34 25.22 26 
34.99 26 27.72 26.74 25.4 
39.24 33.3 38 29.98 40 
19 13.53 13.99 20.76 11.54 
27.68 39 29 27 31.7 
77.55 69.9 72.42 74 78 
14.06 13.66 19.9 19 30.9 
39.99 46 42.93 35.32 41 
59 52.47 55.61 51 55.61 
119 116 76.79 84 131 
139.99 119.99 123 122.99 119.31 
69.99 59 45.66 59.99 36.33 
49 56 51.54 55.61 51 
69 69.99 49.99 89 59.9 
15.01 20.76 70.11 54.99 34 
19 11.69 9.99 34.99 11.54 
132.38 76.77 89 119.98 123 
27 24.33 69.9 29.13 34.9 
82 71.46 89 70.89 79 
28.99 25.22 33 28 26 
48.92 44 34.9 51 42.19 
18 44.28 10.39 14.89 15 
10.7 8.25 9.99 19 9.99 
19 10.39 18 20 15 
14.34 10.39 11.69 18.45 39.99 
47.01 55 42.99 49 29 
43.32 79 54.9 47.01 53 
79 67.9 61.52 62.37 61 
9.99 19.9 20.2 9.99 20 
55.99 52 50 49 49.89 
11.69 18.45 16.99 19 13.21 
49 49.89 44.99 42.99 47 
43.67 54.9 49.99 43 49 
82.34 81.15 104.99 149.99 119.9 
33.9 17 19.99 16.3 18 
64.9 62.86 57.02 60.91 61 
12.48 33.62 12.87 9.99 6.99 
34 25.22 35.99 24.33 26.74 
28 24.69 27.68 34.99 34.99 
98 124 59.18 98 60.28 
27.99 24.8 34.99 20.48 29.9 
47 33.46 51 48.31 51 
57.2 63 58 69.9 58 
25.22 34.99 29 25.57 39 
38.58 45 50.99 41 44 
17 14.72 16.9 18 18.99 
18.11 18 17 20 10.39 
59 41.72 55.45 65 79.9 
111.15 109 119 106.4 79.99 
116.13 99 119 89 113 
43 29.99 27.8 26 39.99 
57 51.54 54 55.61 64.99 
52 59.9 52 50 48.89 
126.96 124 118.99 172 119 
67 63.99 66.99 79.9 63.59 
79 81 142 77 75.74 
19.99 18 17 33.9 17 
69 59.99 59.9 59.99 89 
99 76.88 74.42 89.9 89 
69.9 54.74 61 59 58 
105.91 103 104.99 109.38 103 
89 117.5 99 109 119.99 
46.9 49.99 29 54.89 54.9 
39.99 30 24.33 31.7 27.8 
34.99 29.99 34.99 30 26.91 
29.99 33.9 26.73 34.99 29.99 
76.05 49.99 49.99 69.99 28.8 
179.99 149 149.9 149 128.9 
17 13.6 12.15 13.99 18.9 
10.47 12.5 32 12.51 19.99 
44.9 40 43 41.04 37 
119 119 107.49 123.39 129.9 
42.99 46.9 59 51 52 
29.99 34.99 19.9 19.9 32 
82.09 99.9 86.72 79.39 93 
51 50.76 52.77 57 45 
56 46 40 42.93 47.99 
28 30.37 49.9 69 31 
24.09 31 34 41.99 45 
99.99 83.79 69 81 93.99 
40.89 35 36.5 42 40.16 
14.05 18 19 19 16 
9.9 28 29.99 19 21 
15 20 13.83 20.76 16.02 
13 13.28 14.99 12.15 13.6 
19 13.53 17 10.58 18 
59 48.31 59 54 69.9 
123 121.17 139 125.28 149 
24 29 9.99 21 13 30 26 30 17 19.99 21 18 17.9 13 30 15 15 21 20.99 17 21 25 19 25 19.99 25 19 17 13.9 13 35 35 17.9 30 26 20.99 24 17.9 19.9 29 24.9 17.9 19.99 25 20 22 9.95 21 19.9 20.99 14.97 30 19 20.99 17.9 15 22 19.99 0 15 18 14.97 20.99 18 15 29 25 19.99 30 9.99 30 14.97 15 30 35 21 14.97 20.99 29 19 12 30 29 25 17 17 29 25 19.9 14.97 14.97 22 20.99 29 18 30 15 24 30 25 24.9 30 17 30 13.9 20 21 24 29 13 20.99 9.95 13 19.9 13 9 13 18 15 15 17.9 17 20 17.9 15 14.97 19 15 19.99 25 30 149.99 13 14.97 30 29 19 18 35 22 29 21 25 19.99 20.99 9.95 14.97 19.9 25 15 19 18 25 22 19 30 19 25 30 30 14.97 21 18 17 35 9.95 30 30 22 15 30 22 30 20 15 29 13 12 26 30 21 22 29 18 17.9 19.99 20.99 30 19.9 19 17.9 25 19.99 22 30 14.97 18 13 29 30 17.9 9.99 30 19.99 22 26 14.97 17.9 13 29 26 17.9 19 15 149.99 14.97 30 20.99 26 15 30 30 13.9 19.9 30 14.97 35 20.99 18 15 24.9 18 15 15.99 29 24.9 19 29 17.9 19 
