5 240
159 79.99 75.59 69.99 84.99 
48 49 55 49.47 46 
16.02 18.45 19.99 16.49 16.9 
17 17 21 13.28 7.9 
109 85 119 97.5 129.99 
42.99 29 53.8 49 46.9 
54 48.31 59.99 57 45 
29.9 27.4 30.75 37.99 32 
51 19 56.05 29.13 29.13 
34.18 32.9 18 18 18 
62.52 54.5 39 54.49 69.98 
56.05 49.08 53 48.31 54 
27.99 25.22 25.22 29 26 
37.5 45.9 34.76 49.99 40 
26 39.99 28 24.33 43 
47.19 49 46 46 44.11 
16.02 18 14.52 15 21.99 
69.9 49.08 49.08 51 53 
47.01 59.99 47.01 54.08 57 
25.9 19.99 16.02 21.99 22.25 
26 27.05 29 79.99 29.9 
39.87 47 45.82 44.99 77.9 
54.99 54.08 49.31 54 53 
80.05 141.5 39.99 85.96 99.99 
31 32.9 26 34.99 25.22 
54.08 52 55.99 54.99 55 
77 77 70.89 69.16 77 
39 36.5 35.67 34 33.95 
15.04 15.09 13.65 18 17.9 
49.99 49.99 45 41.39 47 
47 46.99 53 44.99 39.69 
79 58 57 60.3 69.9 
91.02 89 69.99 151 55.37 
119.99 118.08 124.99 129 74.99 
71.46 77.2 89 75.74 82 
89 43 50 51 54 
22.25 70.11 54.99 15 34 
28 64.9 25.9 25 25.9 
15 14.12 11.69 11.54 20.52 
101.97 119.99 43 99.9 110.84 
95.9 142 77.95 93.44 105.37 
34.99 26 34.99 25.22 26 
43 30 32.41 29 48.5 
41.04 40 44.99 49 44.9 
34.06 35.9 19.99 22.03 18 
27.05 51.22 23.94 26 22.49 
79.99 48.31 51 43 53 
26.05 36.5 39.17 34.18 39 
55 51 52.49 51 54 
18.9 14.99 13 18 17.64 
51 49 45.73 52.49 58.99 
11.4 20.48 24.8 20.47 34.99 
19 16.02 15 10.39 13.47 
29.99 34.99 27 21 31 
43.05 49 45 44 38.58 
29.9 34.99 26.99 26.99 24.33 
18 19.9 18 22.25 14.49 
49.9 42.9 43 54.9 44.9 
59 54.44 75.99 118.5 59.9 
16.84 12.99 18.05 12.58 13.28 
47 47 55 44.9 34 
107.37 113.78 122.99 116.77 128 
119.99 109 109.99 109.99 136.99 
89 89.99 92.9 106 89 
49.89 34 46.75 51 46.75 
29 46.3 47 34.9 42.99 
17.64 19.9 16 11.99 6.08 
19.9 13.55 19.68 19 19.9 
44.98 49 47.01 49.99 34.9 
34.99 29.99 31 34.99 27 
125 24.99 22.25 19.99 19 
39 27.5 12.3 11.81 15.75 
39 49 49 139.99 58.99 
19 19 15 18 44.28 
9.99 30 29.99 34.99 29.99 
29 25.22 26.97 29 24.69 
48 46 46 49 47.19 
18.61 34.9 18 35.67 26 
51 49.99 69.99 52.32 54 
26.94 29.9 69.9 26 24.21 
56.05 52.32 54 52.49 39.6 
53.15 58 61.5 59 63.36 
80 78 80.9 84.99 85 
46 30.63 42.93 29.98 56 
48 49.89 49 49.47 55 
32.5 26.99 31.7 24 30 
51 51 51 52.47 48.31 
44.5 49.99 39.99 41 17.99 
47.19 49 47.19 46 48 
44.72 55 51.6 53 59 
13.86 9.99 12.9 5.07 5.62 
34 34.99 30 29.99 9.9 
36.5 28.78 34.44 9.99 19 
56 57 51.9 51 55.99 
18 42 17 19.99 29.99 
64.46 73.9 63 67 68.29 
51.44 79.99 51 48.31 79 
18.45 16.02 19.99 18 22.25 
49 49.89 42.57 49 44.22 
14.99 14.89 20.76 19 13 
18 29 17.98 20.83 29.99 
39.99 28 24.33 26 29.99 
74.18 79.46 89.9 82.32 81 
34.99 22.57 29.99 14.99 9.9 
57 51.54 39.6 62 51 
19 34.99 34.99 28.49 11.12 
13.54 10.58 10.39 18 13.53 
40.89 28.99 26.05 39.99 41 
17.64 12.15 14.99 13 13.6 
16.63 15.67 19 26 20 
106.3 124.99 116 129 122 
39 38.8 27.99 12.99 15.75 
69.9 119.99 129.99 56.35 69.99 
17 19 16 12.15 7.9 
49.47 45.57 42.99 49 19.9 
42.19 44.99 52 44.65 44 
149.99 104.99 129.99 89 119 
12 16.84 12.88 18.05 15 
36 30.99 35 29 27 
19 19 34.18 18.45 25.99 
26.4 29.99 21 80.99 28 
55.9 69.9 124 78 64.9 
51 79.99 79 51 57 
28.98 32 33.3 35.67 34.99 
17.9 15.49 13.13 13.46 39 
41.53 31 48.9 22 26.05 
79 86 119 74.99 115 
49.99 65.62 76.05 61.17 29 
77 80.71 81 79.9 80.71 
22.57 28.51 36.5 48.9 26.05 
24.59 30.99 34 28 28.99 
49 49 55 45.57 49.47 
17.79 19 17 13.55 15 
49.9 59.9 48.18 59 44.98 
51 51.44 53 57 54 
55.43 44.99 45.82 79.99 45.82 
49 48 45.9 44.22 49 
32.98 25 25 39 25.49 
55 59.99 46.19 54.99 55.99 
84.5 78.07 68.27 109.9 110 
16.8 20 34.18 44.28 19 
9.9 4.99 29.99 29.99 22.77 
76 70.87 85 82.93 85 
57.75 67 59 43 55.99 
44 39 54.98 54.99 59.99 
85 99.98 89.9 68 93.99 
28.3 29.99 28.9 29.99 31 
27.68 44.55 26 45 31 
30.27 30.75 30 29.99 29.9 
145 149 149 149 179 
103 99.9 114 103.98 109 
18 17 9 13 17 
129 69 119 97.14 102.66 
17 18 19 17 10.39 
51 49.99 52.32 51.8 59.99 
118.5 69.99 79.99 119 89 
49.89 40.29 46.11 45 49 
11.69 15.41 22.25 18 19 
47.01 58.89 54.5 45.92 49.99 
26.29 35.99 29.99 26 26 
117.79 119 118.99 149.99 129 
87 93 90.82 90.09 94.9 
23.64 29.99 25 24.99 22 
21 11.99 13 18.9 12.58 
63.33 70 69.8 61 61.01 
51 46.3 47.01 47.01 49 
29 26 26.91 34.99 26 
25.22 30 29.9 26 29.99 
23.23 35 29.58 17.9 34.8 
18.95 11.99 13.28 16 17.64 
59.13 66.89 148.9 61.38 62 
18 18 19.99 20.76 20 
81.15 108 119 89 79.9 
49 47.01 48.5 46.75 44.99 
24.59 24.59 28 29.9 29.99 
28 29.99 28.58 26.57 27.68 
49.99 67.31 39 66.11 67.31 
129.99 79.9 116.53 125 119.9 
54 54 62 54.99 51.54 
41.86 51 49.08 52.32 54 
57.02 79.9 70.11 64.99 62.86 
28.58 29.99 29.99 28.49 24.62 
46 49 52 46.3 43.79 
34.99 25.22 26.97 28 26 
30 26.91 26 24.33 39.99 
34.99 38.9 29.7 34.99 29.7 
14.06 51 19.9 14.11 19 
30.99 49 44.9 40 49.9 
42.9 78.07 75.65 105 78 
29.99 24.33 26.99 29 34.99 
54.99 51.99 56 69.99 34 
69.9 62 65 79 59 
57 57.45 52.79 59.99 59.9 
49 49.99 49.9 53.8 47.01 
49.08 40.18 38.99 39.45 34.97 
20.76 15.03 18.45 11.69 18 
14.52 18 16.49 16.9 22.99 
30 34.99 29.9 26.99 34.99 
52 56 43.49 27.7 55 
13 13.99 13.6 18.9 12.15 
29.99 20.67 29.99 25 23.64 
48 46.89 47.01 47.01 46 
81 89.9 79 80 82.32 
9.57 19.99 32.99 32.5 18.99 
52.99 65 69.99 59.99 69.99 
54.9 59.99 46.12 49.9 59.99 
51 49.89 46.3 49 47.01 
49.99 48.5 43 54.9 44.9 
51.54 54 35.9 49.08 19 
19 18 15 29 17 
44.99 55 49 59.99 34.9 
39.9 48.5 49.89 44.22 50.76 
59.99 47 51 46 49 
26 113.75 26 29.9 26.74 
69.9 53.9 55.44 59.99 51 
14.34 22.25 24.99 24.99 25 
26.06 31 21 24.67 34.99 
16 18.9 13.6 17.64 19 
108 123.51 129 129.99 129.8 
13.34 17 10.58 10.39 20.76 
29.99 34.99 24.67 27 26.06 
43 39 49.9 43.5 44 
19.99 19.99 11.54 34.99 19 
79.99 100.4 109 111.15 117.77 
39.69 42.19 47 47 44.77 
27 19 23.94 69.9 25.74 
34.9 39.69 44.65 44 49 
85 108.22 109 110.16 130.5 
87.48 69 89.9 79 89.9 
26 24.62 28.58 28.58 26 
59 58.84 54.5 39 58 
61 56.46 69.99 60 59.8 
49.47 54 54.08 57 49 
55 16.99 19.99 16.9 16.99 
43 36.8 37 41.04 40 
16.8 19.99 9.99 13 15 
16 15 19 15.09 17.9 
28.11 47.99 49.99 39.24 56 
25.9 29 26 24.79 31.56 
29.63 29.15 56 94.32 89.99 
15 25 17 14.97 14.97 149.99 18 13.9 17.9 30 19.99 13 15 19 14.97 17.9 17 22 25 21 30 29 19 19.9 19 29 19 14.97 15 21 17.9 21 25 13 19.9 20 35 17.9 21 26 21 19.9 29 30 18 12 19 13.9 9.99 19 9.95 29 15.99 19.9 19.9 19 21 22 14.97 20.99 19 18 15 29 24 14.97 21 13 25 30 19.9 17.9 13 17.9 30 25 21 15 25 9.95 17.9 15 20 12 18 20 13 13 35 17 30 17.9 13 17.9 29 17.9 26 21 24.9 15.99 22 18 30 14.97 24.9 14.97 12 13.9 15 19.9 19 20 13 21 24 22 25 21 15 23 29 14.97 17 12 9.99 25 15 14.97 17.9 17.9 13 20 15 35 17.9 9.95 20.99 14.97 9.99 21 25 14.97 30 30 17.9 19.9 21 29 17.9 25 30 9.99 26 35 30 19.99 15 30 15.99 22 24.9 30 21 12 17 30 18 17.9 29 30 19 14.97 30 30 19.9 19.99 15 25 30 35 19.9 17.9 30 12 20 29 19 23 20 19 30 13 13 17.9 18 29 30 21 18 15 30 17 20.99 14.97 14.97 14.97 17.9 9.95 22 15 30 25 12 30 19 29 19 30 15 13.9 19.9 25 13 20 12 25 17.9 19.99 19 19 19.9 17 29 19 13.9 15.99 19 12 17.9 18 
