5 240
58.99 61 62.71 59 59.2 
34 27 39.99 14.9 29 
56.35 69.99 102.34 59.99 48.67 
26 34 26.99 25.22 29 
144 149.99 148 139.35 149.01 
15 14.89 20.66 16 17 
29 30 25.22 29.99 27.68 
119.99 79 99.99 78.99 99 
39.99 25.74 34 29.99 26.73 
29.9 30 27.87 34 30.2 
59.99 51 49.89 49 43 
99.99 79 90.82 99 93 
47.01 49 52.89 49.99 56.99 
49.89 49.99 49 55 47.01 
34.9 45.85 51 44.99 49.89 
58.43 55.97 59 58 69.9 
94 123.99 90.41 84.99 96.69 
49 40 43 37 49.9 
67 49.99 53.06 54 53.06 
49.74 54.5 59.99 52.89 47.01 
18.99 18 19 39.99 19 
31 26 31.7 29.99 34.99 
59.99 47.88 43 49 45 
18 15 20.66 18.91 22.25 
31.68 29.9 27.87 30 35.5 
51 49.47 40.92 44.99 52 
11.99 17.64 13 15 13.6 
49 40.99 53.8 54.9 49.99 
86 49 31.88 29.99 25.52 
99 77 74.42 89 89.9 
14.9 29.99 39.99 29.13 29.13 
142 55.99 59.13 55 54 
127.59 133.04 129 119.99 133 
29.99 22.76 20.67 29.99 34 
26.7 33.9 9.9 26.9 19.99 
16.49 24.99 18.45 19.99 18 
59.9 49 49 52 54.08 
43 32 28.91 30.51 32.99 
34.99 29.99 34.99 24.33 26.99 
18 18.45 20.76 14.34 17.82 
15 14.99 16 13.28 24.9 
25.76 25.76 34.99 24.67 29 
129.9 149.99 118.99 129 117.79 
36.5 39 16.53 17.9 17.9 
42.99 54 27.06 27.17 27.06 
15 17.71 18 17.99 17 
18.45 14.74 16.9 16.99 19.99 
57 45 48.5 46.99 55.99 
35.04 79 43 35.9 51 
50 49.97 44.22 61 50.43 
22.25 14.34 18 16.9 20 
80.77 128 122 119 124.67 
47.01 46.99 59.99 49 53 
34.9 39 18.61 38.99 18 
17.32 14.3 19.68 20.76 15 
19.9 18.9 12.15 13 13.6 
12.15 13.6 13 13.28 11.99 
52.47 54.74 61 58 69.9 
56.18 25.9 43 27.05 23.94 
60.32 56.99 59.99 52.46 49 
47.5 59.99 51 45.04 45.85 
15 14.89 15 20.76 14.99 
15.32 34.32 19 19.99 18.5 
27 86 31.88 27.29 30.9 
79 77 77.2 72.27 89.9 
38 22.15 56.9 49.99 44.5 
31 34.18 18 29.58 34.18 
44.12 50.11 47.12 56.99 54 
19.68 14.34 15.41 9.99 18.45 
32.37 34.44 36.5 9.9 9.9 
26.29 26 28 29 24.69 
19 18 16.02 39.99 22.25 
24.33 30 25.74 69.9 23.39 
27.05 31.56 28 26 31 
135 154.31 129 153 179 
94 99 90.41 90.66 100 
29 26 113.75 24.33 31 
51 46.3 47 29 42.9 
13.53 13.99 15 11.54 20.76 
84 93.99 58.41 78.35 89.98 
49 58 60.32 49.99 59.99 
54 59.99 49 44.22 85.5 
119.99 115 106.22 135 114.99 
44 52 46 46.89 49.47 
28 30 26 29 26.74 
56 79 55.61 69 61 
79 79.9 119.9 107 79.99 
123 135 133.04 121.17 119.99 
12.88 12.99 16 16 12 
12.99 13.99 17 13 12.15 
10.39 19 11.69 15 43 
13.13 13.78 15.49 17.9 49.9 
44.99 45.99 52 52 46 
44.9 44 39.99 44 49.9 
26.29 26.9 31.7 26 29 
122.39 98.9 116 119 89.99 
43.99 38 41 38 35.79 
10.39 18 14.59 17 13.6 
54.99 58 52 39 59.99 
39 34.18 16.53 19 18 
51 51.9 51.9 56.05 48.31 
34 59.99 53.9 54 51.54 
12.58 13.6 19.9 15 11.99 
123 128.5 117.99 114.02 119 
57.84 43 59 59.99 55.99 
59 49.08 57 50.8 56.9 
83.69 90 119.98 123 116 
47.01 49.31 52 52.93 55 
22.03 33.9 18 20 15.67 
30 25.52 29 27 31.88 
79 39.99 29 32 30 
31.7 29.99 26.74 24.33 26 
47.01 49 45 49 57 
15 18.9 13.28 17.64 19.9 
29.99 34.99 31 28.99 21 
119 119 114.02 125.42 129.99 
43.74 53 51 48.94 49.84 
24.99 31 16.9 30.67 29.99 
31 29.99 25.8 26 34.18 
74 75.65 73.19 54.9 59 
117.99 129.99 172 123.39 129.9 
13.6 21 17 16 17.64 
59 64 62.71 59.2 61 
18 22.25 15 16.9 19.99 
29.99 31 26 34.99 24.33 
18.9 13.28 16 13.6 17.64 
46.99 45 44.22 49.31 49 
14.34 20.76 18 10.39 20 
87 81 76.99 73.7 81 
26.08 29.99 30.9 25.52 30 
29 49.89 51 49 47.28 
18 10.58 10.63 17 13.53 
34.18 37.9 36.5 39 34.18 
17 18.9 17 18 17 
18 12.15 13.6 18.9 17.64 
47 42.99 46.99 48.92 44.65 
18.11 14.79 14.93 10.39 17 
85.19 59 79 92.56 87.36 
121.19 80.77 88 137.99 123 
66.83 67 65 69 73.9 
57.81 64 53.74 58.99 69 
129.99 123.51 74 139 127.27 
79 119.99 115 66.55 70.02 
49.99 69.99 49.99 43.98 54.99 
16.99 17.9 14.17 15.09 19 
55.95 69 58.74 62.91 61 
20 26 22 34.18 38.99 
53.8 59 46.9 43 46 
49.08 49.9 53.9 51 53 
145.4 149 147 149 158.99 
124.67 123 138 90 89 
39.9 34.99 33 43 35.67 
26 28.99 35 26.5 27.68 
51 48.31 52.47 56.05 62 
58 59 67 55.99 79.99 
15 20.76 10.39 17 19 
66.99 48.31 56.05 52.49 77.99 
35.5 34.9 39.49 41 39.99 
44.99 42.99 49.47 55 46.3 
27 28.71 26.06 28.22 27.56 
51 40.44 47.01 42.99 47.01 
25.88 27 29 29 30 
79.99 26 31.56 29 11.9 
29.9 29.99 4.99 29.99 22.57 
30 24.69 26.9 29 26.9 
48.31 54 109 53 56.43 
33 35.67 36.65 33.9 33.61 
17.99 9.99 69.9 36.6 46 
28 24.78 26 34 29 
51 69 109 43 56.43 
25.39 27 29.13 30.77 34.99 
29 27.21 28 26 24.75 
59 55.99 58 59 59 
44.9 16 38 21.99 15 
13.28 16 4.7 6.53 17.64 
59 49.08 54 38.99 40.18 
108 107 119.99 108.08 96.95 
24.36 27 29 27.68 25.22 
29.99 31.56 28 29.99 26.85 
19.99 14.34 22.25 16.9 16.02 
73 78 115 79 79.99 
42 39 35 28.99 40.16 
49 49 46.6 53.8 49.2 
69.99 119.99 56.35 64.9 53.83 
15.67 15.67 17 19 18.49 
61 49.08 57 54 62 
22 24.99 23.64 24.99 25 
57.26 98 105 94.96 98 
39 32 29.99 10.43 20 
45.82 69 45.82 70 59.99 
53.85 62 48.67 34.99 56 
29.9 34.99 34 25.74 24.93 
31 26.5 27.86 29.99 28.5 
107.5 108 96.95 80.99 114 
79.99 79 159 77.09 78 
94.46 95 97 104.24 104.24 
80 89.9 78.97 87.48 69 
52 49.9 44 49 51 
44.86 51 47.28 44.99 46 
80.9 78 82.32 84.99 80 
79.99 79.99 59 39 79.99 
54.5 40.67 41.1 44 44.4 
65.9 61 64.08 62 66.89 
19.9 15 15.04 24.99 29 
82 68.99 69.99 70.36 55.61 
57 65 69.9 60.3 52.46 
111.71 99 153 114.84 109.99 
89.99 119 104 98.9 106.71 
34.99 4.99 56 14 6.26 
49.99 46.16 55 59.99 54.98 
13.63 19 19 20.76 10.39 
25.22 36 50 56 26 
51 50.8 54 51 51 
34 28.22 34.99 27.56 25.76 
107.05 117.77 117.77 120 111.15 
19.68 20.76 15.41 18 19.99 
47.01 56.99 52.89 59.99 45.92 
27.21 69.9 26.94 26 34.99 
69.9 57 61 59 63 
69 85.19 80.81 81 59 
78.97 79 69 89.9 89.9 
15.67 34.5 19.99 17 18.49 
19 11.54 22.25 10.39 19.99 
124 60.28 59.18 98 94.96 
21 19 15.19 18.1 16 
26.4 24.99 36.5 25.52 35.67 
54.98 49.89 55.99 49 49.47 
43.99 55 86 49.99 45 
41.89 44 39 39.99 39.99 
101.97 99.9 119.99 119 43 
17 18 13.88 14.1 15.21 
17 20.91 10.39 17.99 19.68 
13 39 12 27.5 13 
29 27.76 29.68 27.84 31.6 
57 54 52.77 49.31 87 
77.69 66.99 80.19 51 89 
73 27.3 23.23 62 65.99 
49.99 44.58 48.67 43 44.16 
44 44.22 49 53.8 47 
82.32 80.9 80 84.99 74.18 
19 14.97 9.95 30 13 15 24.9 21 15 25 19 26 13.9 19 149.99 19 19.99 26 9.99 13 20.99 25 15 17 30 15 30 25 19.99 20.99 14.97 25 29 19.9 24.9 15.99 17 13 19 15.99 19 19 24.9 15 15 13 25 19 19.99 25 21 29 24.9 17.9 15 15 19 17 19 20 17.9 17.9 23 14.97 17.9 9.95 20.99 13.9 15.99 30 25 24.9 25 18 9.95 24 30 149.99 30 26 30 22 15 18 30 30 25 17.9 30 17 13 15 22 19 25 25 19 19 24 17.9 19.99 29 20.99 15 30 14.97 19.99 30 17.9 18 14.97 17.9 19 35 13 25 15 29 19.9 30 19.99 30 17.9 21 18 19 22 15 13 20 15 15.99 15 30 15 22 13.9 19 19 20.99 20.99 29 13 30 29 15 30 30 18 13 22 30 17.9 12 12 20.99 9.95 15.99 18 19 17.9 19.99 19 13 17.9 17.9 15 13 20.99 18 30 17.9 17.9 20.99 23 15 24.9 17.9 17 24.9 13 30 17.9 29 9.99 20 30 18 14.97 22 19.99 13 25 19.99 21 19.9 30 18 22 14.97 12 15 30 30 13 14.97 20 20 14.97 29 17 20.99 18 17.9 20.99 19 19 30 17.9 9.95 19.99 14.97 30 15 35 21 19.99 17.9 14.97 14.97 15 35 17 20 22 18 15 25 20 17.9