5 400
31.5 34 24.33 29.99 26.91 
32.9 44.99 52 50.29 52 
29.99 42.63 26 28 34 
55.99 31 54 41.86 49.08 
20 19 13.63 18 18 
78 90 79.99 75.64 69.99 
26 26 34.99 29 25.22 
17 21.99 11.69 16 15 
64.99 43 119.99 109 119 
99.9 93.6 99 155 160.16 
59.99 42.99 53 49 44.99 
22.25 18 18 19.99 16.02 
59 52.49 56.05 69.99 54 
58 79.99 43 60 79.99 
52.47 56.05 61 48.31 51 
92.56 69 99.99 83.58 58.41 
55.61 66.99 55.61 59 56 
9.99 7.36 19.9 10.7 11 
53 54 54.99 52 59.99 
20.76 14.34 19.99 18.45 18 
129.99 124 172 124.67 129 
69 59 80 32 63 
59 57 40.18 56.05 34.97 
22.49 69.99 25 29.9 69.9 
54.08 49 46.99 57 54.99 
16 13.28 18.9 14.99 17 
17 18.45 15.03 10.39 18 
149 149.01 140 146.31 153 
43 26.9 27 27 28.04 
16.9 22.25 15 10.39 15.84 
30 43 29.99 30 30 
72.27 69.16 77 77 88.5 
47.01 46.3 52 51 53.8 
89.9 81 80 84.99 74.18 
17 15.19 18 18.1 16 
19.99 19.9 47 52.45 19 
18.9 13 17 14.98 14.99 
82.87 45.82 56 69.99 60 
29.13 29.13 7 29 35.5 
24.36 25.74 24.59 25.22 30.99 
49.99 39 44 44.9 44 
109.9 69.99 57 59.99 129.99 
29.99 31.7 26 26.29 26.9 
49.47 49 40.92 47 51 
81 83.79 89 99.9 82 
49 67.31 77 66.11 39 
65 93.99 109 73.19 78 
39.99 15.65 19.9 22 34 
29 79 31.56 11.9 25.9 
50.06 57 55.99 49 50 
12.99 12 12.88 16.84 15 
13.99 16 19 7.9 17 
25.57 26 30 25.22 29 
77 44.99 51.43 69.99 57 
79 80.81 75 99.98 89 
59 60.07 65 62.9 54.33 
16.99 20.76 20 18.45 18 
56 31 48.31 59 51 
26 26 26 24.33 25.78 
119 119 129 149.99 117.79 
44.99 55 114 57.9 55 
108 54.91 43.56 69.98 64.18 
62.37 66.9 269.99 84.6 62.17 
72 79.99 79.95 80 79 
18 23.23 19.99 16.8 20.76 
119 129 34 122 19 
31.7 28 29 28 27.68 
109 106.91 129 109.99 105 
29.99 29.9 20 35.67 22 
18 18 16 14.17 15.04 
59 67.9 80 61 25.39 
29 49.47 52 44 48.89 
80 129 89.9 78.98 78.97 
18 13 17 16 13.6 
97 106 99.99 89.99 83.98 
65.58 67.9 69 61.52 60.53 
43.99 48 44.77 43.05 84.99 
83.79 93.99 69 82 80.81 
98.6 110 109 102.66 110.28 
99.99 83.58 57.16 91 73.7 
52.32 54 51 54.69 53.9 
39.99 22 15.64 22 9.99 
44.11 39.87 55.43 59.99 45.82 
30 31.7 27.68 28 28.99 
31.56 24.33 26.29 25.11 27.05 
103.98 109 99.9 99.04 99.9 
29.99 25 41.18 20.48 37.61 
22.49 56.18 26 25.9 129.9 
15.21 18.45 17.9 17 15.04 
67 62.57 59 39 59 
102.34 48.67 57 104.94 69.9 
17.99 36.8 46 41 69.99 
40.83 46.75 46.75 55 49.47 
13.65 13.26 17.9 19 15.09 
115 118 121 112.9 115 
37.5 19.99 36.9 42.9 40.69 
39 44 49.9 39.99 41.89 
56 50 24.59 27 29.9 
44.99 45.85 44.22 34.9 52 
52.32 55.61 106 48.31 55.99 
57 48.5 44.22 39.9 55.99 
54.08 48.5 44.22 49.47 52 
44.28 39 40.89 40.16 38.61 
34.99 30 26 26 31.7 
24.69 26 29.99 26 28 
91 28.16 21 80.99 26.4 
25.46 34 41.99 31 29.99 
17 18 10.39 15 20.76 
99.04 103 104.99 103 105.91 
15.04 21.99 16 14.11 15 
88.5 72.01 76 75.99 84.9 
54.08 54 55 52 49 
51 54 52.59 62 54 
17 13.28 13 13.6 17.64 
17 18 7.9 16 13 
16.9 22.25 16.02 14.34 19.99 
28.51 56 26.31 32.9 94.32 
18.9 14.98 17 17 16 
66.36 39 34.18 31 39.99 
49.99 37 49.99 119.99 43 
45 35.67 34.18 39.54 31.1 
29 25.99 30 19 42.99 
18 22.25 20 17 16.99 
15.67 18 17 15.67 19.99 
51.54 39.99 56.05 35.5 54 
39.99 24.75 49.99 46 22.15 
9.9 9.99 34.44 9.9 28.78 
33.3 28.98 40 28.11 56 
39.99 43 19.99 39.99 58.99 
16 17.64 14.99 16 12.15 
78 89.9 84.99 81 74.18 
119 70.02 119.99 119 115 
98 98 98 94.96 105 
19 15 20.76 10.39 18 
58.84 55.99 62 60 59 
29.99 29.91 31.56 29.99 29.99 
19 18.99 13.63 29 19 
17.9 15 11.54 19 15.41 
49.89 47.01 55 49.47 49 
13 16 18.9 19 12.15 
69.99 44 43 49.99 46.18 
27.05 25.9 29 26 28 
72.42 72.42 73 74 69.6 
135 88 76.79 84 128 
18.45 18 20 18 14.99 
40.92 44 49.47 49 52 
18 18 16 19 17 
59 49 58 59 54.99 
18 17.99 15.04 38 15.04 
16.9 16.99 16.9 18 15 
19.99 17.64 12.15 19.9 4.7 
51.9 51 55.99 51.54 56 
38 46 38.25 42 40 
149 179.9 149 128.9 149 
58.35 34 59 63.52 59 
49.99 56 47.5 49 48 
19.99 19.99 19.99 20 18.09 
52.93 49.31 49 59.9 55 
34.18 36.5 66.36 39.99 44.9 
26.4 28.16 28 34 29.99 
49 45.9 53.8 49.99 45 
15 14.59 17.9 15 15.99 
86 79 75.7 79 90 
12.51 32 12.5 28.49 34.99 
28.51 29.15 39.99 29.63 94.32 
19 29 61.17 67.82 67 
28.71 32.11 29.99 34.18 26 
39 24.33 34.99 30 31 
25.39 43 25.88 25.88 32.41 
26 34.99 29 26.74 24.69 
17 15 13.78 49.9 15 
69 54.9 57.99 41.25 55.61 
48.5 49 51 45.57 51 
17 10.39 14.59 15 14.89 
89.9 89 79 75 95 
65 79.9 65.08 55.45 72.5 
18.95 17.64 13.28 13.6 16 
54 51 51.54 39.6 54 
11.54 19.99 19.99 19 9.99 
49 29 51 55 49 
46.9 54 42.99 49 52 
29.99 25.22 26 30 29.99 
34.9 49.99 47 43.67 49 
19.9 16.84 12.99 15 13.28 
32 19 11.12 16.9 28.49 
89 55 49.08 54 86.9 
34.99 28 29.99 30 34.99 
87 91 73.7 81 76.99 
299.99 279 285 257.44 269.01 
133.04 121.17 125.28 129 119.31 
99 69.16 73.98 89 142 
16.35 18 19.99 18 19 
97 92.9 89 89.99 106 
51 48.31 57 49.08 62 
94.46 94.44 95 102 103 
59 53 50.8 59.99 52.47 
19.99 18 18 16.63 33.9 
52.49 52 49 59 53.61 
61.52 79 56 65.58 62.37 
29 40.92 44 41.99 52 
26 26 29.99 29 26 
48.99 55 45 57.03 59.99 
27.76 29 27.84 31.6 33 
44 45.85 49.9 43.67 48.92 
84.99 79 82.19 89 109 
129 114 114.02 118 106.3 
53 51.44 54 54 51.44 
34.18 31 20.83 29.9 32.9 
22.25 17 14.49 18 20.76 
59.9 39.99 75.99 118.5 39 
80.71 52.9 82.19 79 73.7 
13.28 13.99 12 12.99 16.84 
76.48 63.36 58 77.95 59 
14.99 63 63 69 57.9 
51 55.61 51 69.9 55.61 
59 52.47 59 69.9 51.54 
44.99 48.5 34 52 53.8 
89 50 59.99 55.45 60.32 
89 140.99 76.99 119 135 
269 273.06 273.06 246.13 279 
26 28 31 29.9 26 
56.05 55.44 53 49.08 55 
34.99 18.45 29.99 34 61.29 
25.22 27 26 25.57 39 
53.43 55.99 29.99 29.99 29.99 
44.99 82 99.99 93.69 73.7 
46.99 52.93 48.5 59.99 52 
24.75 26 29 65 29 
119.99 66.99 59 43 51 
13.54 10.39 11.69 18 15 
34.99 24.33 29.99 26.91 34.9 
100.4 109 115 111.15 106.4 
18.05 13.99 12 11.6 13.28 
69 69.98 54.91 44.99 57.99 
52.49 59.99 62.9 51 54 
79 79.9 77 77 90 
40.59 38.1 39.9 31 39.9 
27.56 34 29 30 27 
27.52 30.27 29.9 29.99 30 
34.99 24.75 69.9 26 24.21 
10.49 15.75 16 38 9.99 
14.89 16 19 19 18 
52.66 58 49.9 59 59.99 
49.99 56.05 79 34 88.5 
49 47.01 53.8 44.22 47.01 
59.99 45 41 45.66 39.51 
45.66 59 69 39.51 36.33 
50.76 49.47 47.01 57 59.9 
49.08 73.9 57.84 86.9 69.99 
45.9 44 44.65 43.32 49.9 
124 119.9 118 132.38 131 
20.67 19.49 25 29.99 29.99 
34.99 27 24.04 59 65 
47 55 44.77 45 86 
55 46.3 44.99 49.47 46 
49.9 77 129.99 49 65 
85 77 82.93 75.65 78.26 
38.98 55.99 43 64 43 
18 34.18 18 17.98 16.53 
16 17.31 19 15.19 17.99 
24.78 26.91 113.75 30 26 
52 49 49.89 46 46 
25.22 24.69 26.74 25.22 31.7 
49 51 47.01 47.01 39.9 
82 89.99 56.9 84 85.19 
49.99 42.93 37.99 39.24 38.25 
54.74 57.2 61 59 54.74 
79 47.01 45.73 50.76 54.9 
23.39 69.9 27 23.94 29.13 
18 22.25 20.76 15 16.99 
56.43 53 59.99 52.49 54 
105.52 69 107 109 99.9 
40.92 49 49.47 49.89 35 
55.99 53.61 54.9 50.76 53 
139.99 149 133 119.31 135 
34.99 26.91 34.99 56 14.91 
18.45 15 19.99 17 20.76 
44.9 40.67 54.5 45 44.9 
17 18.45 14.99 18 16 
64.99 61 60 69.99 64.54 
79.99 62.37 62.37 63.47 69 
56 49.99 52 49.89 44.99 
24.99 55.99 38.98 40.77 69.9 
38.5 34 41 46 42.93 
46 49.47 46 49.89 46 
49.9 50.76 53 59.9 54 
16 13.28 6.01 6.53 4.7 
54.99 59.99 49.99 54 46.36 
46.6 43.45 48 49.47 49 
49.89 52 59 47 46 
30 26.9 26 29 26 
35 39 11.29 33.98 37.63 
109 79.99 119 111.15 108 
54.9 59.99 59.99 54.98 54.99 
69.99 47.74 84.87 69.99 48.06 
14.99 13.28 16 13.6 13 
29 30 34.18 30 13.11 
14.59 14.05 15 16 20.66 
23.23 34.18 16.8 20 44.28 
50 55 49.89 47.01 52 
9.9 26.64 26.74 28.74 26 
29.99 26.53 39.99 29.9 24.93 
25.9 23.94 51.22 55.44 23.94 
29.9 34.99 26.99 34.99 26.99 
44.28 18 17 14.89 19 
19.99 17 14.93 20 14.79 
36.5 32.98 39 25 24.79 
46.3 52 46.3 46.3 44 
69 55.61 64.18 54.99 43.35 
118.99 184 123 129 118.99 
16 12.58 18.05 12.99 16.84 
23 17.32 15 15.66 19.68 
106.52 109.77 110 99.63 103 
49 29.9 34.99 26 31 
57.01 55.99 49.9 45.76 49.99 
55 59.99 45.73 49 79 
29 48.5 43 25.88 26.99 
31 51 54 55.99 56.05 
66.11 49.99 77 65 129.99 
56 43 57.84 48.31 59.99 
24.33 25.22 29 26 26.91 
38.98 41.39 24.99 40.77 43 
48 84.99 49 44.77 48 
16 13.6 17 13 18.9 
29.99 24.75 23.36 22.73 29.99 
24.78 26 26.74 25.22 26.99 
24.33 28 29 24.78 25.22 
25.08 31 29 26 28 
12.15 13 14.99 16 13.6 
16.02 18 18.45 14.34 20.76 
34.18 25.85 16.8 18 39.9 
49.99 42.9 55 53 45 
64.47 73.9 65 66.83 68.29 
18 18.9 13.6 13 17.64 
79.95 75.59 79 72 86 
81 84 87.36 99.99 83.79 
33.66 39 71 29.99 33.47 
19 22.03 17 35.99 20 
51 16 24.99 39 19.9 
49.84 47 119.9 53 56 
10.39 15 19 15 17 
44.16 42.89 46 66.5 65.9 
80.77 122 76.77 88 89 
19 32.99 22.03 16.63 19 
14.9 29 29.99 7 27 
21 19 15.19 17.99 16 
34.99 28.35 34.99 31 24.67 
99.04 99.9 109 103.98 103 
80.78 99 79 88.43 75 
50.99 44 45 43.05 43.4 
99.99 119 43 105.93 64.99 
14.99 16.02 15 22.25 20.76 
53 58 57.84 71 52.47 
79 74 89.9 89 76.3 
13.86 9.99 12.86 34 11.38 
26.91 26.99 31 26 28 
15 15 18 18.45 14.99 
16 18 13.26 16.99 15.09 
53.74 58 69 57.81 59.2 
56.05 57 34.99 59.99 55.99 
25.99 10.39 22.25 15 13.47 
65 69.9 59 58 52.46 
18.45 13.14 11.69 19 20.52 
18 10.39 14.79 20 17 
59.99 11.12 34.99 29.99 28.49 
69.99 56 59.99 70 45.82 
42.63 41.21 34.99 34.99 25.22 
20.67 24.99 29.99 24.99 25 
26.31 79 11.7 29 25.9 
58.18 116.35 45 59 48.5 
17 47 19 13.46 19.9 
118.99 120 131 124 124 
32.98 35.67 25 34 39 
49.31 49 52.93 54.99 55.99 
50.76 90 53.61 39 45 
35.67 43 35 31 34.99 
34.99 28 24.59 25.22 26 
47.89 57.99 44.72 53 59 
79.9 119.9 118.2 118.5 129.99 
73 79 78.99 74 89 
34.99 19.99 26.99 30 19.79 
42.98 53.8 55 49.89 51 
39.99 34.18 36.5 66.36 31 
40 39.6 35.99 34 42.9 
18 15.32 15 18 9.99 
74 129.8 74 129 127.27 
59 50 44.22 49 49 
66.43 68 65.22 67.9 142 
69.99 54 59.99 48.31 57 
51 51 57 48.31 51.44 
95.9 69.9 94 86.07 86.35 
52.93 54.99 49 49.31 59.9 
44 47 44.77 46.99 46 
44.99 44.22 47.01 49.99 29 
159 159 159 189.99 159 
19 10.58 18 17 10.39 
49.99 48.9 55 45 45.99 
70 79 73 115 55 
269.99 93.69 62.17 99.9 65 
15 17.32 17 19 15.66 
14.97 26 9.95 20 24.9 20 22 15 24 24.9 17.9 35 21 22 25 15 13 15 20.99 15 30 9.99 25 15 15 15 13 25 17.9 20.99 30 25 17.9 30 20.99 25 15 19.99 14.97 19.99 25 9.95 19 12 14.97 20.99 16 22 21 30 19 21 18 15 29 15 13 30 17.9 15 24.9 15 30 20 19 26 22 20.99 13.9 20 13 22 15 17 29 29 26 20 25 26 30 13.9 13 22 13 19.9 20.99 25 22 9.95 14.97 13.9 30 20.99 14.97 19.99 29 17.9 15 25 20.99 18 15 20.99 30 12 24.9 25 14.97 15 19.99 9.99 30 15 19.99 15.99 19.99 19 29 20.99 30 30 17 22 19.99 12 15 14.97 14.97 35 14.97 21 17.9 20.99 19.9 18 19.9 22 30 30 15 13 9.99 15 15.99 18 35 19 13 24.9 17 30 19.9 19 21 21 29 24.9 29 13.9 30 19.9 17.9 15 30 30 12 14.97 9.99 20 20 19 19 17 19 9.95 19 24.9 14.97 17.9 19.99 20 35 15 12 19.9 14.97 13 26 30 9.95 13 19.99 19 17.9 20.99 30 35 24.9 149.99 25 19.99 17.9 13 18 9.99 18 21 15.99 25 9.95 19 22 13 22 35 30 29 13.9 19 30 30 30 25 30 20 13 21 17.9 24 19.99 22 35 19 17.9 19.99 19 13.9 30 9.95 30 17.9 21 30 18 19 17 30 22 20 149.99 15 21 25 19.99 30 25 18 22 14.97 19 19.99 13 15 19 17.9 18 149.99 15 30 30 14.97 24.9 26 13 19.99 12 15 17.9 30 30 21 14.97 9.95 19 149.99 35 30 22 19 17.9 15.99 17.9 13 12 15 15 17.9 15 25 19.99 13 20 30 29 20.99 14.97 17.9 30 9.99 30 25 9.95 13 149.99 26 19.9 18 30 30 30 19.9 30 15 9.99 20.99 20 15 35 13.9 15 15 20 15 15 22 29 18 24 19 17 9.99 19.9 22 30 14.97 15 13 19 18 21 35 17.9 21 21 30 17 35 20 26 13.9 35 30 30 30 22 20.99 17.9 17.9 19.99 23 17.9 24.9 14.97 149.99 13 19.9 20.99 13 30 19.9 26 15 19 21 12 17.9 24.9 19.99 13 19.99 26 30 15 14.97 20.99 24.9 20.99 14.97 15 
