5 400
108.5 81 87 76.99 73.7 
62 66.89 65 55.95 59 
273.06 289 282 276.17 279 
49 43.71 39 49.47 49.99 
42.99 49 46.3 49.9 47 
46.75 49.89 29 51 44.15 
52 46.9 46.9 42.99 48 
29 28 25.22 49 31 
43.95 49.47 50 44.22 49 
15.04 15 18 17.99 15.04 
26.99 29.99 29.9 24.33 34.99 
69.98 60.07 69.9 59 62.9 
29.99 27.52 33.45 33 25.31 
25.22 26 26.74 29.9 30 
22.03 17 35.99 16.35 19 
44.99 49.47 55 53.8 52 
75 72.99 79 73.8 79.38 
31 53 24.53 23.94 29.9 
8 8.25 69.9 9.13 69.9 
29.99 53.43 29.99 45.66 27.5 
90.78 79.39 92.53 82.09 79 
229 249 220 205.9 237 
85 99.98 79 93.99 91 
15.04 20.52 18 18 44.9 
31 31 34.99 34.99 34.99 
54.5 44 45.4 39.68 47 
34.99 49 53.8 46.11 46.11 
40.59 39 38.1 43.98 29.99 
30 26 26 25.22 26.74 
49.99 29.99 37 58.18 49.99 
69.99 53 54 79 57.84 
38.61 40.16 28.99 35 39.99 
89 94.99 92 91.02 87 
42.33 46.9 45.77 48 53.8 
58 52.47 56.05 53 57.84 
29.63 39.99 29.15 32.9 89.99 
51 49.99 49.89 29 52 
35.9 4.99 33.49 7.95 4.99 
46.3 44 49.47 59.99 45.98 
19 26 10.39 15 18 
18 14.49 11.69 18.45 20.76 
69.99 109 53 56.05 56.43 
45 59.99 49.2 84.99 55 
29.99 25 29.99 23.64 24.19 
32.98 31.91 25 33.95 39 
14.99 12.15 14.99 18.9 17 
70.02 79 117.05 119 119 
19 34.06 37 14.74 19 
25.52 36.5 35.67 30.9 26.4 
14.12 17.9 19.9 20.52 13.14 
54.99 39 49.2 51 49 
25 19.94 29.99 54 24.53 
59 56.05 55 54 34 
34 49 59.99 49.47 46.6 
61.49 50.43 59.9 49 59.31 
11.46 9.99 8.25 18.99 11 
18 22.25 23.23 14.34 19 
35 27.86 77 29.99 59.99 
70.89 74.42 78.65 89 81 
69 69.98 64.18 54.9 55.61 
34.99 29.99 31 34.99 24.67 
20.79 26 29.9 25.22 26.99 
78.07 79 75.65 55 55.61 
34 32.7 52 53 55 
9.99 34 9.99 16 10.49 
79 75 99.99 87 80.78 
47 44.99 42.19 34.9 44 
29.99 29 28.58 28.49 24.69 
58 51 59.99 69.99 53 
26 26 27.68 25.22 26 
33.15 31.98 31 35.67 33.15 
87 100 89 89.99 87 
179 148.9 159.99 154.99 179.99 
25.22 28.99 31 28 28 
17 17.64 13 16 18.9 
109 110 73 105 75.65 
31 34.18 33 34.18 20.83 
18.05 12.58 19.9 16.84 12.99 
52 47.01 42.79 53 49.47 
39 54.44 118.5 59.9 55.44 
30 24.69 28 26 26.29 
49.89 52 46.3 59.99 49.47 
19 36.5 39 18 34.18 
128.54 129.99 113 119 165.7 
81 91 93.69 87.36 73.7 
62 58.99 58 55.97 60.07 
79.99 54.99 67.5 79 79 
118.99 129.9 149.99 129 129 
62 64.35 45.82 69 61.01 
108.5 90.66 98 100 99 
52.49 109 49.99 51.8 49.08 
14.74 15.67 17 26 20 
107.5 99.9 139 109.99 108 
35 30 36.5 34.18 19.99 
26.97 28 25.22 29 26 
113.16 122 114.02 129 121.77 
21 18.1 17.31 18.1 19 
99 99.5 98.9 104 116 
55 49 45 69.99 43.05 
109.99 119.99 111.71 114.84 99 
69 119.99 102.66 175.89 79.99 
48.92 47 44.77 53 46 
179.9 179 179.99 145 149 
30 43 31.89 27 29 
22.25 15.41 13.54 18 10.39 
79 78.24 82 69 73.19 
19 15 15 14.89 18.45 
13.6 11.99 13 12.15 18.95 
20 18 23.23 34.18 20 
24.99 24.79 24.99 35.67 36.5 
46.99 52 53 44.95 59 
72.5 58 99.9 69 41.72 
18.99 14.72 29.99 16.9 17 
54.99 39 49.99 37.99 47.8 
131 83.69 116 123 109 
27 31.9 69.9 23.94 29.13 
69.99 52.46 60.3 59 57 
11.69 11.54 18.45 19 18 
33.49 9.7 29.99 31 16.9 
39 17 19.99 19.99 19 
129.99 172 123 129.9 123.39 
51 51 59.99 56.05 40.18 
61 57 52.47 58 63 
33.46 61.54 39 33.66 65.58 
64.35 59.99 62 45.82 61.01 
20 16.8 23.23 34.18 16.8 
18 18.11 19 17 14.93 
22.03 24 17 32.99 15.59 
53.61 59.99 52 49.9 59.99 
28.58 27.68 29.99 26 24.69 
109 109 105.52 119.99 107 
34.99 69.99 29 27 25.88 
57 49.31 49.47 46.99 55.99 
17.99 49.99 42 38 35.32 
16 12.15 17.64 11.99 13.6 
52 51 49.99 41.99 42.99 
55.61 69.9 64.99 52.47 57 
16.8 18 44.28 42.99 18 
39.99 60.93 44.9 42.9 34.18 
49.99 45.9 43.91 52 47.03 
50 77 44.22 54.08 48.5 
159 151 157 159 189.99 
34 9.99 30 49 29.99 
48.5 52.93 50 55.99 50.06 
29.9 24.75 34.99 26.94 26 
45 49.89 49 43.71 49.47 
14.99 17 14.99 18.9 13.6 
69.9 43 24.99 38.98 40.77 
46 52 46.9 46.89 52 
18 20 20.76 16.02 18 
119 111.69 129 124 172 
39 31 34.18 18 17.98 
119 119.99 123 110 114.99 
12.09 20.3 24 25 10.99 
46.3 49.89 43.79 29 46.3 
34.99 71.5 14.9 34 39.99 
54.08 47.01 46.99 54.99 44 
16 15.04 15 21.99 18 
54 56 51 49.84 48.94 
60 83.94 89.9 49.99 50 
129.99 55 119 89 82.34 
19 13.34 13.53 10.63 10.58 
59.9 64.9 67 71 66.33 
38.61 26.05 28.99 41 35 
55.61 78 75.65 51 89.99 
24.36 25.22 25.22 29 29.9 
9.9 29 29 31 34.99 
17 39 36.5 16.8 22 
29.99 26 28 29 29 
179 145.07 135 139.35 153 
24.81 31.89 27.37 29.99 49 
51 42.99 29 46.3 47 
34.99 29.99 34 29.9 29.9 
19 19 20.76 18 16.02 
29 23.76 30.84 29.03 29.03 
43.49 44.99 29 49.89 49 
89.9 83.94 59.99 89 69 
38 45.99 44.5 38 42 
39.9 49.47 50 48.5 45 
13.28 16 18.9 13.6 12.15 
29.9 12.08 21.93 29.99 49.9 
59.9 64.89 64.9 75 68 
47 54.5 49.9 59 47.01 
42.19 44.77 34.9 47 51 
18.45 25 16.99 20.76 19.99 
19.99 18 19 20 15 
42.19 44.65 44.77 48.92 46.99 
46 43 53.8 41.12 39.99 
104 108 109.99 98 99 
17.82 19.99 18 21.99 18 
29.99 19.9 19.9 32 34.99 
59 59 59 49.97 77 
39 29 18 18 17 
23.63 26.19 56.43 26.9 24.04 
93.44 90 94.5 142 77.95 
13 23.23 9.99 15 19 
29.58 39.9 18 34.18 36.5 
129.99 65 123 106.32 108.92 
61 53.74 62.71 64 59.2 
29 29.99 26.91 31.7 39 
47.52 52 59.99 44.9 44.7 
144.99 153 149.01 139.35 146 
48.31 51 51 49.08 124 
25 24.99 14.34 25 22.25 
56 69 142 55 54 
22.25 15 19 20.76 18.45 
77.95 86.35 69.9 95.24 79.99 
36.5 34.99 32.55 65 39.9 
18 19.99 16.02 19.99 16.99 
113.75 27.68 25.22 29.9 24.33 
60 33.81 33.81 30.37 27.06 
157 189.99 129 158 159 
70.87 89.9 81 75.99 99.9 
26.31 29.63 39.99 94.32 28.71 
19 20 17 15.67 19.99 
53 55.99 54 39.9 52.93 
69.99 84.87 108 49.48 47.74 
39.99 14.99 39.9 43 35.67 
20 18 24.99 19.99 18.45 
49.99 45.29 49 45 53.8 
59.99 47.01 54.08 52.93 54 
69 109 129 109 106.91 
59.13 69 61 66.89 66.89 
9.9 29.9 34.99 14.99 22.77 
17 15 39 16.9 13.13 
15 24.99 19.9 19 16 
30.44 43 39.9 33.9 33.61 
50.76 49.47 48.5 52 44.95 
76.47 97.5 269.99 65 62.17 
18.45 10.39 19.9 11.69 14.34 
15.49 17 19 19.9 15 
16.53 19 42.99 16.8 39.9 
19.99 19.99 19 16.3 19 
59.18 94.96 98 60.28 57.26 
79 63.36 59 79.99 55.99 
15 18 14.17 13.65 15.09 
51.48 55.35 55 44.22 59.31 
39.69 49.99 48.92 44 34.9 
119 119.9 123 172 129 
45 34.9 40.99 45.9 49.9 
30 25.22 26 29 28 
26.73 34.99 33.9 21.93 24.8 
26 29.99 25.8 32.11 35 
29.68 27.76 33 27.76 27.84 
56 54.99 49.48 69.99 54 
59 55.95 65.9 59 62.91 
25 9.78 8.25 69.9 69.9 
43 25 58.99 19.99 39.99 
61 76.48 55.35 86 61.5 
11.69 73 19.99 19.9 14.34 
18.99 14.99 13 10.39 15 
30 26.74 29 27.68 34 
25.22 32.99 27.72 29 34.99 
52.93 54 52 48.5 55 
13.9 9.99 12.67 20 12.87 
20.79 30 25.22 34.99 31 
26 25.22 29 20.79 24.69 
59 69.9 62.52 69.9 58 
114 49.99 51.43 69.99 59 
109 110.84 105.93 119 101.97 
59 59 84.99 58 65 
17 16 13 17 13.28 
37.61 25 29.99 21.93 40.59 
59 57 69.9 69.99 52.46 
44.99 82 109 82.19 99.9 
13 13.6 14.99 17.64 12.15 
56.46 69.99 64.99 60 59.8 
59 29 48 49 46 
19 15.01 15 70.11 20.76 
54.99 59.9 59 59.99 52.99 
20.76 13.5 19 14.34 19.99 
29 53.8 49.99 55 49.98 
149 129 133.04 119.31 149 
29.9 30.2 38.9 32 35.14 
55.99 50 59.99 59.9 55 
128.5 124 129.99 119 119.9 
129 118.99 172 184 111.69 
28.49 22.76 29.99 24.99 24 
31 29 24.33 29.99 25.8 
45.73 47.01 46.99 44.22 59.9 
26 28 27.68 29.99 28.58 
49 46.43 51 55 56 
20.67 22 22.68 24.11 34 
46.11 55 49.99 49.99 49 
16.02 19 20.76 15 20 
49.89 59.99 48.5 44.95 43.95 
55.99 44.95 49 45 50 
59.9 50 44.22 59.99 61.49 
29.99 29 24.62 29.99 27.68 
95 89 114 107 108 
30 36.5 25.31 33.45 30.75 
15.59 18 18 22.03 19 
28.49 34.99 34.99 73.5 59.99 
35.67 36.5 33 30.69 39 
28 29.99 24.33 25.11 29 
79.99 105.37 86.07 86.35 77.95 
124 64 54 54 51.54 
33.3 43 34.99 31 63.5 
27.05 26 24.59 31 28 
18 73 20.76 18.45 19.99 
34 53.8 44.99 49.47 49.2 
34.99 33.49 32 29.99 19.9 
122.99 115 118 116.77 119.02 
59.99 51.54 49 51.06 66.99 
119 119 117.54 122.5 114 
53.74 64 62.71 64 62.71 
51 49.89 53.8 51 46.3 
18 38.99 23.23 20.83 31 
22.25 10.39 15 18 11.54 
84.87 49.48 48.06 84.87 47.74 
20 10.43 32 33.49 19.99 
87 90.82 89.99 99 89 
18.45 10.39 18 22.25 13.29 
20.52 15 44.9 21.99 16 
51.44 56.05 79 64.99 79.99 
48.99 52.49 59.99 52 59.99 
19 19.99 15.41 17 19.68 
29.99 32.9 20.83 18 18 
75.5 69.9 67 63.99 79.9 
36.65 30.44 35 33.61 33 
27.99 24.8 20.47 29.9 33.9 
10.39 15.41 18 11.69 22.25 
13.6 17 13.28 18 18.9 
13.6 18 13 12.15 14.99 
95 76.99 68 79.99 85 
44.9 41.31 44.99 37 49 
64.99 79.99 69.99 79.99 69.99 
45.99 36.99 38.25 42.93 38.44 
86 65 67.36 88.5 70 
9.99 18.04 39.99 9.99 19.99 
32.98 35.67 24.99 24.79 34 
59.99 59.99 59 45 46.19 
125 79.9 127.9 119.9 116.53 
119.98 119 131 76.77 123 
69.9 95.9 105.37 94 95.24 
67.8 79.9 85 80.81 95 
145.07 149.99 148 154.31 179 
9.9 31.7 26.64 26.74 29 
27 29.99 27 32.9 32.41 
36.8 41 17.99 36.6 69.9 
26 29 5.94 26 28 
46.3 46.3 51 44.99 46 
54 55.9 51 51 71 
53.8 56 44.86 47.28 48 
43 45 42 47 42.57 
52 45 51 49.9 59.99 
78.07 73 42.9 78 70.73 
49.08 33.46 47 71 53 
49 61 51.48 61.49 77 
17 17 17 13.6 9.99 
19.99 19.9 18.45 15 73 
20 17.98 26 16.8 34.18 
98.9 84.79 99 89.99 114 
13 15 16.8 23.23 15 
13 19.9 15 18.9 13.28 
15 19.99 13.5 18.99 18.45 
39.6 39 62 56.05 51.54 
22.25 20.76 19.99 13.55 17 
41 36.6 69.99 36.8 46 
29.7 31 29.7 38.9 34.99 
108 109 119 115 79.99 
114 59 44.99 55 77 
60 57 55 55.9 56.05 
24.99 25 36.5 24.99 34 
99.9 95.68 99.9 108 99.04 
28.49 29.99 34.99 28.58 28.58 
59.99 54 56.05 80.19 56 
59.99 61.01 44.99 44.11 57 
29.99 24.01 29.99 55.99 45.66 
24 25 19.49 22 24.19 
17 17 15.03 18 18 
61 63.33 70 39.9 66 
129 39 122 19 39 
99.99 89.99 99.99 99.99 57.16 
22.25 13.29 11.54 20.76 18 
16.9 10.39 16.02 19 15 
48.31 73.19 74 75.65 70.36 
29 38 26 27.68 26.91 
23.94 24.53 19.94 23.94 29 
119.02 114.99 114 117.54 122.5 
59 58.35 34.99 59 63 
49 29.99 34.99 32 34 
14.34 15 19 18 18 
42.79 45 49 54 49 
17 17.32 15 15.66 17 
32 44.9 44.9 31.1 31 
114.91 80.99 129 114 108 
16.9 10.39 20.76 18 18 
32.98 25.49 39 25 35.67 
62.52 77 54.5 289 58.99 
52 49.99 44.7 47.52 86 
49.47 42.99 49 51 44 
34.99 26.99 34.99 25.22 24.69 
54.99 49.99 65.9 43 44.64 
83.94 56.99 60 69 59.99 
99 109.99 109.99 119.99 119 
115 39.99 27.8 26 26 
17.99 21.99 15 44.9 18 
29.99 33.95 29 26.5 31.63 
22.15 56.9 36.78 42.93 24.75 
17.9 9.95 19 19 19.9 12 24.9 28 15 35 30 25 30 17.9 22 30 15 13 13.9 14.97 25 24.9 24 19.9 35 21 22 25 30 19.9 15 14.97 13 18 12 24.9 21 13 12 12 14.97 17.9 17.9 17.9 14.97 30 20.99 30 13 25 19 25 17.9 17 149.99 14.97 19 19.99 14.97 30 9.99 17.9 19.99 9.95 30 30 13 14.97 30 25 30 19.99 25 18 35 16 15 15 9.99 25 17.9 15 22 30 24 15 13 24 19 13.9 30 17.9 19 24.9 17.9 14.97 15 19.99 20 29 26 17 24 26 22 25 15 35 15.99 25 19.99 25 19.9 15 15 15 21 30 19.9 19.9 21 21 26 13 19.9 17 19 30 25 19 19.99 14.97 9.99 19 19 22 22 30 35 15 19.99 9.99 19 15 18 19.9 19 30 30 35 20.99 22 18 21 15 19.99 24.9 19.9 14.97 25 25 21 19.99 35 20 30 17.9 17.9 30 19 17.9 14.97 29 15 30 12 19.9 21 9.99 15 29 20.99 21 18 21 14.97 12 19 14.97 15 24 17.9 30 19 14.97 13 25 21 20 19 19 19 25 15 25 13 30 19 14.97 30 13 26 14.97 24.9 30 24.9 29 19.99 15.99 19.99 26 15 9.95 20.99 15.99 19.9 19.9 29 19 30 9.99 15 22 17 17.9 15 19.99 19 35 149.99 25 9.95 12 30 19.99 25 14.97 26 30 17 20 13 30 30 24.9 29 29 19.99 30 26 25 19 21 9.95 9.99 17 22 18 15 13.9 19.99 15 26 29 17.9 15 30 13.9 17.9 28 22 30 21 19.9 24.9 25 24.9 25 19 17 30 17.9 24 17 15 35 29 30 19.99 15 19 9.99 20 19 19.9 19.9 149.99 17.9 15.99 19.99 30 30 29 13 19.99 9.95 12 13.9 14.97 19.99 20.99 24 19 17 30 30 17.9 9.99 26 9.99 14.97 9.99 14.97 25 20.99 21 17.9 13 20.99 13.9 25 22 12 18 22 24.9 21 13.9 19 19 20.99 12 19.99 30 17 21 21 15 13 24.9 17.9 29 25 25 14.97 17.9 19.9 15 15 22 20.99 17.9 21 19 21 21 30 30 15 18 19.99 9.99 13.9 17.9 15 30 19.99 15 15.99 19.9 19 35 20 9.95 21 12 22 13 13 12 