5 400
9.99 19 32.5 34.99 9.57 
39 49.99 49 59.99 49.9 
20 14.39 15 17 17 
9.99 10.49 20.2 9.99 15.55 
12.15 16 11.99 13.28 14.99 
31 24.67 27 26.89 34.99 
14.74 34.06 20 17 18 
18 18 18 16.8 19 
140.99 138 89 89 90 
39.99 15 14.34 13.5 20.76 
15 24.9 17 13.88 18 
49.99 52 50.7 46.36 49 
48.67 46 49.99 46 66.5 
74.99 79 119 119.99 66.55 
12.88 18.05 15 16.84 12.58 
29 28.99 26.74 26 34 
119 99 98.9 119.99 89.99 
31 31.56 26.29 28 26 
10.39 14.34 22.25 20.76 11.69 
15 18 14.34 18.45 26 
79.99 120 119 117.77 111.15 
17 18.1 16 17.31 18.1 
62 61.99 43 59.99 52.9 
43.37 44.22 49.99 49.47 47.01 
34 29.99 26.89 34.99 34.99 
49 44.22 49 59.31 62.35 
22 29.99 26.5 23.64 24.99 
26.91 29 39.99 26 29 
51.44 54 57 51 51 
47 54.99 44 43 47.36 
54.98 45.58 59.99 54.99 51 
43.05 42 43.31 46.9 45 
68 71 62.85 119 66.33 
28.04 27 49 31 26.9 
60.3 59.99 59 52.46 65 
26.29 29.99 30 29.99 24.69 
73.06 78 70 51 48.31 
49 54 49 47.01 52 
39 44 49.99 39.99 41.89 
79 88.43 86 52.96 99.5 
29 25.22 26 29.99 30 
103 103.98 102 100 89.37 
25 24.79 35.67 34 36.5 
15.21 16 13.88 19 15.04 
16.99 11.69 17 11.54 19 
69 55 73.9 56.05 54 
11.03 19 59.99 73.5 11.12 
18 13.83 14.99 15 22.25 
199.99 219 179 179 179 
59.99 44.99 39.87 61.01 57 
54.98 59.99 39 49.99 49.99 
40.44 47 49 46.3 46.3 
59.99 51 69.9 53 51 
82 80.81 87 91 108.5 
54.9 58 48.99 46.19 49 
17.64 16 13.6 11.99 12.15 
25.88 48.5 30 29 30 
82 80.81 62 82.19 81 
81 78.35 56.9 75.99 99.99 
34.99 29 53.85 62 52.9 
39 16.8 28.51 18 20.83 
49 45.29 47.01 49 49.47 
53.85 62 29 43 52.9 
31.56 21 28 24.79 25.9 
47.01 49.99 42.99 49.89 47.01 
19.9 9.99 18.04 9.99 9.99 
29.9 29 49 19.79 28 
57 59 59.99 54.99 59.99 
13 12.15 17.64 7.9 17 
35.51 43 34.9 39.9 27 
44.9 45.4 39.68 49.9 47 
18 19 19 26 18 
19.99 34.99 33.49 7.95 35.9 
118 115 116.77 116.77 122.99 
14.49 20.76 15.03 11.54 18.45 
65.08 79.9 56.04 62 65 
69.99 55.44 61.9 48.31 51 
28.71 29.99 34.18 20.83 18 
29.99 17 17 18.45 14.72 
26.57 60 33.81 31.1 49.9 
24 26 25.8 31 30 
18 19 15 20 23.23 
39.24 48 49.99 42 37.99 
18.99 44.9 18.45 39.99 14.39 
89 81 79 72.27 82 
17 22.03 17 16.75 19 
44.99 30.99 79 43 37 
159.99 135 179 129 144 
59.2 62.71 61 69 58.99 
149 179.99 149 147 149 
103.94 113.53 122.07 113.52 122.5 
39.99 30 32.99 28.91 30 
40.59 20.47 29.9 29.99 12.08 
40.17 58.99 43.01 43 49.99 
99.99 87 59 83.58 85.19 
29 26 26 28 25.22 
45 47 59 49 49.99 
32.99 16.75 15.67 19 17 
26.5 24.19 22 29.99 34 
48.47 49.99 48 49 46 
65.9 61 67 62 69 
22.25 16.9 18 20 15 
89 95 90.41 98 99 
9.99 39 34 14.18 15.75 
32.9 46.11 40.29 39 45 
47.52 54 56.99 53 44.12 
103 95 102 94.44 109 
102.66 129 110.28 79.99 109 
77.99 80.19 86.9 54 52.49 
24.69 26.5 25.22 28 26.29 
26.74 29 29.9 31.7 26 
12.15 14.99 18.9 17.64 17 
59 55.99 142 55 69 
66 61 71 32 63.97 
44.9 44.9 43 37 41.5 
34.99 26 69.9 28 27.21 
25 23.64 24.99 22 22 
44 48.9 42 50.99 45 
35 34.8 20 31 39 
40.89 19.99 39 40.89 47 
29 26.29 25.78 33 25.22 
47.88 43.91 49.99 49.99 55 
59 69.9 65 41.72 72.5 
18.45 25 18 19.99 20.76 
15 19.9 15.66 19 17.32 
44.99 62.99 41.25 64.18 79.99 
51 42.99 49.89 59 47.5 
64 38.98 41.39 55.99 69.9 
47.01 49.99 47.5 51 52 
119.02 117 118 122.81 113.78 
49.47 29 44.99 34 44.9 
14.34 24.99 23 24.99 25 
99.99 43 99.99 92.29 93 
48 29 52 47.03 49.47 
83.94 60 49.99 56.99 89 
63 59 27 67.9 61 
26 31 24 25.22 32.9 
59.99 44 54.98 54.99 54.08 
38.82 9.99 9.99 9.99 34 
289.99 257.44 269.01 273.06 269 
52 45.99 52 34 59.99 
32 31.68 30.41 35.5 27.87 
54.99 54 57.27 34 51.99 
49 59.99 51.06 52.47 51 
9.99 9.99 20.2 20 9.99 
61.5 62 55.95 66.89 61.38 
26.5 24 19.49 23.64 29.99 
42.4 45.46 46.3 44.99 52 
78 75.5 69.9 63.99 66.99 
17 19 15.18 18.1 24.9 
43.05 49 48 50 45 
52.32 51.54 54 48.31 51 
13 18 11.54 19 19 
59.99 49 89 56.99 50 
34.99 14 6.26 34.99 4.99 
73.19 109 119 75.65 73 
219 179 209.9 189.99 189.99 
74 129.99 129.8 127.27 74 
18.1 16 19 17 17.31 
58.41 99.99 59 99.99 89.98 
36.78 48 32 36.78 35.67 
20.76 15 18.45 29 19 
18 16 19 17.31 17 
55.61 54 106 52.32 31.01 
11.53 12.48 6.99 12.67 20 
59.99 54.99 54.99 52.79 52.99 
107.37 149 113.78 116.87 123 
15 19.9 22.25 18 18.45 
26 35 39.99 25.8 29.99 
79 38 46 34.76 41 
49.89 49.99 56 49 47.01 
78.98 129 79 87.48 78.97 
49 49 53 42.99 49.99 
25.22 26 25 29.99 29.9 
49 29 42.99 49.99 47 
40.89 49 47 49.9 19.99 
45 44.16 42.89 49.99 46 
31 65 39.9 33.15 34 
18.1 15.19 18 17 17.31 
13.28 16 12.99 19.9 18.05 
89 89.99 81.5 87 119.99 
34 29.01 29.43 28 31.56 
29.99 18 22 29.9 16.8 
59.99 59 59.9 54 50.8 
22.25 16.02 18.45 16.9 19.99 
129.99 62.17 269.99 93.69 76.47 
15 17 19 18.09 14.3 
119 119 65 109.9 93.99 
85 84.99 104.55 79.99 92.53 
19 18 18 39 14.74 
99 98.9 127 84.79 114 
47.01 44.86 52 49.47 47.01 
39 54.08 52 49.31 44.22 
79.99 73 55.61 78 70.99 
17.9 17 19 10.39 9.99 
122 114.02 121 110.7 129 
32.61 34.63 54 79.99 54 
25.74 34.99 29.99 26.73 34 
17 21 13.6 16 12.15 
34 11.38 5.07 9.24 12.9 
54 54.98 45.73 58.99 49.9 
19 17.32 22.25 17 14.3 
117 116.77 123 119.02 107.37 
13.95 13.74 17 18 15 
16 7.9 18 13.28 17 
23.23 16.8 44.28 22 17 
48 47.19 49 44.11 40.16 
46 46 66.5 42.89 54.99 
18.45 13.83 14.99 20.76 16.9 
29 34 29.69 30.69 29.99 
19 19 16 22.03 19.99 
29.99 23.64 26.5 34 24.19 
32.9 29.15 28.51 26.31 94.32 
16.8 18 16.8 16.53 28.51 
129 125 125.73 119.99 149 
14.89 13.88 14.89 18 20.76 
14.34 16.02 14.08 18 16.9 
47.01 44.98 49 49.89 49.99 
13.28 16 12.15 18 19.9 
28.71 32.9 29.99 33 31 
24.59 30.99 56 36 24.36 
57.27 79 57 34 88.5 
112.9 129 114 110.7 129 
13.6 13.28 13 19.9 17.64 
17.98 16.53 18 29.9 16.8 
78 84.5 42.9 119 93.99 
24.02 29.99 28.9 22.73 29.99 
31.7 30 24.67 26 25.57 
17.31 19 14.99 15.19 16 
88 90.41 96.69 98 123.99 
29.99 26.73 24.53 28.99 53 
18 17.9 15.99 18.45 15 
30.41 35.14 38.9 27.87 30 
17.31 19 18.1 17 15.19 
59.99 35 48 47.01 55 
35 22.03 16.3 16.77 17 
59 49.08 51 31 48.31 
66 71.7 32 69.8 70 
34 33.95 25 24.99 32.98 
14.98 14.99 21 17.64 18.9 
26.5 29.9 28 31 26 
27.68 24.33 26 113.75 25.22 
133.04 139.99 135 139.9 149 
63 60.35 66.83 68.29 69 
57 51 49.08 61 56.05 
80.81 81 89.9 68 99.99 
27 35.5 29 9.99 29.99 
16.9 11.03 73.5 19 34.99 
37.63 11.29 34.18 45 40.59 
31.7 29 27.8 26 29 
10.39 13.54 19 17 17 
44.28 42 40.89 28.99 39.99 
26 30 26.97 29.9 31.7 
67 59 61.5 59 61.38 
39 53 52.47 71 48.31 
45.66 24.01 29.99 29.99 53.43 
47.01 55 53.8 49.47 44.22 
39.99 19 18 18 28.51 
26.91 26 26 29.99 27.8 
52.89 49.74 56.99 45.92 59.9 
59 54 54 51 51.9 
38.25 49.99 38 56.9 29 
5.07 17.9 9.99 12.86 9.99 
21.22 19.16 18.13 12.09 10.99 
28.74 29 31 25.08 24.33 
18.99 19.9 7.36 11 10.7 
49.9 39.6 52.49 62 51.54 
29.9 24.04 26.19 65 34.99 
20.76 13 14.34 20 19 
74 89.9 75 79 73.8 
31.1 35.67 54 44.9 27.06 
51 69.99 51 59.99 51 
30.69 39 35.67 36.5 34.18 
75.47 74 79 79.38 73.8 
48.31 59 54 51 49 
92.9 108 89.99 89 99.9 
43 47.01 52 49.47 46 
99.99 80.71 80.81 90 83.77 
51 38.61 64 49.08 51 
26.91 24.33 34.99 39 34.9 
16 21.99 20.52 18.45 17.9 
58 52.49 53.61 58 45.73 
17.64 13 17 16 12.15 
28.98 49.99 28.11 29.98 39.99 
19.99 17.9 18 15.99 39 
19 16 18.45 14.89 18 
52.9 34.99 61.99 29 48.67 
24.99 20.76 16.99 24.99 25 
30.37 33.81 44.9 54 31 
11.69 18 17 11.54 13.39 
55.99 46.77 53 51 90 
135 94.99 76.77 123 109 
44.22 51 44.99 46 53.8 
51 51 47 48.31 33.66 
29.99 34 29.99 62 33.9 
26 28 48.99 29.43 28 
89.9 88.5 99.99 77 70.89 
18.45 16.9 16.99 16.02 20.76 
35.67 24.79 24.99 36.5 24.99 
85 86.72 99.9 90.11 84.99 
78.97 80 78.98 89.9 129 
49 29 27 30 27.98 
86.35 86.07 79.99 95.24 93.44 
34.99 19.9 32 19.9 33.49 
33.99 19 19.99 22.03 19.99 
58 60 60.32 49 56.99 
31 29.99 24.33 30 39 
63.97 67.9 60.39 71 69.99 
299.99 285 344 269.01 263.47 
77 59 51.48 61.49 61.49 
17 18.45 18 22.25 19 
55.99 52.32 51.9 56 56.05 
57.81 64 61 59.2 64 
36.5 32 33.45 30 30.75 
17.32 14.3 17 18.09 15 
79 89.99 69 89.9 87.48 
73 78 70.73 110 75.65 
29 25.22 25 29 28 
51 51.06 49.08 56.05 51 
44.28 20 18 16.8 19 
19 17.79 17.32 13.55 19.68 
30.19 31.68 32 34 30.41 
16.53 39 31 39 36.5 
88.5 85 78.26 75.99 75.65 
89.99 89 99.99 97 99.9 
107.05 106.4 117.77 117.77 119 
97 89.99 88.9 89.99 94.9 
14.34 13.47 18 16.02 20 
77.95 58 76.48 53.15 59.99 
19.9 11.69 18.5 17.9 18.45 
44.22 50.29 55 52 34 
35 34.18 26 26 39.99 
16 17 15.99 18 17 
79 129.99 89 109 85.9 
34.99 24.33 30 34.99 34.9 
54 48.31 51 52.49 51 
69 65.22 67.9 67 78.74 
49.89 55.99 50.06 49 49.31 
94.5 94 93.44 95.9 90 
109.9 53.83 129.99 69.99 57 
38.44 49.99 40 37.5 45.9 
31 52.32 51.06 54 49.08 
49.47 49 55 52 44.99 
108 103.98 103 99.9 99.9 
59.9 49.07 54.5 47.01 41.98 
149 179 149 146 147 
89 84.99 98.43 94 88 
29.9 19.94 22.49 69.99 23.94 
139 121.17 121.77 133.04 123 
42.9 49 53 49.47 42.99 
34.99 29.99 28.58 34.99 26 
49 43.41 49.47 49.89 40.92 
17.64 13.28 13.6 12.15 16 
55.61 54.99 51 55.61 75.65 
93 39 99 92.29 91 
79.99 54.9 89.99 78 73 
45.66 69 59 59.99 45 
19.99 18 22.25 13.89 15 
34.99 4.99 22.57 9.9 22.77 
19.99 14.34 20 18 16.99 
119 93.99 75 70.73 73 
121.45 58.18 37 119 43 
46.18 40.17 54.99 60 43.98 
89.99 88.9 87 93.13 100 
26 28 29.99 29.9 34.99 
47.5 47 44.22 51 44.99 
26 29.99 25.9 25.9 28 
59 69.99 29 79 29.13 
108 105.91 103 109 114 
29.99 24.69 26 29 26.29 
28.71 44.28 31 36.5 34.18 
28.49 32 12.51 34.99 32.99 
29 31.56 26 27.05 25.9 
26 26.46 29 29 59.99 
18 18.45 14 20.76 14.34 
48.99 59 54.99 77 54 
75 78.21 67 71 66.33 
49.99 47.01 42.9 49.89 42.99 
28.49 29.99 28 29.99 28.58 
149 149 147 179.9 149 
49.99 51 49.08 62 54 
79.99 60 58.84 62.57 39 
99.99 92.9 99.9 106 87.12 
44.22 49.47 49.89 42.99 29 
71 71.51 59.9 62.85 59.9 
44.99 42.91 49 47 49 
27.52 33.45 33.45 36.5 32 
55 57.84 51 64 53 
59.99 54 52.47 49 45.76 
49 53 44.22 45 54.08 
29.13 63 61 31.99 71 
13 12.15 18.9 14.99 16 
17.64 16 19.99 13 13.28 
58.53 61 52.47 57.2 69.9 
34.99 25.39 51 56.05 29.13 
14.99 13 13.6 18.9 12.15 
35.67 25 33.95 34 32.98 
18.5 16 3.9 19.9 19 
90 54.98 53.61 54.99 53.61 
47 44.15 47.01 45.57 51 
9.99 20 15 14.97 15 9.99 30 20 149.99 25 19 35 18 14.97 17 9.95 9.95 14.97 15 15.99 19.99 21 13 13 15 29 9.95 14.97 30 35 13.9 18 26 17.9 35 13 20 35 15 19 17.9 19 14.97 25 30 20 20.99 15 19.9 30 25 24.9 17 20 21 21 21 25 20 13 19 19 19.9 17.9 18 15 19.9 9.99 15 12 20 17.9 13.9 21 29 9.95 9.95 35 12 17.9 15 13.9 18 20.99 18 14.97 13.9 15 30 9.99 20 22 25 35 13 17.9 19 30 17.9 29 15 21 25 13.9 18 24.9 17.9 20.99 30 17.9 30 19 19.99 29 24 14.97 17.9 15 17.9 15 15 18 24.9 15.99 15 19 30 14.97 30 17.9 17.9 15 19.99 20 30 25 17.9 17.9 13 20.99 30 20 30 19.99 21 30 17.9 29 19.9 17 30 17.9 21 19 13 29 11 19.99 30 18 19 24 35 15 14.97 25 17.9 17 17 30 22 30 9.99 21 30 15 18 15 30 17 25 18 25 9.95 22 25 24 26 22 19.9 30 20 24 21 24.9 13 19.99 13 30 22 12 21 18 24 21 17.9 17.9 29 24.9 14.97 149.99 17.9 9.99 30 19 15.99 24.9 30 30 30 13.9 26 17.9 30 19 17.9 19 19.9 15 24 12 13 17 17 19 17.9 17.9 19 14.97 19 20.99 13 17.9 19 17.9 20.99 19 24 29 19 12 30 14.97 17.9 19 19 19.9 35 22 19 20 9.95 14.97 35 18 15 19 19 15 13 29 25 30 18 30 13 17 20.99 22 21 19 19.9 21 18 24.9 35 13.9 29 30 21 19 13.9 25 17 13 20 19 24.9 14.97 20.99 19 21 29 13.9 25 19.9 21 18 19 15 30 21 20.99 17.9 25 20.99 30 14.97 35 17 13 25 30 17.9 19 19 20 29 17.9 15.99 20 35 30 25 30 19 14.97 18 15 24.9 9.99 17.9 20.99 17.9 30 11 13 21 30 15 13.9 19 30 26 26 9.99 35 15.99 19.9 15.99 9.95 19.99 19.9 19 13 17.9 19 20 14.97 17 21 21 22 25 20.99 149.99 21 30 19.9 9.99 21 25 29 19.99 25 12 29 25 19.99 25 13 17 17 30 30 15 14.97 15 19 19 