5 400
49 49.9 40.89 39 42 
33 26.29 25.22 31.7 27.72 
25.76 27 27.99 24.67 27 
116.35 49.99 37.09 48.5 121.45 
54 59 48 49 43.99 
13 19.99 9.99 11.99 10 
26.73 34.99 27.99 25 24.8 
84.87 69.99 108 48.06 49.48 
15 20.76 13.89 19.9 22.25 
26 34.99 31 31 43 
33.61 43 34.99 35 30.44 
30.99 34.99 38.9 31 34.99 
29 26 26.5 31 34.99 
109 175.89 116 97.14 109 
17 14.12 21.99 16 15 
57 59 59.13 69 55 
26 29 29.9 79.99 11.9 
48.9 43 45 45 49.99 
154 153 141.81 149.01 159.99 
49.89 44.22 50 39.9 59.99 
54 51 49.08 34.97 55.99 
119 126.96 111.69 123 129 
26.01 29.03 29.03 26 23.76 
73 69.99 86 25.64 29.01 
129 107.5 107 108 110.16 
22.68 22.94 22 20.67 25 
51 49.89 49 40.83 47 
19.99 19.99 20.76 20 15 
61 39.99 79.99 64.99 59.8 
17.64 13 17 12.15 13.6 
29 15.67 17 22.03 20 
98.72 69 49.99 49.99 59.98 
11.9 5.94 27.05 28 26 
26 29.99 25.9 24.79 27.05 
76.3 95.99 75.71 89 89.9 
17 36 19 32 19.99 
29.99 26.99 24.33 34.99 26.99 
15.67 19 18 16.75 18 
35 25.8 35 32.9 29.99 
29.7 31 29.7 34.99 38.9 
28.5 29.99 29.99 28.9 29.99 
19 14.93 17 17.9 9.99 
13 14.59 10.39 17 17 
53.06 49.99 50.7 39 55 
52.89 49.99 54.5 49 58.89 
159 146 179.99 149 145.4 
57 69.9 55.61 59 51.54 
30.27 29.9 25.31 30.75 33.45 
4.99 9.9 34.99 29.9 14.99 
54.99 49.99 46 42.89 44.16 
17 16.99 18 14.79 11.54 
129 114.99 113.53 116 119.02 
9.99 9.99 34 22 22 
14.11 38 15.04 44.9 16 
12.5 12.51 32.99 10.47 28.49 
41 46 41 38.5 40 
31.56 29.99 27.05 28 31 
129 114.02 129 115 114 
69 79 80.81 79.99 99.98 
29.99 27.86 29.99 26.5 31 
44.22 34.9 47.01 49 41.99 
25.68 30 34.99 27 27 
49.89 47.01 56 49.99 29 
13.28 12 16.84 16 18.05 
17.9 16 18.45 21.99 47 
54 49.08 49.08 51 52.47 
18.45 30.9 13.66 15 15.04 
27 25.39 31.99 61.18 59 
44.9 49 51 47.01 47.01 
17.64 12.58 13 14.99 14.99 
25 20.47 24.8 29.9 27.99 
32.9 29.99 25.8 32.11 26 
111.71 129.99 119.9 99 109.99 
58.99 60 46.18 69.99 54.99 
47.28 47.28 52 56 55 
34.9 59 39.69 49 43.32 
19.9 21.99 14.11 13.14 18.45 
97 98.72 120.86 59.99 59.98 
129.99 74 125 127.27 129.99 
115 114 112.9 124.99 121 
9.24 13.86 9.99 11.38 12.86 
113.52 119 103.94 114 119.9 
33 26 31.7 26.29 29 
59 86 60.22 109 151 
59.99 55.35 64 61 53.15 
69 39 61.54 61.91 69 
21.99 15 44.9 18 17.99 
26.94 34.99 26 69.9 24.75 
59.9 52.99 59.99 59 52.79 
14.99 13.6 17.64 13.28 17 
88.5 72.27 77 79 77.2 
14.9 71.5 10 7.71 1.99 
34.9 47 49.89 46 40.44 
79 87.36 93.99 57.16 58.41 
45.57 49.89 40.83 19.9 49 
40.17 60 46.18 43.98 54.99 
34.18 39 36.5 35.67 19.99 
34 29 39.99 29.13 25.39 
112.9 139.99 121 116 129 
29.9 9.9 22.77 14.99 22.57 
32.99 19 34.99 32.5 19.99 
30 27 34.99 25.39 26.99 
90.41 98 99 99 100 
108.56 85 89 79.99 129.99 
26.91 29.9 29.99 31.7 24.33 
18 18 19 42.99 34.18 
29 26.73 23.94 29.99 19.94 
19 17.99 21 15.19 18.1 
86 99 80.78 88.43 94.9 
98 59.19 52.44 57.26 109 
19 15 23.23 19 22.25 
51 39.6 39 49.9 51 
39.99 49.99 38 41 49.99 
53 54 54.08 42.57 50 
89.37 99.95 100 89 103 
56.99 59.9 69.99 59.99 59.99 
19.99 17 18 13.39 17 
33.99 14.74 39 19.99 17 
38.58 69 54.9 43 49.99 
58 89 59.9 50 69 
89.99 108 83.98 99.9 106 
16 44.9 15 15.04 15.04 
52 47.36 72 84.68 63 
14.99 22.25 17 15 15 
17.99 18.1 18.1 17 16 
26.93 26 29.99 28 34.99 
16 13 19 13.6 13.28 
18 73 10.39 22.25 11.69 
52.32 49.49 51 59.99 57 
63.59 79.9 69 73.9 63.99 
66.43 58.06 69 66.33 59.9 
23.23 32.67 26.05 34.18 34.18 
14 34.99 34.99 14.01 56 
66 61.01 32 59 63.33 
104.99 99.9 105.91 109.38 103 
319 289.99 273.06 272 289 
147 145.4 150 179.99 158.99 
15.99 13 16 18 13.6 
29 29 65 27.21 24.75 
25.99 19 19.99 30 18.45 
46.99 39.99 48.5 54.99 49 
10.39 14.99 18.45 24.9 19 
35 44.99 43.79 34 49.47 
18 14.99 17.64 24 13 
65 52 47.36 63 51.36 
28 34.99 31.7 27.68 34.99 
55.61 33.66 61 69 43 
78.99 77.55 73 78 79 
43.49 46 49 49.99 46.9 
126 98 99 99 128.54 
121.19 88 123 132.38 76.79 
73 73 29 65.62 49.99 
29.99 28 24.59 31 29.99 
56 51.54 59 119.99 49 
59.99 55.44 53.9 69.9 59.9 
46.14 50.11 53 56.99 47.52 
18.1 19 18 18 18.1 
52 55.99 52.93 44.22 48.5 
34 29.99 26.57 29.99 29 
19 19.99 22.25 17 13.8 
64.28 65 72.5 41.72 99.9 
49.99 34 46.3 49.89 44.99 
59 94.99 92 91.02 69.99 
59 61.5 58 86 61 
32 31 39.99 34.99 35 
49.48 69.99 48.06 45.69 108 
55.61 78.07 51 75.65 78 
69.9 89 72.52 67.91 73 
64.99 119.99 43 59 101.97 
16 21 19 15.19 14.99 
18 18.45 14.49 14.34 11.69 
75.99 99.9 73.35 76 99.99 
39 54.5 59 60.07 62.52 
34 19.49 20.67 29.99 24 
19.99 17 37 32 36 
34 26.5 29.99 29 33.95 
52 53 49 54.08 47.01 
26 113.75 31 25.08 26 
49 51 49 49.47 42.99 
47.01 49 53.8 46.9 39.99 
16.9 25 16.49 22.99 16.9 
30 26 29 31.7 26 
122.39 119 119 89 98.9 
52 54 39.99 47.01 49.99 
36.51 55 63.5 55.02 47.77 
36.5 25 35.67 31.91 24.99 
52 55 49.31 52.93 52.93 
26.99 29 34.99 26 25.22 
59.9 53.57 63.5 48.99 55 
27.68 29.9 24.59 28 25.22 
88 108.5 100 90.41 84.99 
31 29.99 28.67 34.99 24.99 
34.18 35.67 26 31 39.99 
27.76 31 36.9 32.9 31.6 
54.9 44.99 55 46.36 47.8 
44 44.65 45.13 47 47 
61 57 69.9 58 61 
56.05 52.32 56 54 51 
34.44 34.44 28.78 9.9 36.5 
52.32 52.49 59.99 51 62.9 
33.9 19 20 15.73 18 
49.99 54.9 43 48.5 44.9 
4.99 33.49 20 34.99 7.33 
17 19 17 15.67 19.99 
20.48 29.9 41.18 21.93 12.08 
82 71.46 79 77.2 70.89 
19.9 13.6 15 11.99 16 
46.16 55.99 54.98 49.99 59.99 
45.29 49.99 52 29 43.71 
51.54 19 54 35.5 43 
44.65 40.99 45 44 47 
44.16 45 42.89 44.64 54.99 
54.9 55.99 59.99 39 54.98 
9.99 22 39.99 9.99 18 
24.69 25.22 26 29 31.7 
31 37.63 40.59 42.99 39 
9.99 18.99 32.99 34.99 36.9 
30 28 26.57 29 26 
77 75.74 74.42 74.42 73.98 
19.99 10 10.49 9.99 13 
109 114.91 83.66 114 130.5 
13.8 19 18 15 11.54 
51 47 34 35 52 
54.99 59.9 77 83.94 52.46 
29 52 42.99 50.5 43 
17.64 19.9 17 13 12.99 
108.86 111.71 153 106.22 108.22 
59.99 55.9 57.84 59.99 51 
34.99 59.99 19 11.03 28.49 
34.99 34.99 26.91 56 24.9 
20 18.09 17 18 10.39 
119 59 63 59 63.52 
51 48.31 54 49.08 55 
45 54 59.99 49 59 
28 29.99 23.36 22.73 29.99 
26.91 24.9 56 4.99 34.99 
10.39 17.32 19 18.45 17.9 
15 15 44.28 19 20.66 
25 29.99 29.99 34 26.5 
13.65 15 19 13.26 15.04 
20.52 18 14.1 19 18.45 
24.99 24.79 33.95 31.91 35.67 
47.12 46.14 77 54 56.99 
69 59.99 59.98 120.86 97 
19.99 18 34.06 15.67 19 
33.61 33.9 39.9 43 36.65 
11.54 18 15.03 22.25 18 
69.98 57.99 62.99 70 54.99 
22.25 17 20 20.76 18.45 
92.9 108 83.99 106 99.99 
14.7 20 19.99 18 19.99 
48.99 59.99 59 45 49 
22.78 20.67 24.19 24 25 
29.99 33.9 26.73 26.13 34 
34.99 29 30 38 26.91 
44.99 42.99 48 46.9 49.89 
90.41 94 98.43 90.41 109.9 
64.9 61 60.91 69.9 62.86 
38 45.99 49.99 41 40.59 
129 102.09 106.52 115 108 
59.99 52.49 34 53 48.31 
16 15 14.89 18.45 20.76 
31.07 35.67 27 35.5 43 
116.13 113 98 89 119 
6.01 12.15 14.99 16 16 
13.21 11.54 19 11.69 17 
86 27.3 27.3 62 23.23 
99 104.99 90.66 99 89 
29.99 57 49.08 39 54 
40 34 42.9 35.79 42 
59.99 48.5 54.98 49 52.93 
22.49 29.9 23.94 25 19.94 
44.22 49.47 46.6 53 48 
28.04 49 29 27 24.81 
34.18 26.05 13.1 30 16.9 
49.99 13 39.9 12.3 15.75 
60 60 67 64.54 69.99 
79.9 75.88 80.71 81 77 
14.99 16 13 14.99 19.9 
29.9 29.99 34.99 30.67 16.9 
31.7 29 25.22 29.99 25 
29 47.01 48 44.22 47.01 
81 99.9 84 99.99 72.01 
28.71 35 39.54 38.1 39.9 
16 34 38.82 14.18 9.99 
119 133.99 115 104.61 103 
81.5 90.82 99.9 87 99.99 
59.99 56.05 51 51 53 
46.3 46.3 49.99 49 40.92 
45 45.66 69.99 39.51 36.33 
6.26 14.01 14 5.84 34.99 
36.5 35 18 16.53 47.99 
37.99 39 49.99 50.7 52 
49 39 31.88 27 86 
45 49 59.99 59.99 58 
69.99 79.99 79.99 69.99 56.46 
37.09 121.45 45 49.99 114 
29.99 27.05 25.9 29 28 
35 20 18 44.28 25.85 
82 59 83.79 92.56 87.36 
44 44 44.65 45.13 47 
39 29 26 30 26 
19.9 13.6 18.9 13 16 
179 179 209.9 177 189.99 
28.22 27.99 25.76 29 30 
39.9 54 51 49 42.79 
19 15 19 13.5 18.45 
13.39 11.69 15 22.25 17 
54.44 59 59.9 39 118.5 
34.99 30 34.9 34.99 24.33 
34.99 30 27.37 43 49 
59 36.51 48.99 59.9 47.77 
18.9 15 14.99 13.28 12.15 
10.39 19 13.53 13.54 17 
26 24.69 28 27.68 26 
17 14.89 22.25 11.54 24.9 
9.99 9.99 15.6 16.9 17 
49.99 44 49.99 40.17 49.99 
59.99 47.88 44.22 45 49.99 
64.47 60.35 63 58.47 69.99 
20.76 22.25 14.34 14.52 26 
53.15 55.35 76.48 59 86 
14.99 16 17.64 13 24.9 
20.76 19 15 16.02 20 
20 19 36.5 22 28.51 
26 31 34.99 25.22 24.69 
34.99 39.99 29.9 26.53 24.93 
31 29.7 30.99 29.7 38.9 
51 109 34 56.05 48.31 
34 31.9 29 27 27 
119.99 106.91 79.99 175.89 109 
52 55 47.01 49.47 50 
69.9 60.3 52.46 59.99 59 
22.25 20.76 17 19.68 17 
15 17 14.3 29 19.68 
71.7 69.8 70 61 59 
44.99 123.51 129 129.8 74 
44.9 49 40 49.9 44.9 
12.87 9.99 6.99 20 9.99 
79 139 73.8 79.38 69.52 
62 54.5 69.9 39 62.9 
83.99 87.12 89.99 106 99.9 
43 48.5 30 69.99 34.99 
110.16 89 109 109.99 111 
16.9 19.99 20 14.93 18 
97 93.5 88.9 89 99.9 
13.6 18 18.9 17.64 16 
17 16.02 18.45 24.99 17 
17.31 18.1 16 18.1 19 
74 75.65 115 79 65 
19 47 19.9 39 49.9 
31 19.79 26.99 49 19.99 
42.99 69 39 29.52 44.9 
27.86 59.99 29.99 77 29 
49.99 129.99 66.11 65 67.31 
26.73 26.13 33.9 34 34.99 
121.19 119.99 84 137.99 88 
99.63 115 108 133.99 102.09 
53.37 49.9 54 51 64 
24.04 59 56.23 26.19 27 
18 14.34 19.99 18 9.99 
55.45 56.99 89 77 49.99 
30 32.99 34 29 27.87 
44 49.9 21 52 45 
95.24 77.95 86.07 142 79.99 
84.68 65.82 63 51.36 72 
34 39.99 30 30 29.99 
46 46.3 53.8 46.3 49 
105.52 139 108.08 107 85 
25.68 34.99 25.88 43 25.88 
16.9 18 17 17 19.99 
116.53 127.9 119.9 118.2 119 
49.08 66.99 50 73.9 89 
55.99 69.9 40.77 43 24.99 
58 55.99 52 46.19 54.99 
104.55 84.99 79.99 90.11 82.09 
25 34.99 29.99 19.99 20 
20.52 17.9 16 99 17.9 
62 48.31 51 52.47 54 
28.99 40.16 26.05 39.99 40.89 
49.08 40.18 34.97 53 51 
29.99 30 29.99 29.99 28.58 
69 56 51 54 77.99 
102.34 53.83 57 48.67 64.9 
35 47.99 36.5 17.9 35 
54.08 59.99 43.32 45.73 47.01 
31 36.9 33 31.6 32.9 
34.99 32 49 29.99 34.99 
17.64 12.58 18 13.28 14.99 
34.99 25 33.9 11.4 20.47 
43 48.31 56 69.99 50 
16.8 22.57 19 44.28 34.18 
14.99 16 13.6 17 12.15 
24.59 31.56 48.99 26 27.05 
49.89 49.99 49 47.5 45.85 
22.7 20.76 18 16.02 16.9 
59 142 57 54 55 
59.99 39 52 49 54 
54 57 59.99 56.05 49.08 
116.93 125.28 123 149 133 
14.97 17 13.9 25 9.99 35 30 30 24 20 30 13.9 15 25 21 20.99 25 19 26 19.9 30 19.9 15 19.99 20.99 17.9 24 13 18 15 19.9 19.99 13 17.9 20 21 9.99 20.99 19 25 19.9 20.99 13.9 29 13.9 9.99 35 13.9 13 30 21 15 14.97 19.9 9.99 12 30 9.95 149.99 30 21 20 17.9 17 21 17.9 17.9 19 17.9 30 29 15 29 19 19.9 29 15.99 15 24 14.97 14.97 19 30 26 15 30 13 13 15 15 25 13 12 16 149.99 9.99 30 17.9 17 14.97 30 25 19 30 17.9 15.99 17 19 19 18 13.9 30 13.9 25 13 19 19.9 17.9 17.9 9.99 20.99 15 15 15 35 21 35 30 19 19.9 30 15 21 30 17.9 19.9 19.9 30 25 15 24 17.9 30 15 18 20 29 30 17.9 26 12 21 9.99 13.9 29 19.99 30 9.95 19 24 29 15 15 20 19 9.99 13 30 13 21 14.97 14.97 17.9 9.95 30 20.99 30 21 19.9 15 0 30 9 29 30 13 30 14.97 19 15 17.9 9.95 24.9 17.9 29 19.9 22 20 13 17 14.97 19.99 19.9 22 20.99 17.9 30 9.95 149.99 13 19 9.99 26 14.97 30 29 9.99 18 13 19 15 20.99 17 19 18 14.97 19.99 19 13 30 13.9 26 25 30 19 19.99 13.9 20 17.9 15 19.99 14.97 13 30 25 15 29 9.95 15.99 19.99 29 30 22 20.99 25 149.99 21 19.9 9.99 19.99 17.9 13.9 13.9 21 30 20.99 21 30 17.9 24.9 15 15 25 20.99 20 13 17.9 17.9 15 20.99 14.97 22 17.9 14.97 9.95 19.99 19.99 18 13 13 12 20.99 26 26 30 9.95 14.97 18 19 15 18 19.9 19 24 30 26 15.99 25 29 19.99 17.9 19 15 15.99 14.97 15 35 14.97 19 9.99 15 19.99 35 20.99 29 13.9 25 19.99 20 24 19 9.99 19 25 25 30 29 30 21 15 13 19 20.99 17 13 19.99 21 15 15 25 12 17.9 17.9 14.97 9.95 19.9 25 17.9 22 17.9 19 25 30 9.95 14.97 19.99 14.97 12 21 19 24.9 21 20.99 19.9 9.95 24.9 30 22 13 13 19.9 22 20.99 30 12 24.9 30 30 15 15 30 15 15 18 19 22 25 13 30 29 
