5 400
20 28.51 22.57 39 23.23 
99.9 78.26 84.99 77 99.99 
106.22 123 108.22 102.76 111.71 
18 22.99 19.99 20 18 
15.64 9.99 9.99 9.99 22 
49.9 59.9 54.5 43.98 47 
59.99 50.76 55 79 43.32 
29.9 34.99 24.75 26 24.75 
18.45 42 14.72 17 21.99 
55 44.99 56 49.89 51 
60.93 39 34.18 44.9 34.18 
56.05 33.46 33.47 52.47 33.66 
51 51.8 51 52.49 52.32 
118 116 139.99 115 118.38 
89 93 87 99.99 87 
54.9 44.9 43 49.99 29.99 
9.99 44 17.99 69.9 46 
52.99 59 52.79 54.99 57 
47 49 40.92 46.3 46.3 
49.31 46.12 44 54.08 59.99 
46 43 41.22 44.64 54.99 
47 54.5 56.99 59.9 49 
66.89 65.9 64.08 64.08 69 
47.99 18 35 34.8 34.18 
69.99 17.99 36.6 46 41 
17 18 13.21 16.99 11.54 
34.99 30 34.99 24.33 26.91 
344 246.13 273.06 279 263.47 
17 9.99 125 19.68 18.45 
17.64 14.99 13.28 12.15 4 
18 19.99 14.74 20 39 
16 12.58 18 17.64 17 
49.99 49.99 120.86 98.72 59.98 
13.21 17 19 14.79 11.54 
18.95 17.64 13 12.15 13.28 
160.16 155 109.99 98.02 93.6 
13.28 18 11.99 13.6 18.9 
34 6.94 39.99 71.5 7.71 
42.99 46.89 46.89 45.57 46 
9.7 24.99 31 16.9 9.9 
56.05 57 51.54 51 51 
59.13 52.56 55.99 57 57.21 
13.55 19 22.25 17 20.76 
15 22.25 15 15 20.66 
49.08 56 51 31.01 48.31 
40 38.99 41 42 29.99 
28 25.22 34 27.72 24.33 
65.99 79 75.64 73.42 77.09 
26 26 29.9 29.99 24.33 
34 49 44.65 47 42.19 
32.5 53 52 49.99 49 
61 55.35 59.18 61.5 77.95 
34.99 28.9 29.99 24.99 29.99 
44.99 42.99 29 43.49 27.5 
54.9 52 67 49 46.36 
61 59.8 56.46 60 67 
18 15.04 13.26 13.65 17.9 
49.99 49.47 46.9 46.3 44.99 
38 17.99 36.78 41 49.99 
24.79 29 26 31.56 11.7 
31.7 26.97 29 25.22 31 
11.54 17 20.52 15 16 
54.08 52.49 53.61 55 49.9 
119 115 109.99 129.99 99 
22.25 18 17 15 15.03 
79.9 76.3 72.74 89 75.7 
33.9 26.9 19 23.76 26.7 
49 55.99 52.93 52 55 
16.99 14.34 20.78 21.99 22.25 
34.99 29.99 14.99 29.99 22.57 
93.44 86.35 69.9 95.9 79.99 
47.01 49 46.3 47.01 48.89 
13.35 11.54 17 15.8 13.53 
119.99 129 132 125 133.04 
105.37 69.9 142 86.07 79.99 
15 15.84 18 19.68 16.9 
19.68 16.9 16.02 20 18 
89 58.9 91.02 122 59.01 
53.8 29 45.57 35 40.92 
57 57.21 59 52.56 55.99 
99.99 99 100 89.99 81.5 
15.6 17 13.53 19 10.39 
52.49 54 109 54.69 55.44 
100 99 100 119.99 105 
119.99 89 88.9 90.09 93.5 
32.9 20 18 18 42.99 
18 16.99 14.34 20 25 
61.91 69 39 33.66 43 
93.69 83.79 62 89.99 89 
114.91 139 110.16 129 119.99 
18 17.32 19 19.68 13.55 
89 99 97 88.9 87 
66.99 49 54 51.54 55.61 
24.99 26.4 36.5 32.99 27.17 
54 77 51 56.05 58 
18 19 18 15.19 24.99 
24.67 31.88 39 29 27 
17.98 20 18.61 38.99 36.5 
26 26.97 30 26 28 
17.9 18.45 17.9 18 39 
29 26 30 25.22 39 
60 52.99 69.99 65 69.99 
18 22.25 13.53 11.54 10.39 
34.7 34.99 19.99 36.9 37.5 
65 89.99 88.5 86 72.91 
47.12 56.99 47.52 77 44.12 
35.67 39.99 32 34.99 33.3 
17.64 18.9 18 16 13 
59.19 109 98 52.44 98 
79.99 87.33 74 79 80 
49.9 53.37 53 54 51 
79 65 89.99 51 55.61 
103.99 89.37 102 100 98.06 
26.08 30.9 86 31.88 29 
82 52.9 82 89.99 80.81 
9.99 10.7 11.46 11 19 
55.61 73 65 55 75.65 
104.99 94 108.5 96.69 98.43 
86 78 73.42 75.59 66.59 
54 52.49 56.05 59 60 
49 52 49 56 39.9 
27.21 59.99 24.75 29 26 
88.5 94.99 86 70 67.35 
52.49 34 59.99 55.44 109 
49 49 42.99 53.8 39.9 
54 54 51 31.01 59 
18 17.9 17 10.39 13.39 
29.13 29 79 32 61 
57.84 54 49.9 57 53.37 
29 34.99 28 9.9 28.74 
11 18.13 24 25 12.09 
6.94 7.71 39.99 71.5 10 
122.99 122.81 107.37 119.02 118 
64.28 59 65 41.72 99.9 
23.36 24.02 28.9 28 29.99 
57 54 49.08 51 51 
18.05 16 16.84 11.6 12 
35 26.05 30 30.69 19.99 
59 59.99 76.48 61.5 58 
32 18 20 35.9 17 
32.41 28.34 29 25.88 34.99 
15.09 15 18 13.26 15 
99.99 83.58 82 58.41 59 
10.39 9.99 19.99 20.76 18 
13.47 16.02 10.39 39.99 22.25 
26 34.99 29.9 19.79 34.99 
49 49 49.89 51 55 
73.19 42.9 119 65 109 
129.9 23.94 31 59 25 
66.89 65.9 65 61 59 
56.05 49.08 54 57.84 64 
35 19 19.99 16.3 19 
19 19 18.99 19 10.39 
9.99 8.25 9.99 19.9 18.99 
14.74 19 17 19.99 18 
9.99 22 18.04 15.64 9.99 
79 39.99 34.63 35.04 51 
149 179.99 146 147 150 
77 55 55 49.99 69.99 
25.31 33 36.5 30.75 30 
122 129 117 132.5 39 
44.28 37.9 36.5 34.18 26.05 
24.99 15 18.45 16.02 19.99 
26 34.99 24.69 28 31.7 
29 29.9 24.79 11.9 28 
17 14.99 18.9 17.64 13 
124.99 118.09 131.32 119.99 118.08 
22.25 20 13.47 19 25.99 
56.43 59 28 26.9 30.71 
115 113.78 118 119.02 122.81 
12.08 21.93 34.99 25 37.61 
73.7 76.99 81 91 99.99 
39.99 22 20 31 28.51 
22.49 29.99 54 53 29.9 
51.38 59 52.56 57.99 55 
82 91 87 73.7 108.5 
129 112.9 118.38 118 113.16 
52.49 59.99 56.05 53 69 
59.99 59.99 55.99 58 77 
49.08 51 48.31 54 51 
36.9 43.94 43 42 37.5 
123.99 99 94 100 98 
56 59.99 59 48.31 55.99 
73.7 81 81 91 108.5 
13.13 19.9 29 15 49.9 
53.8 55 49.47 43.41 47 
49.47 42.99 46.75 29 40.83 
29.99 34.99 34.99 29.69 30.69 
51 42.99 53 49 49 
49.08 55 51 49.99 54 
44.98 55 47 44.22 34.9 
69.98 64.18 43.35 41.25 69 
69.99 55.61 79 54.89 54.9 
51.54 48.31 52.59 54 54.99 
34 24.11 29.99 24 29.99 
73 68.99 69.99 78 55.61 
31.7 24 34.99 32.9 30 
69.99 84.87 84.87 69.99 48.06 
12.99 16 13.28 16.84 18.05 
99.99 106 99.9 83.98 108 
38.61 53 57.84 64 54 
69.9 23.94 19.94 25 69.99 
25 30 26.91 29.9 34.99 
34 28.49 24.99 29.99 22.76 
15 15.04 30.9 49.99 17 
44.99 46.3 49.99 47 46.3 
199 249 220 209 237 
108.22 107 114.91 99.9 108 
16.8 19 39.99 20.83 5 
49.47 47 47.88 47.88 44.22 
35 26.14 59.99 27.86 29 
24.79 28 25.9 79.99 11.9 
56.99 44.99 49 43 44.9 
36 17 14.74 18 17 
42.57 49 49.47 48.89 49 
26.97 24.69 26 30 25.22 
52 46.3 49.99 29 49.9 
102.66 129.99 109 98.6 105 
16.99 20.76 14.34 18 16.02 
19.9 20.52 17 19.9 51 
42.99 29 30 19.99 18.5 
49 49.47 44.99 52 49.89 
31.7 29 24.33 28 30 
51 69.99 50 43 48.31 
22.99 15 16.99 14.34 20.76 
16 14.99 17.64 18.9 13 
53.8 40.99 47.5 46.9 49.89 
13.28 12.15 14.99 16 13.6 
34.99 59.99 43 59 62 
46 47 44.99 49 44.77 
41 38 39.99 17.99 42.93 
29.99 24 29.99 25 29.99 
29.99 29.99 25 22 22.78 
18 20.76 10.39 13.54 13.99 
34.7 19.99 42 36.9 43 
29.99 24.69 30 28.49 34.99 
117.13 109 59 89 58.9 
49 52 55 42.98 46 
30.37 33.81 27.06 54 26.57 
29 19.9 49.89 53.8 55 
51 54 51 62 57 
88.5 64.82 94.99 67.35 86 
87.36 82 99.99 81 82 
23.94 31 23.94 29.9 25 
116.93 139.9 139 133.04 139.99 
34.99 35.67 65 34.99 39.9 
9.99 9.99 34.44 32.37 9.9 
43 27.05 26 22.49 23.94 
69.99 69 59.99 49.08 53 
64.93 62.99 62.99 69.99 57.9 
34 31.56 24.59 29.01 48.99 
59.99 48.99 52 54 54.9 
149 148.99 145 159.9 149 
30.27 37.99 36.5 33.45 29.9 
89.99 81.5 55.42 66 18 
34.99 34.99 34.99 29.99 34 
52 52.47 84.68 47.36 63 
17.64 18 13 18.9 17 
21.99 15.04 18 15 18 
34.99 14 56 14.01 4.99 
59 51.38 51.6 49.9 44.72 
12.15 18.9 13.28 24.9 14.99 
29.99 28.34 28.71 30 27 
35.99 18 16.35 18 22.03 
10.39 18.9 12.15 27.06 18 
69 65 67 58.47 64.46 
55 55.35 59.9 51.48 50 
49.99 49.08 62 48.31 61 
44.28 19 15 10.39 14.59 
20.76 18 18 73 19 
34.99 25 20.47 12.08 41.18 
39 16.77 15.67 18 26 
89.9 69 89.99 80 78.98 
27.5 14 49.99 27.99 12 
83.79 82 81 59 99.99 
65 119.99 119.99 119.9 119 
19 34.18 16.8 17.98 35.67 
46 49 44.11 48 46 
32.7 34 55 42.99 53 
51 49 46.9 46.3 49 
59.9 49.47 79 45.73 55 
59.99 54.99 45 59.9 54.98 
9.99 17 10.39 12.15 18 
34 31.63 29.99 29 26.5 
25.64 29.01 69.99 23.23 73 
39 129.99 66.11 58.95 39 
20.67 24 26.99 24.11 28.99 
44.9 69 42.99 39 54 
77.99 73.9 69.99 54 53 
46.11 45 43.71 21 55 
89 108 62 80.71 99.99 
59.99 57.45 59.99 59.99 59.9 
80.71 77 80.71 81 79.9 
99 119 108 103 95.91 
18.09 14.7 18 17 19.99 
65 109.9 56.35 129.99 53.83 
104.61 109.77 110 103 99.63 
135 119 119.9 109.8 129.99 
19 34.18 44.28 18 20 
60.9 72.5 59.9 64.9 69.9 
47.01 34 44.9 49 44.99 
39.9 28.71 40.59 38.1 34.18 
14.99 16 12.58 14.99 13.28 
67.9 43 79 61.18 27 
54.5 42.42 44.5 43.84 78.72 
24 22 25 19.49 22 
31 25.22 34.99 26 29.9 
30.99 29.7 29.7 31 34.99 
34.99 29.99 28.99 26.06 27 
79.46 85 78 89.9 80 
14.74 22.03 19 20 17 
19 15.32 29 19 29 
47.52 19.99 44.9 44.7 49.99 
46.11 42.99 49.99 49 45.29 
46.3 47.01 29 44.9 47 
14.34 20 19.99 18.89 18.45 
82 80.81 99.99 108 83.58 
119.9 79.9 118.5 79.9 118.2 
39.17 36.5 44.28 34.18 28.71 
22.25 16.99 21.98 20.76 19.99 
8.25 8 9.13 25 43.9 
14.59 14.05 19 19 19 
34.18 18 19 18 39 
24.33 24.58 31.5 9.99 29.99 
117.5 112.99 136.99 89 109 
48.31 34 79 54.99 51.99 
24.59 34 29.99 28 26.85 
39.99 39.99 25 43 19.99 
54 53 49 55 52 
52.64 55 77 57.27 59 
19 15 14.89 19 10.39 
25.22 34.99 31 29.99 25.01 
55 49 46.9 49 52 
49.99 43.45 49 32.9 49 
61.52 61 60.53 69 65.58 
129.99 78.99 107 118.39 119 
24.99 39 31.91 9.99 16.04 
48.92 42.19 44.99 42.19 49 
45 46.9 43.05 48.5 41.39 
59.99 48.5 45 53 52 
52.47 52.32 48.31 56.05 59.99 
71 32 66 79 69.99 
11.54 17.9 11.69 17 17 
34 39 59.99 42.99 53.8 
129 126.96 118.99 120 119 
18.45 18 20.76 18 22.25 
15.73 33.99 17 19 39 
39.99 34.18 60.93 39.99 36.5 
56.9 91 87 59 82 
16 38.82 15.75 9.99 39 
51 43.79 49.89 49 46.3 
50 59 61 55.35 55.99 
107 89 118.5 104.99 108 
15 14.89 14.99 20.76 18 
56 42.93 32 39.9 47.99 
19.9 12.99 15 16 18.05 
69 69 55.61 57.99 69.98 
49.99 46 42.33 48.47 52 
24.67 31 25.76 27 32.28 
100.4 108 117.77 120 107.05 
58.84 58 39 60 62.57 
98.6 116 175.89 69 129 
51 43 42.98 49.89 29 
12.99 11.6 13.99 16 12 
17 18 21.99 86 15.21 
9.99 18.99 8.25 19.9 7.36 
31.89 27 26.9 28.04 27 
43 49.99 59 86 43 
80 79.46 80.9 78 79 
48.06 108 79 84.87 47.74 
89 119 137.99 128 123 
24.9 18.1 17 15.18 16 
40.5 40.5 45 41.59 42.96 
142 57 54 52.56 69 
25.9 27.05 21 31.56 29 
36.9 29.69 34.99 29 39.99 
57 48.31 79 64.99 51.44 
40.89 40.89 49 61.5 49.9 
36.9 24.01 48.76 55.99 45.66 
42.99 49.89 48 55 59 
24.33 35.5 28.99 22.49 31.9 
83.77 99.99 93.99 82 89.9 
45 59 46.19 59 52.49 
58.95 129.99 67.31 49 65 
34 19.49 23.64 22 29.99 
9.99 22.25 15.41 19 17 
89 67.91 72.42 77.55 69.6 
61.01 77.9 44.11 49.99 45.82 
32.28 28.71 27 29 30 
13 14 15.75 38.8 27.5 
52.77 57 46.99 48.5 52.77 
58 48.31 51 59.99 57 
52 59.99 54 49.99 50.7 
99.04 109 99.9 95.68 103.98 
23.64 23.99 20.67 34 26.5 
141.5 70.9 64.28 39.99 61.96 
39 55 49.99 46.11 47.01 
39 15.99 15 15 18 
39.68 45.4 49.9 41.1 54.5 
124 55.9 64.9 69.9 78 
15 13 24.9 29 9.95 13 28 14.97 24.9 17.9 19.9 14.97 19 13 20 14.97 19 29 19.99 9.95 17 30 29 15.99 9.99 20.99 9.99 19.99 20.99 19 26 19 19.99 20.99 21 29 19 14.97 30 21 30 30 15 25 13 19.9 14.97 21 35 13 20.99 17.9 9.95 16 18 25 19 12 18 19.99 18 21 30 19.99 15.99 17.9 14.97 29 21 13 15 18 30 17.9 29 35 15 25 20 15 18 25 26 17.9 21 15 29 19.99 15 25 13 20 20 24.9 20 15 19.9 19 25 15.99 21 14.97 21 25 13.9 19.99 35 35 15 20 17 20.99 20.99 30 18 24 20 25 20.99 19.9 19.9 25 13.9 18 16 35 15 22 22 17 15 14.97 19 35 24.9 17.9 19 19.9 15 17.9 14.97 29 12 15 24.9 29 17.9 21 20 13.9 25 17.9 21 14.97 30 30 21 19.9 9.95 30 13 15 22 30 25 19 25 15 17.9 17.9 21 9.95 13 30 24.9 18 23 19.99 13.9 17.9 15 9.99 22 20 24.9 19 19.99 25 13 19 12 25 17.9 30 19.9 15 24 30 35 19.9 30 15 19.9 19.99 15 13.9 149.99 30 19 17.9 19.99 9.95 21 12 35 14.97 30 24.9 9.99 20.99 15 149.99 30 13 19 35 24 21 26 20 19.9 19.9 13 15 25 19 9.95 17.9 20 24 21 14.97 21 21 19 13 13 14.97 13 13 18 25 9.95 30 9.95 30 30 19.99 20.99 30 30 17 17.9 30 25 20.99 35 19 17.9 30 13 19 14.97 21 16 17.9 20.99 20.99 20 20.99 15 25 30 30 15 20.99 17.9 17.9 19.99 15 19.9 13 17.9 18 13 30 9.95 25 25 25 30 12 19 20.99 15.99 17.9 30 9.95 35 18 20 17.9 19 19 12 19.9 29 25 20.99 15 13.9 22 19.9 21 9.95 19 17.9 14.97 20.99 19.99 30 17 15 24.9 30 9.95 19.99 20 19.9 19.9 19 30 20.99 17 18 13 17.9 15 15 19.99 21 25 14.97 35 19 17 26 12 17.9 17.9 12 9.95 15 30 13 15 19 18 20 15 18 19 35 20 19 25 17.9 14.97 19 21 20 14.97 25 9.95 15 24.9 24.9 19.9 18 30 29 19.99 15 23 20 19.9 19.99 15.99 30 19.99 
