5 400
13 18.9 24.9 15 13.6 
75 74 119.9 70.73 42.9 
54.08 85.5 53 55 79 
289 58 59 54.33 59 
21 14.99 18.1 17.99 15.19 
39.99 51 52 45.57 47.01 
32 56 37.99 42 38.25 
11.99 18.95 13.6 17.64 16 
119.99 69.9 55.9 78 43 
93.99 81 58.41 99.99 69 
51 53 56.05 62 54 
49 49.99 58.95 66.11 67.31 
73.42 66.59 72 90 79 
16.99 16.9 14.72 22.7 18 
65 67.31 49 77 49.9 
44.99 42.99 49.47 55 46.9 
4.99 29.99 22.57 14.99 22.77 
16 15 19 14.89 15 
75.7 95.99 74 79.9 89.9 
91 81 73.7 82 83 
14.34 19.99 18 16.9 18 
53 54 51 49.84 49.84 
39.9 18 22.57 25.85 18 
45 49.99 44.64 48.67 49.99 
13.53 10.63 19.99 19 10.39 
30 24.33 29.9 26.99 29.99 
35.67 35.5 39.9 14.99 39.99 
18.61 36.5 35.67 23.23 38.99 
108 109 82 83.79 91 
28 39.99 29.99 22.73 28.9 
29.99 29 29.99 27.68 29.99 
69.8 61.01 66 63.33 39.9 
51 52 19.9 47.01 55 
52.93 49.89 54.08 54.99 52 
25.57 28.99 34.99 31 25.22 
38 49.99 30.63 32 32 
13.46 52.45 13.13 16.9 69.99 
22 19.99 9.99 39.99 15.65 
14.99 18.9 17.64 13 13.6 
53.8 54.99 55 47 51 
57 55.9 58 54 34 
18 13.6 17.64 27.06 16.74 
51 69.99 34 54 59.99 
32.28 32.49 34 25.76 27 
48.76 30 55.99 45.66 39.99 
9.99 19.9 19.99 15.65 9.99 
14.99 17.64 18.9 16 12.15 
48.92 44 44.99 46.99 42.19 
119 107.49 119 119 172 
69.9 119.99 102.34 53.83 56.35 
27 29 30 39 26 
124 98 105 59.19 57.26 
49 47.8 55.99 39 53.06 
29.13 79 63.97 63 69.99 
62.37 55.61 67.9 60.53 79 
120.86 69 97 59.99 49.99 
19.68 9.99 19.99 18.45 17 
49.48 84.87 45.69 108 84.87 
49 50 59 44.22 49.97 
26 26 24.75 59.99 28 
48.94 49.84 54 51.99 47 
17 18 19 18 16.35 
45.98 49 46 49.89 44 
49.89 49.47 50.29 53.8 47 
49 47.03 45 59.99 49.99 
57 47.01 46.99 54.9 79 
43 48.67 44.64 54.99 42.89 
26.64 113.75 24.33 26.74 26 
16.9 22.25 14.34 18.45 15 
12.15 13 14.99 13.28 14.99 
12 11.6 12.99 18.05 16.84 
17 11.54 15.03 18 18 
15 22.25 19 19.9 19.9 
34.99 34.99 34.9 34.99 39 
23.76 19 33.9 9.9 26.7 
18.45 15 21.99 11.69 16 
69 91 81 93.99 83.79 
24.81 26.9 27 27 34.99 
128.5 124 125.42 172 117.99 
18.1 16 18 24.99 15.19 
79 73.19 75.65 49.9 54.9 
49.08 39 56.05 54 49.9 
18 13.78 29 17.9 13.46 
79.99 69.98 44.99 64.18 70 
17.64 17 18.9 15.99 18 
55.61 59 51 54 56.05 
29 77 34.99 26.14 35 
49.08 38.99 51 51 59.99 
25.22 34.99 29 26.97 24.69 
63.48 62.37 62.37 69 69.99 
48.55 52.59 48.31 54 62 
47 41.99 29 49 45.85 
37.09 119.99 114 49 116.35 
108.56 119 79 85.9 85 
18 15.8 17 17 13.35 
17.9 26.05 34.18 19 36.5 
22.78 34 29.99 29.99 24.19 
7 14.9 40 29.13 34 
79.99 79.95 86 66.59 79 
11 25 18.13 10.94 10.99 
49.99 45.99 49.47 47.88 52 
51.44 51 51.44 54 52.47 
39 22.03 17 16.63 19.99 
13.15 38.8 12 15.75 14 
59.9 56.05 34 54 54.7 
53 47.01 57 54 54.99 
79 30 29.99 43 28.91 
29.99 29 28.58 26.46 24.69 
32.99 34.99 18.99 34.99 19 
45 52 59.99 55 49 
19.99 18.45 17.9 15.99 18 
25 29.99 29.99 22.76 20.67 
44.28 35 28.71 31 36.5 
34 28.99 25.22 30.99 29 
89.99 89 90.09 99.99 94.9 
48 49 44.86 44.22 49.89 
45.76 39 49.99 49.9 55.99 
51 48.98 55.99 55.61 51 
84.99 81 85 79 79.46 
66.43 67.9 78.74 142 59.9 
13.53 18 13.34 19 19.99 
47.01 44.99 45.99 46.9 46.9 
79.9 69 85.19 82 87.36 
39 48 49.2 43.45 46.6 
29.99 28 34.99 31 34 
93 99.99 99.99 43 91 
19.9 14.99 16 17.64 18.9 
109 99.9 251 105 99.9 
14.05 14.89 20.66 13.74 18 
58.06 78.74 78.21 68 66.43 
26 18.49 19.99 17 16.77 
49 34 55 44.99 49.89 
44.99 49.89 49.99 46.3 46.3 
49 54.98 59.99 59.99 59 
34.99 38 39.6 41 40 
39.9 35 30.44 33.61 36.65 
18.9 13.6 21 16 12.58 
59 58.84 43 59 55.99 
34.99 4.99 4.99 7.95 35.9 
47.36 52.47 52 65.82 72 
30 32.99 39.99 30 30.51 
18.49 15.59 17 18 19.99 
15 47 49.9 15 19 
52 49 44 41.99 46.9 
93.99 70.73 73 109.9 119.9 
19.99 22.25 14.34 19.9 18.45 
35.9 15.67 19 17 15.67 
43 49.99 48.67 65.9 45 
56.23 26 56.43 26.19 26.9 
52 58.99 53.61 45.73 55 
47 45 55 49 45.9 
55 63.5 59 47.77 48.99 
28.99 19 23.94 53 29.99 
49 44.22 53.8 52 46.3 
18 14.74 32.99 17 19 
74 79 73 69.9 89 
84.99 70.87 78.26 84.9 89.9 
19 17.71 17 22.25 20.76 
14.74 18.49 19.99 33.9 39 
20.48 20.47 29.9 27.99 25 
114 29.99 45 43 49.99 
45.99 29 43 49.99 45.9 
49.9 40 37 44.9 49 
69.99 45 46.03 48 54 
119.8 122.07 114.99 119.02 122.5 
29.99 31.7 29 39.99 28 
79 77 86 79 89 
13.14 3.9 21.99 11.69 20.52 
52.93 55 55.99 49.31 52 
18.99 39.99 10.39 14.39 20 
59.18 94.96 52.44 57.26 104.72 
31 39 44.9 36.5 60.93 
19 16.3 22.03 16.77 17 
34.18 18 20 35 17.9 
119.99 125.73 127.59 149 125 
16.53 44.28 20 16.8 34.18 
28 29.99 34.99 28.58 24.69 
31.91 16.04 32.99 24.99 9.99 
17.9 10.39 17 18 13.39 
10.39 18.99 13.5 14.34 39.99 
26 25.22 39 29 27.68 
57.84 56.05 73.9 51 52.49 
99 109 109.99 136.99 109.99 
83.79 56.9 89.98 82 87 
112.9 139.99 114 110.7 122 
49.08 109 69.99 53 54 
18.45 18 19 18 14.34 
13.6 12.58 18.9 17.64 11.99 
57.9 55 77 114 49.99 
59.99 54.99 49 54.98 46.99 
13.99 18.9 13 16 12.15 
28.58 26.57 29 34.99 26 
99.04 103 95.68 109.38 103.98 
29.13 63.97 59 27 25.39 
99.9 99.99 106 83.99 97 
46 44 47 42.19 52 
55.61 89.99 69.99 73 73.19 
58 77.95 76.48 86 53.15 
84 82 73.7 78.35 79.9 
65 66.99 73.9 67 63.99 
9.99 9.99 5.62 9.24 9.99 
17 16 18 13.6 14.99 
49 56 49 49.89 109 
99 116.13 129.99 89 119 
46.9 49.99 42 45 42.96 
26 79.99 11.7 27.05 25.9 
19.99 17.32 17 19.99 14.7 
82 87 80.71 109 81 
92.9 89 89.99 83.99 106 
90.41 123.99 90.41 90.41 99 
41 17.99 42.93 22.15 49.99 
25 26 20.76 21.99 19.99 
11.53 6.99 9.99 20 12.67 
105 104 114.12 109.99 108 
43 29 49.47 49.98 52 
18 13 10.39 19.99 18.99 
52 53.8 48 42.99 49 
17.64 14.99 13 13.28 13.6 
27.05 29.99 31 28 29 
46 49 49.47 44.22 47 
102.66 79.99 105 98.6 102.09 
151 148.99 159 159 158 
29.99 26.5 25.22 25.22 43 
35 18 47.99 16.53 34.18 
53.8 47.01 49.89 47 49 
66 89 18 59.99 81.5 
54 59 49.99 48 45 
33.47 57 52.47 47 33.46 
55 44.86 46.43 44.99 48 
109 78.07 75 73.19 105 
17 15 19.9 19.99 19 
29 25.22 39 25.22 28 
39 119 129 117 132.5 
77 74.42 89 142 88.5 
51 53.9 52.49 55.44 59.99 
44.87 49.47 49 47 53.8 
18 19.9 19.9 15 10.39 
34 49 40.44 44.99 52 
14.06 19.9 15 51 19 
29.99 26.29 24.33 33 25.01 
10.43 39 19.99 20 33.49 
55.99 51 54 51 49.08 
16 9.99 14.18 9.99 9.99 
28 25.22 56 27 26 
10.49 5.07 11.99 13 19.99 
29 28 25.57 27 24.67 
115 110.7 124.99 106.3 122 
40.67 44.9 44.9 49.9 44 
18.99 17 17 21.99 18 
119 79 70.01 74.99 119.99 
46.3 44.9 49.47 47 49 
28 24.75 29 27.21 65 
56.23 28 34.99 26.19 65 
16 13.28 18.9 17.64 11.99 
36.6 41 17.99 46 9.99 
109.77 103 95.91 106.52 99.63 
89.9 84.99 80 74.18 82.32 
26.31 28.71 89.99 94.32 39.99 
16.02 15 25.99 39.99 22.25 
69.9 18.48 8 37.99 36.63 
43.98 39 31 36.5 34.18 
73.06 73.06 65 75.65 70.99 
140 145 149.99 146 179 
399 220 219 237 209 
79 92.53 99 92 79.99 
14.34 18 20 17 16.02 
47.24 46.9 42 49.99 45 
19 19.99 15.41 22.25 23 
99 93.6 109.99 99.9 87.99 
54 57 49.99 56.05 55 
49 29 52 52 46 
35.99 25.22 34 34.99 26 
70.36 73 51 79.99 78 
39 44 59.9 52 46.99 
87.48 69 89.9 89.99 78.97 
119 59 109 119.99 110.84 
15 12 12.58 16.84 12.88 
54.9 49.99 67 55.99 50.7 
51 78 67.5 70.99 79.99 
18.9 12.15 17.64 13 16 
34.8 17.9 34.18 20 35 
23.94 23.94 64.9 25 27.05 
52.47 51.54 55.61 51 54 
45 47 40.99 39.69 45 
52 54.99 53.61 46.99 49 
126.96 132.38 119.9 124 124 
51 51 48.31 24.99 56.05 
20 23.23 34.18 17.9 48.9 
18.1 16 21 14.99 17 
49 65 129.99 49.9 67.31 
28.71 30.9 36.5 27.17 26.4 
43.35 79.99 69 108 55.61 
51 47.01 44.99 46.3 49 
49.08 40.18 54 49.08 51 
18 20 36.5 34.9 18 
69.9 24.75 24.21 28 29.9 
115 73.06 73 73 74 
22.25 17 20.76 11.69 17 
102 98.06 103 119.99 97 
4.7 11.99 16 19.99 19.9 
45.85 49 47 44.99 21 
99.9 251 103.32 112 104.99 
109.8 129.99 108.86 108.22 112 
65.58 56 79 69.9 60.53 
29.68 27.84 33 31 36.9 
54.99 51 45 47.01 48.5 
14.12 18.45 11.69 17 18.5 
23.94 31 23.94 25 28.99 
109 175.89 129 104.89 119 
44.98 49.99 42.99 49 49.99 
29 51 49 50.29 44.99 
93.5 81.5 99.99 93.13 100 
29 51 49.89 48.89 52 
35 14.74 18 19 33.9 
20.76 19.99 18.45 15.41 24.99 
89.37 103.98 103 94.46 104.24 
32 46 47.99 36.78 39.9 
125 15.41 14.34 18.45 24.99 
24.99 15.19 18 18 17.31 
17 21.98 19.99 19.99 20.76 
113 99 129.99 116.13 165.7 
47 43.74 56 49.84 51 
64.99 60.91 72.5 61 57.02 
16.9 10.39 18 14.93 19.99 
29.9 59 26.19 26 24.04 
24.67 34.99 29.99 31 21 
81 75.88 80.71 80.71 79.9 
52 49 52 53 49.47 
99 98.9 104 114 98.9 
13.6 10.39 17.64 12.15 17 
58 69.99 51 49.08 53 
17.71 10.39 18 19 14.69 
14.35 17.64 16 13 18.9 
20 11.69 18 18 15 
19 16 13.88 17 17.9 
49.99 41.22 49.99 44.16 44.58 
26.99 28.99 24.11 26.5 25 
52.47 53 61 49.08 55 
17 18.99 16.9 21.99 18.45 
9.99 10.49 15.55 9.99 19.9 
119.62 19 117 149 122 
99 98.43 99 99 89 
44.22 45 43 48 45 
14.74 19.99 17 16.9 20 
29.99 29.99 26 28.58 24.69 
49.2 43.05 45 48 41.34 
45.13 39.69 47 47 49 
26 26.99 26.5 25.22 29.9 
51 77 59.99 56 56.05 
34 25.39 30.77 56.05 19 
34 54 59 48.31 57.27 
48 44.99 53.8 52 46.89 
25.08 26.74 24.33 26.64 29 
16 16 18.9 12.15 13.6 
49.47 44.98 42.99 42.9 44.22 
36.51 59 48.99 55 55 
179.99 149 149.9 149 128.9 
34.99 36.9 37.9 40.69 34.7 
47.01 49.99 42.9 49.47 44.22 
58 58 62.57 59 62 
88.5 77.16 89 89.9 77 
49.47 52 40.44 45.46 49 
16.99 16.02 18 18.45 14.34 
79.99 59 79.99 54.33 59 
30 32.9 28.71 30 29 
89 142 71.46 81 73.98 
33 36.5 34.18 19.99 39.9 
108 62.99 44.99 57.99 55.61 
48.31 55.61 69.99 79 75.65 
72 51.36 63 65.82 65 
66.89 66.89 148.9 55.95 59 
43.35 54.9 54.99 79.99 70 
49.9 46.99 54 52.66 139.99 
41 28.99 39.99 38.61 36.5 
44.12 50.11 47.12 46.14 48 
10.39 20.76 18 13.47 19 
17.9 35 16.53 29.58 34.18 
22 9.99 9.99 39.99 34 
179 145.07 144.99 86 153 
17 15 19.68 20.76 19 
29.99 29 28 24.69 34 
61 59.9 65.99 49 50.43 
54.9 49.31 46.12 45.58 59.99 
272 273.06 263.47 289 246.13 
51 49 49 49.99 52 
29.99 33.46 33.47 52.47 51 
12.99 13 12.3 27.5 13 
48 42.98 52 48.89 49 
14.99 69.99 69 62.99 63 
39 14.74 22.03 16.63 17 
279 263.47 272 344 257.44 
41.25 55.61 62.99 54.9 54.99 
74 125 139 123.51 44.99 
52.47 53 55.99 48.31 54 
119.9 129 119 118.99 125.42 
31 31.98 32.55 33.15 34.99 
72 52.47 47.36 63 84.68 
22.25 25 16.99 24.99 21.99 
64 59 64 61 69 
26.5 29 31.63 29.99 29.99 
30 0 18 25 15 19 17.9 19 14.97 19.99 18 19.99 13 29 20.99 18 24.9 25 19.99 17 30 21 15 30 13.9 21 14.97 20 20 19 30 17 149.99 19.9 19.9 17.9 15 22 15 30 30 15 15 30 15 14.97 9.99 22 17.9 30 30 25 15 30 29 14.97 15 21 17.9 18 19 19.9 35 30 20 22 19.9 22 24.9 19 21 13.9 29 19.99 14.97 30 9.95 30 35 15 19.9 30 14.97 12 15 13 19.99 19.9 17.9 21 13 17.9 29 15 24 13 9.95 14.97 22 19 18 30 14.97 14.97 17.9 26 17.9 30 15 19.99 12 9.95 12 19 14.97 21 26 30 18 17 15.99 18 19.99 25 14.97 20.99 35 12 30 20 30 13 17.9 13.9 17.9 15 9.99 22 21 20 30 9.99 13 19.99 16 13 14.97 14.97 17 24.9 9.99 20.99 17 25 20 17.9 21 13.9 30 19.99 26 9.95 19.9 30 19.9 30 20 15 30 17 19 13 149.99 13.9 21 15 14.97 13 30 20.99 25 24.9 9.95 19.99 18 30 21 17 19.99 25 30 9.95 21 20.99 19 21 13 17.9 13.9 14.97 19.9 19 30 9.99 17 20 30 14.97 29 9.99 18 19.9 30 14.97 25 19 26 35 18 24 19 15 19.99 35 19 19 26 17 149.99 17 24.9 14.97 14.97 19 30 35 13.9 17.9 15 22 14.97 13 19.99 19.99 35 19 23 24.9 30 15 20.99 25 19.99 19 9.99 20 19.9 13 25 35 13 29 21 19.99 35 30 30 20.99 29 17.9 15 15 19.9 22 20.99 30 21 149.99 9.95 15 18 30 20 149.99 13 23 29 35 15 15 15.99 19 20 25 19.9 17.9 15 20.99 30 20.99 12 19.99 19.99 24.9 22 19 13 12 19 35 16 30 18 13 20.99 19 17 25 15 12 30 30 15.99 30 17 30 19 12 14.97 15 17 29 15 15.99 15.99 17 15 22 13 14.97 14.97 25 29 30 13.9 30 19.99 20 12 17.9 19.9 18 17.9 17 30 15 24 24.9 17.9 20.99 15 19 15 17.9 17.9 26 12 21 9.99 13 15 19 17 15 21 15.99 17.9 13.9 23 15 22 24.9 20.99 20.99 15 20.99 14.97 15 19.99 26 20.99 30 9.95 19.9 9.99 15 21 19 21 13 
