5 400
25 32.98 33.95 24.79 35.67 
53 49.9 54.08 59.99 46.12 
18 13.65 16 17.9 15 
64.99 69.9 59 52.47 51 
5 29.99 16.53 22 34.18 
73.5 34.99 29.99 19 16.9 
99.99 109 99.9 99.9 105.93 
72.5 79.9 60.91 61 57.02 
69 58 64.28 60.93 99.9 
48.5 54.9 49 49.99 44.9 
64.28 39.99 70.9 61.96 141.5 
52 45.29 40.29 34.99 42.99 
25.76 27.99 27 30 31.9 
24.33 29.9 34.99 26.91 29.99 
24.79 29.99 29.99 24.59 29.99 
29 29.99 32.9 25.88 43 
13.28 16 18.05 16.84 12.99 
29 26 31.56 26 27.05 
109 109 109.99 102.66 110 
59.19 105 109 57.26 98 
41 38 35.99 39.6 34.76 
49.9 58.95 49.99 77 67.31 
16.9 16.99 22.25 24.99 20.76 
30 19.99 19 26.05 15.32 
75.99 78.26 81 82.93 49 
87 42.79 54.08 46.99 49 
20 16.02 18 14.34 20.76 
55.43 39.87 44.11 61.01 59.99 
52 46.43 46.9 49.99 44.99 
59.9 44.9 49 49.9 47 
30 26 31.7 29 113.75 
14.34 16.02 22.25 25 26 
41 37.5 38 42 36.78 
77.95 69.9 93.44 105.37 95.24 
29.99 24.93 34 25.74 26.73 
15 20.76 10.39 22.25 13.74 
26 39 29.99 29 25.11 
34 25 24.99 31.91 16.04 
39.99 1.99 10 6.94 14.9 
18 18 10.39 15 14.59 
112 114.99 122.5 117.54 129 
39.6 51 52.32 49.08 39 
81 87 92.56 57.16 84 
83.98 89 92.9 87.12 92.9 
16.8 18 16.8 29 18 
129.9 117.79 139.9 119 129 
13.95 19 18 16 15 
50 49.2 48 45 59.99 
29.99 28 26 28.49 26.57 
13.28 14.99 24.9 16 12.15 
24.33 34.99 29.99 29.9 26.99 
55 109 53.8 49 27.5 
149 149 149 149 149 
70.36 89.99 73.19 75 75.9 
46 49 44 48.92 44 
69 69 148.9 65 66.89 
24.75 34.99 26 34.99 24.21 
12.15 21 7.9 16 18.9 
49 50 55 40.92 45.99 
59.99 41.34 49 49.99 48 
41.31 30.99 79 49.9 43 
118.39 107 108.56 104.99 85.9 
19.99 43 15 19 13.5 
79 89.9 78.98 80 69 
59.9 54.5 59.9 44.4 45.4 
29.7 31 30.99 29.7 38.9 
149 149 149 148.9 149 
64.54 61.54 59.8 79.99 64.99 
48.47 46 56 47.01 44.99 
26 29.99 39.99 20.83 33 
50 52 52 49.47 53 
37.09 37 116.35 58.18 119 
25.01 29.99 34.99 28.99 26.74 
51 39.99 39.99 35.9 51 
90.82 89.99 89.99 79 90.09 
43 73.9 59.99 66.99 77.69 
31 44.55 41.99 25.46 27.68 
101.5 119.99 100.19 101.97 64.99 
128 116 119.9 76.77 89 
90.11 99 99.9 92 79.39 
15 15.41 11.69 18 13.53 
29.9 34.99 34 26.73 24.93 
13.1 30 34.18 13.35 16.9 
19 14.89 14.89 14.05 44.28 
19.99 15 16.02 20 18.45 
55 53 39.9 54.99 59.99 
69.9 67.9 65.58 62.37 60.53 
26.91 25.22 26.74 29 29 
34 35.5 7 29.13 29.13 
42 36.9 37.5 39.99 43 
20.76 17 10.39 15 20 
42.9 119 110 78 109.9 
13.28 5.07 10.49 19.99 11.99 
49.99 49.99 58.99 43.98 69.99 
99 127 98.9 89.99 89 
72.19 87.36 82 82 99.9 
109.98 74.99 79.9 66.55 119 
67 64.89 66.33 78.21 59.9 
51 62 55 54 57 
52 42.99 44.99 51 46.3 
119.99 95 91.91 90.41 90.41 
45.69 47.74 48.06 108 84.87 
29.91 29.99 31 29.99 29.99 
50 55 49 59 77 
15.73 17 20 39 33.99 
69.99 69.9 36.6 41 17.99 
67.31 49.9 49 39 129.99 
32.09 33 31 36.5 42.99 
273.06 272 299.99 269.01 273.06 
19.99 20.76 19.99 18 18.45 
67.91 89 72.42 69.9 89 
22 22 20.67 25 24 
115 86 109.99 119.99 117.05 
20.76 17 17 15 20 
20 22.03 18 19 14.74 
98.72 59.99 59.98 49.99 97 
59.99 77.9 57 45.82 64.35 
13 14.99 21 16 17.64 
16.74 17 17.64 17 12.15 
57.84 53 57 48.31 45 
47.01 54 49.99 52 39.99 
122.81 116.87 113.78 119.02 117 
52 44.99 49.99 54 49 
47.01 59.99 59 49.31 59.9 
149 179.99 146 149 149 
129 104.24 100 89.37 98.39 
46.3 53.8 52 44.99 29 
49.99 49.99 43 60 43.01 
59 55 44.72 51.6 55 
49.99 49.99 69.99 67.82 29 
54 58 55 53 47.93 
73.19 110 73 42.9 70.73 
29.99 21.99 17 18.45 42 
36.5 35.67 24.99 24.99 30.9 
39 18.49 15.67 16.75 17 
58.89 49.74 52.89 49 59.99 
15.67 33.9 17 18.49 19.99 
25 64.9 59 26 43 
103.94 117.54 129 119 114 
139.99 129 149 121.17 119.31 
111.15 108 194 119 100.4 
29.99 34 26.5 24 29.99 
26 30 25.22 25 26.91 
19.99 18 17 18 32.99 
16 19 15.19 18.1 21 
49 55 46.9 49 59.99 
88.43 99 87 80.78 94.9 
29 59 52.9 43 62 
12.87 12.48 9.99 33.62 20 
26.89 34.99 29.99 34.99 31 
49.47 52 44.22 46.3 49 
66 19.99 39.99 39.99 19.99 
89 112.99 109 109.99 119.99 
32 30 39.99 30 39.99 
30 32 29.99 37.99 30.27 
17.31 15.18 21 17 16 
15 13 19 16 15 
121.77 123 149 125.28 119.99 
26 24.69 26.29 26 26.5 
89 73 77.55 78 79 
59 63.36 61 77.95 59.99 
9.99 38 10.49 15.75 9.99 
54 49.9 49 49.99 39 
39.63 39 40.89 49.9 49 
15 15 13 14.99 19 
25 22.76 29.99 24 28.49 
13.21 19 18 11.54 16.99 
18 18.9 13 17 13.6 
69.99 29.13 61 79.99 27 
119 119.02 122.5 122.5 122.07 
17 14.89 16 20.66 14.89 
16.53 29.99 5 20 17.98 
59 34.99 63 59 58.35 
92.9 106 108 92.9 83.98 
102.34 119.99 69.99 48.67 53.83 
26 34 34.99 24.69 41.21 
89 76.99 80.77 128 119 
13 15 13.28 19.9 11.99 
51 46.3 47 49 40.92 
49 57.01 50 46.36 54.99 
29.99 79 30.51 39.99 28.91 
69.99 60 59.99 69.99 65 
39 30 31.1 33.81 29.52 
17 17 9.99 18.9 27.06 
73 18.45 15 11.69 20.76 
109 102.66 109 119 116 
118.38 113.16 139.99 115 129 
39 18 23.23 17.9 39.9 
27 24.02 29.99 29.99 23.36 
78.26 84 77 76 84.9 
29.99 29.99 34 30 34.99 
31 20 34.18 34.9 19 
59 54.98 54 49 52.66 
14.89 15 22.25 11.69 16 
22.25 22.7 16.99 20 16.9 
29 26.99 43 34.99 31 
118.5 39 54.44 39.99 59.9 
17.9 18 16.53 44.28 39 
21 26 29 29.99 31.56 
99 88 84.99 89 99 
39.9 53.8 49.89 49.47 44.99 
84.99 86 77.09 79.99 87.33 
31 24.99 34.99 29.99 33.49 
26 26.9 26.29 29 26 
25 29.99 24 22.76 29.99 
13.66 15.04 17 39 15 
34 40.92 43.79 49.89 46.3 
43.5 54.9 39 43 43.6 
49.47 48.5 55 47.01 46.99 
69 63.99 79.9 73.9 78 
16.99 18 19.99 16.9 20 
84.99 72 75.59 79.95 75.64 
25.57 28.99 30 25.22 39 
26 34.99 29 25 29 
49.08 69.99 109 69 62.9 
55 45 49.99 49.47 40.29 
104.99 89 149.99 55 79.99 
49.89 48.89 43 55 53.8 
44 59.9 44.9 44.9 49.9 
25 22 24.11 22.68 24.11 
28.49 29.99 24.62 29.99 29.99 
18 19 22.25 10.58 13.34 
44.22 47.01 42.99 44.98 49.47 
44 39.99 49.99 44 49.9 
99 133.99 106.52 99.63 115 
24.33 34.99 31 26.91 30 
73 67 39.9 61.17 76.05 
73 89 78.99 89 78 
49 49 49 52 49.89 
55.99 56 43 59.99 57.84 
92.9 97 92.9 89 89 
15 14.12 17 18.45 16 
44.9 47 40.67 49.9 44.4 
29.99 9.9 14.99 4.99 29.9 
21 9.99 19.99 19 11.69 
72.99 74.99 74 69.52 79 
26 56.43 23.63 30.71 34.99 
45.85 21 44.99 29 49 
53.99 55 44.22 52.77 54.99 
18.1 21 17.31 19 17 
144 159.99 153 146 144.99 
64.28 70.9 141.5 64.27 39.99 
25.39 29.99 7 29.13 27 
29.9 34.99 39.99 34.99 34 
110.7 106.3 110.7 118 115 
119.99 43 64.99 101.97 99.9 
28 26 57.99 129 34.99 
9.99 19.99 18.04 9.99 9.99 
55 16.99 16.9 17 14.72 
41 39.99 46 42.93 49.99 
41 41 39.34 35.32 56.9 
85.19 78.35 87 89.99 93.99 
41.99 52 49 52 42.99 
78 67 65 63.99 75.5 
70.36 79.99 48.31 73 73.19 
111.69 129 119.9 124.67 123 
24.36 26.5 30.99 34 27 
60.07 58 62.52 58 62 
55 51 49.08 56.05 55.44 
11.99 13 17.64 16 12.15 
49 44.22 42.99 47.01 49.99 
61.18 67.9 32 69 25.39 
27.3 29.01 65.99 69.99 27.3 
19.9 18.99 11 9.99 9.99 
59 52.47 61 54.74 69.9 
57 54 54 49.08 51 
46 69.99 36.6 9.99 69.9 
49 47.01 49 54.08 59.99 
26.29 31 29 27.05 26 
29.9 26 25.22 26.74 34.99 
46 44 44 44 44.65 
20 32 19.99 10.43 10.47 
26 30.99 28.99 29 25.74 
35.67 43 31.07 14.99 39.9 
43 46 47 43 49.99 
39 17.9 19 34.18 31 
49 45.46 45.98 53.8 47 
50.29 47 44.22 52 55 
119.9 124 118 129.99 184 
29.99 29.9 29.91 31.56 28 
45.82 57 44.11 62 49.99 
64.18 69 43.35 79.99 44.99 
32.9 36.9 27.76 31 29.68 
13.53 13.35 19 11.69 11.54 
49.97 44.99 55.99 59 59 
29.99 29.01 26 26.85 26 
69.99 27 27 26.99 29.99 
29 28 65 24.75 24.75 
21.99 20.52 18 38 17.99 
61 61.54 33.46 43 69 
94.96 105 52.44 98 104.72 
83.99 89 83.98 99.99 92.9 
29.9 22.77 9.9 29.99 29.99 
29.99 25.22 28 32.99 24.69 
49 49.47 46.99 52 49.89 
44.12 46.14 53 77 48 
49 27.7 49 50.29 56 
62.9 69.99 51 69 59.99 
41.99 39.69 47 45.9 44.65 
42.99 22.57 16.8 25.85 16.53 
43 20.76 13.5 18 13.5 
17.9 18.45 86 15.21 17 
30.44 33.61 33.9 36.65 43 
50 50 59 62.35 65.99 
56.05 43 51 51.44 51.54 
29.99 34.99 29.9 29.99 4.99 
15 16.8 19.99 10.39 18 
19.99 17 18 32.99 19 
119 119 109 115 107.05 
41 38.44 34 36.78 42.93 
59.99 50.76 44 53 54.9 
47.01 47.5 47.01 44.22 49.89 
69.9 43.9 8 8.25 69.9 
31.98 35.67 34 33.15 32.55 
59 65 54.99 57.75 67 
18.9 13 12.58 13.6 13.28 
38.9 30.2 32 30.19 29.9 
34 36.5 32.98 25 24.79 
24.67 27.99 26.8 34 27 
30 29.99 31.89 43 28.04 
34 29 30.99 56 28 
30 30.51 39.99 39.99 30 
27.05 28 26 24.79 24.59 
18 19 20.76 19 15 
14.91 34.99 4.99 56 8.8 
17.31 18.1 18.1 18 18 
119.31 119.31 123 139.99 121.17 
22.25 17 15.41 20.76 19.99 
14.99 17.99 18.1 16 18.1 
149 128.9 149 149 149.9 
31 28 33.81 27.06 31.1 
32 33.3 28.98 63.5 43 
84.5 119 105 65 109.9 
149 149.9 149 147 179.99 
42.63 59 48.31 49.08 51 
17 12.15 13.28 16 13.99 
16 19 13 13.28 17 
44.22 52 42.99 47.01 47.28 
31.7 29 30 29.99 29 
48.67 43 49.99 46 43 
11.69 21.99 19.9 15 14.12 
103 109 103 109 108 
29 31.6 27.84 27.76 33 
103 114 99.04 89.99 99.9 
13.28 16 6.01 16 6.53 
78 75.5 73.9 67 63.99 
51.36 84.68 65 47.36 65.82 
55 43.37 42.99 34.9 47.01 
11.29 34.18 35 33.98 31.1 
55 115 65 78 79 
24.99 24.79 31.91 36.5 39 
15 15 14.99 16 19 
36.51 55 63.5 47.77 59 
57 59 57.9 77 59 
29.99 26 24.59 31.56 29.91 
49.99 69 98.72 59.98 120.86 
129 100 100 103.99 104.24 
47.01 52 49.99 46.3 47.01 
49 53 49.99 42.99 44.98 
54 48.55 54 48.31 52.59 
51 62 61 53 57 
42 48.5 49.99 40.5 45 
39.99 99.99 80.05 141.5 61.96 
28 26 28.99 31.7 28 
26 27.68 27 24.67 26 
26 34 26 28.58 24.69 
111 49.08 53 56.05 51.8 
43 79.99 79.99 58 62 
32.55 39.9 65 33.15 31 
18.99 32.99 34.99 19 9.99 
70 61.01 63.33 67.47 59 
23 19.99 13.55 19.99 19.68 
20 18 11.69 22.25 44.9 
9.9 26 26.93 26 113.75 
103.15 79.9 107 69.99 149.99 
82 74.42 89.9 74.42 76.88 
45.46 47.01 46.3 52 39 
18 18.91 15 17 16 
49.47 44.22 49 55 52 
94.96 105 98 52.44 59.18 
92.9 106 87.12 89 99.99 
17.9 19.99 19.9 13.13 13.78 
26.5 24 22 25 23.64 
49.31 48.89 48.5 49 45 
29 55 43.79 49 51 
52.32 51 59 58 69.99 
179 153 140 146 144.99 
49 43 45 48.9 47.03 
25.9 28 24.79 11.9 26 
80 78.97 79 78.98 89.9 
17 13.21 19 17 11.69 
28 34 29.99 9.9 28.16 
4.99 14.9 14.91 34.99 24.9 
33.81 31 44.9 30.37 49.9 
19 18 22.57 44.28 16.8 
104.99 108 109 119 95 
31.56 26 26.29 31 39 
33.45 33.45 30 27.52 33 
74.42 88.5 76.88 71.46 142 
69.99 63.48 62.37 62.37 63.47 
13.9 19 15 20 17.9 21 24 35 29 19.9 19.9 19.9 17.9 22 19.9 14.97 21 17.9 19.9 18 25 15 24.9 13.9 24 19 15 24.9 19.9 20 25 29 21 35 19.99 29 19.99 12 24 17.9 17.9 25 15 14.97 14.97 9.99 29 9.95 19 15 19.9 20.99 19 19.99 21 24.9 19 35 21 30 19.9 19 21 19 35 13.9 25 21 20 24.9 30 29 12 20.99 26 25 21 9.99 19.9 20 15 29 24.9 17.9 35 24.9 24.9 30 30 13 15.99 16 14.97 14.97 26 9.95 15 14.97 12 17 29 21 14.97 19 19.9 29 30 17 20 15 17.9 22 25 13 17.9 30 19 35 19 20 30 19.9 24 19 19.9 30 19.9 15 30 20.99 30 19.99 19 30 22 30 30 19 15 14.97 20.99 20 17.9 30 19 35 13 26 14.97 19 30 19 15 22 21 15 24.9 25 30 12 30 15 26 19.9 25 13 29 30 24.9 30 19 21 25 19 12 26 25 12 15 15 25 19.99 12 15 13 30 20 17.9 12 24 13 19.9 25 17.9 13 30 13.9 29 17.9 26 18 19.9 14.97 17 19 19.9 18 18 19.9 29 15 15 19 21 17 19.9 30 19.9 18 15 17.9 15.99 20 25 14.97 30 21 9.95 20 21 20.99 15 35 20.99 14.97 26 25 14.97 149.99 17 15 22 19.9 29 9.95 9.95 19 13.9 24.9 17.9 24.9 17.9 19.9 20.99 20 23 17.9 15 24.9 21 18 17.9 15 14.97 20.99 19 13.9 149.99 20 30 30 13 19 12 13 17.9 17.9 18 35 18 19.99 9.99 17.9 25 20 17.9 14.97 21 20.99 29 30 30 29 30 35 13 18 17.9 19.99 15 19.99 19 30 17.9 19.99 19.9 13 21 22 19 149.99 20 15 19.99 19 19 21 21 19 26 12 30 18 15.99 24 21 30 19 21 149.99 29 21 29 9.99 30 30 21 12 19.9 9.95 30 17 22 17.9 15 19.99 18 15 13.9 24 13.9 15 29 13 17 20.99 19 21 30 18 12 19.9 13 20 17.9 12 21 19 30 21 30 19 35 21 21 17.9 17 17.9 17.9 17.9 20.99 9.95 9.95 30 149.99 20 21 19.9 19 19 24.9 13 21 19 20 15 19.99 24.9 19.99 9.95 