5 400
45.04 49 39.69 45 44 
87.99 159 179 160.16 98.01 
11.29 31.1 39 37.63 39.54 
99 79.99 60 79.99 39 
70.36 54.89 51 73 55.61 
28 29.99 25.22 35.99 26 
54 47 53 48.94 49.84 
17 16 12.99 13 17.64 
108 109 103 103 108 
19 22.25 10.63 17.9 17 
31 34.99 34 34.99 31 
70.99 79.99 74 54.99 78.07 
118.99 120 119.9 129 124.67 
15 15 44.9 15.04 14.11 
29.99 26.14 59.99 29 27.86 
45.73 52.66 139.99 58 39 
62 44.99 93.99 73.7 52.9 
59.99 47 86 49.99 45 
29.99 20.67 24.19 22.78 25 
18 10.39 19 19.99 14.34 
62 108 84.99 73.7 52.9 
49 67.31 65 66.11 58.95 
129 120 118 129.99 111.69 
22 24.99 23.64 24.99 25 
139.99 118.38 110.7 112.9 129 
17 13.34 10.58 13.53 22.25 
24.75 29 26 24.75 26 
4 6.01 16 14.99 6.53 
44 46.99 44.77 47 49 
84 83.69 128 76.77 119.99 
51 44.99 49 44.9 46.3 
29.99 25.22 29.99 30 25.22 
47.01 49.99 47.01 46.9 39.99 
59.99 61.5 58 63.36 58 
22.25 10.39 19 18 17 
119 99.99 119.9 127.9 116.53 
90 88.5 75.71 72.74 79.9 
108 89.9 82.19 99.99 89.99 
59.99 50 46.99 52.93 39 
14.59 18 18.45 17.9 15 
49.89 44.86 46 42.99 49.47 
39.99 29.99 35.5 29.13 40 
20 33.9 18 18.49 17 
30 28.99 25.22 34.99 29 
13.28 18.05 12 13.99 12.99 
34.99 16.91 59.99 16.9 11.03 
56.05 50.8 51 55.44 59 
51 69.99 43 52.49 86.9 
26 31.7 27.68 26 24.33 
45 42.99 47.01 49.99 47.01 
19.99 31 30.69 26.05 35 
100 98.06 119.99 89 95 
73.5 29.99 28.49 34.99 19 
129.99 119 126 116.13 89 
19 18 14.49 19.99 10.39 
19 17 18 19.99 39 
69.9 59.99 102.34 65 64.9 
63.52 58.35 64.99 119 59 
23.94 23.94 25 69.9 22.49 
37 119 58.18 114 49.99 
66.99 56.05 49.48 57.27 54 
87.33 65.99 69.99 73.42 75.64 
32 34.99 39.99 29.99 19.9 
48.92 44 43.32 39.69 44.99 
56.9 57 59.9 55.44 51 
141.81 145 151.4 146.31 144.99 
27 56.05 29.13 34.99 30.77 
65 59.13 66.89 66.99 65.9 
52.49 54.99 55 58 54 
86 117.05 115 119 119.99 
40.59 41 38 34 38 
26 65 59.99 26.46 26 
49.47 49 85.5 47.01 45.73 
43.49 29 27.7 52 49 
125.73 139.99 119.31 135 119.31 
15 18 19 16.02 18 
19 15.19 17 17.31 18.1 
34.99 26 31.7 28 25.22 
53 59.99 59.99 54.9 47.01 
108 106.95 96.95 114.91 89 
49.08 59.99 57.84 124 53.37 
9.99 19.9 18.99 9.99 8.25 
43.49 55 44.99 49.47 51 
24.36 56 25.22 25.74 27 
99.99 52.96 86 79 79 
27 30 32.28 30 27 
99 14.1 16 17.9 20.52 
49.74 59.99 49.99 52.89 54.5 
54.99 89 60 60.32 52.46 
14.35 17.64 13 13.99 16 
37 44.9 44.99 36.8 49.9 
72.42 79 69.6 79 72.42 
88.43 52.96 80.78 94.9 99.5 
19.99 16 18.45 11.69 14.99 
29.9 9.9 22.77 4.99 29.99 
16 12.15 17.64 6.01 14.99 
15 14.3 17.32 20.76 17 
34.99 26.99 24.33 26.91 29.99 
44 42.19 44.77 53 44.99 
84 85 77 81 72.01 
29 46.11 21 45 49 
79 41 36.78 40.59 45.99 
73.9 63.99 79.9 69 67 
21 14.99 18.9 15 13.28 
34 58 51 59 55.44 
42.19 44 39.69 44.65 47 
39 59 52.56 51.38 66.99 
45.85 51 47.01 49 52 
22.57 34.99 29.99 22.77 9.9 
51 48.31 59.99 56.05 58 
89.9 81 79.46 80.9 85 
45.9 29.99 44.55 24.09 41.55 
26 27 34.99 59 56.23 
43 35 33.3 28.98 35.67 
59 44.99 57.27 49.99 55 
25.9 26 27.05 31.56 28 
118 129 119 119.9 124.67 
25.68 29.99 29 28.71 43 
69.9 43 24.99 43 55.99 
246.13 319 269.01 273.06 282 
31 20 22.57 19 23.23 
57 54 48.31 51.54 52.49 
106.17 109.99 118 108.86 102.76 
29.99 34 62 29.99 33.9 
56 48.31 55.99 59 57.84 
42.9 34.7 36.9 43.94 34.99 
11.99 17.64 18.9 19.9 4.7 
89.9 88.5 77 95.99 75.71 
57 51.54 54 64.99 59 
20.76 17 19.99 13.34 18 
16 12.99 12 12.88 18.05 
99 119.99 109 136.99 119 
122 55.37 60 117.13 60.22 
29.99 22.78 23.64 34 29.99 
59 49 49.99 40.99 48.92 
32.9 42.99 18 17 23.23 
9.99 25.39 29 39.99 29.13 
20.83 5 29.99 39 29.99 
25.22 24.67 27.68 29 26 
57.99 34.99 34.99 28 42.63 
20.76 22.25 20 18 14.34 
29 53.8 52 49 51 
69 119.99 129.99 109 104.89 
27.05 26.29 39 28 31 
44.72 59 51.6 52.56 57.99 
13.14 15 3.9 14.11 20.52 
149 149 148.99 179 149 
49.89 53.8 44.99 47.01 52 
57 142 54 59 59.13 
18 19.68 19.99 15.41 17 
74 72.99 79.38 69.52 99.99 
24.79 25.9 31.56 26 26.29 
125.42 172 118.36 119.9 121.07 
30.67 9.7 24.99 33.49 28.67 
108 194 119 117.77 100.4 
29.99 24.69 28 29.99 34.99 
29.99 26 27.05 24.59 28 
49 47 49 49.89 52 
58 43 60 79.99 58.84 
124 132.38 119 111.69 129 
69.99 57 51 51 49.49 
28 29.99 129 25.22 26 
38 36.78 24.75 36.78 42.93 
35 34.44 9.99 36.5 28.78 
16 17 18.9 13.6 12.15 
33.46 51 54 33.66 29.99 
26.31 28 26 29 25.9 
49.08 51 38.99 57 40.18 
56 59.99 55.99 52.47 54 
26 26 24.75 24.75 27.21 
44 51 47 44.99 48.92 
58 59 55.97 69.98 58 
36.5 30.69 39.9 29.19 34.18 
46.03 45 43.05 59 50 
99 95 99.9 104 109 
31 30 35 19.99 34.18 
179.99 158.99 149 145.4 179.99 
15 17 16 18.45 11.54 
85.5 59.9 57 54.08 59.99 
84.6 97.5 62.17 66.9 129.99 
52 27.7 52 43.49 55 
35.51 39.9 35.5 31.07 14.99 
12.99 49.99 39 12 12.3 
15.04 15 18 17.99 15 
56.05 57 49.48 66.99 49.99 
28.78 9.99 9.9 9.9 32.37 
44.9 22.25 49.9 19 14.34 
49.08 56.05 53 49.08 39 
90.82 94.9 78.99 99.99 100 
59 49.99 45 121.45 58.18 
25.22 27.68 27 25.74 28 
51 47.01 49.89 53.8 45.85 
61 70 69.8 61.01 71.7 
26.91 31 34.99 34.99 34.99 
16.9 30 13.11 29 16 
49.99 49.9 55 59.99 45.76 
114 49.99 55 55 44.99 
38.44 37.5 42 34 45.99 
43 49.99 34.9 52 49 
85.9 108.56 109 118.39 89 
94 99 89 104.99 90.66 
56 59.99 48.31 54 51 
57 55 59.99 54.9 45 
119 89 124.67 80.77 88 
13.28 14.99 13.6 14.99 13 
24.69 28 26 57.99 42.63 
81 95 75 99.99 79 
79.39 99.9 82.09 84.99 86.72 
25 24.99 23.64 25 26.5 
19 11.54 17 18 13.35 
103.32 114.99 108 99.9 99.9 
80.77 128 124.67 119.99 89 
40.89 26.05 35 40.16 28.99 
79 93.99 99.9 82 80.81 
21 11.54 9.99 19.99 19 
17 20 17.32 15 17.9 
25.74 34.9 23.94 31.9 69.9 
89 119 95.93 97.5 118.39 
22.25 35.67 18 16.02 19 
88.5 49.99 66.99 56.05 56 
69.99 56 60 70 82.87 
34 28.74 31.7 26.64 28.74 
108 82.93 49 85 84.9 
25 26 22.49 23.94 55.44 
39 59.99 52 59.99 54.9 
39 49.08 51.54 49.9 56.05 
18.99 19 39.99 19 18.45 
289 276.17 246.13 272 279 
99.9 95 114.12 230.01 99.9 
59.99 54 51 69 43 
73.19 73 69.99 51 78 
58 58.53 61 54.74 57.2 
28.49 34.99 26 29.99 29.99 
123 149 122.81 116.77 118 
26 29 59.99 27.21 24.21 
29.99 49.99 58.18 121.45 45 
43.95 49.47 52.93 44.22 48.5 
44.4 44.9 41.1 45.4 40.67 
20.76 15 20 11.69 19 
24 25 18.13 11 10.99 
49.08 56.9 55.44 59 29 
118.36 119.9 119 172 119 
48.31 54.99 62 48.55 54 
110 73.19 78 68.27 109 
139.35 86 135 141.81 148 
25.22 25 30 26.99 26 
118.09 129 119.99 131.32 116 
54 28 29.52 39 27.17 
84.99 105 99 119.99 98 
11.4 20.47 24.8 33.9 27.99 
31 27.99 25.76 27.56 32.28 
175.89 109 110 102.09 119 
89.9 77 75.7 89 76.3 
114.02 110.7 113.16 112.9 115 
60 60 61.54 69.99 61 
34.99 4.99 7.95 4.99 35.9 
53.8 41.12 49 47 49.89 
5.07 34 9.99 11.38 9.99 
273.06 274.99 299.99 246.13 279 
14.1 18 13.89 22.25 11.69 
83.69 138 135 109 76.77 
49.99 59 53 54.9 57.99 
49 67.31 65 39 49 
11.46 7.36 19 19.9 18.99 
58.41 78.35 93.99 79 78.35 
35 17.9 44.28 18 16.53 
49 47.01 54.08 45.73 59.9 
39 52.32 57 51 54 
31.99 27 32 63.97 63 
13 13.6 16 16 13.28 
32 59 69.8 39.9 70 
34.99 30.9 27 31.88 24.67 
26.5 29.99 26.29 25.22 30 
26 34 29 26 29.99 
22.68 29.99 22 28.99 26.5 
15.18 21 18.1 17.31 24.9 
10.39 15 16.02 18.99 20 
13.53 10.39 19 9.99 17 
141.81 135 129 149.01 146.31 
149 179.99 149 146 154.99 
49.9 49 30.99 41.5 41.31 
34.99 29.7 34.99 31 29.7 
65 69 63.59 69.9 63.99 
59.99 55.35 61.5 58 53.15 
90.82 89.99 94.9 99.9 93.5 
34.99 28.49 24.69 34.99 28.58 
15 16 15 14.89 18.91 
79 95 68 92.56 86 
43.4 43.05 50.99 42 41 
46.3 47 43 49 49 
51.54 51 54 54 43 
19.99 18.91 19 9.99 19 
44.99 69 43.35 43.56 69 
29 15.04 14.06 20.52 19.9 
39 54.99 55 59.99 43.45 
26 34 27.99 28 42.63 
59.99 48.31 56.05 109 52.32 
29.99 34.99 26.13 29.99 34 
29.99 22.73 24.02 29.99 29.99 
59 79.99 51 48.31 129 
139.9 119.31 133 129 121.77 
35.67 39.99 35 29.99 29.99 
35 26 31.7 30 25.22 
42.99 49 47.5 55 51 
47 44 52 49 42.19 
10.63 18 17 15.03 13.54 
22.25 17.9 17 14.3 18.45 
10.39 15.6 9.45 13.53 17 
69.99 26.99 34.99 30 109 
45.13 44.77 48.92 46.99 49 
42.9 43 54.99 43.6 49 
26.14 28.3 28.5 29.99 29.99 
16 17.64 18.9 13.6 12.15 
16 16 11.99 13.28 17.64 
69.99 56.05 51.99 54.99 79 
15 16.02 19.99 19 20 
44 52 49.47 49.89 29 
86 79 75.64 74.98 75.59 
99.9 109 43 59 101.5 
64.35 45.82 55.43 47 44.99 
14.99 17.64 16 17 14.99 
56 41.59 42.57 47.24 49.99 
72.42 73 68.78 89 77.55 
17 18.9 14.98 13 17 
77.99 80.19 59.99 49.08 51 
47 47.01 47.01 49.99 51 
50.5 52 51 49.89 47 
34 34 29 34.99 26 
20.78 22.25 20.76 21.99 24.99 
17.64 6.01 13.28 4 14.99 
40.76 49 50.99 43.4 45 
26 31 29.99 29.01 34 
58.47 67 73.9 64.47 69.99 
49 53.8 49 34.9 54.99 
86.9 53 80.19 50 49.08 
59.9 47.01 41.98 43.98 49.9 
53.06 55.99 57.01 39 52 
46 52 44.22 49 49.99 
24.33 25.22 26 26.74 25.22 
79 97.5 107 119 78.99 
19.99 43 19 15 13.5 
129 119.99 105 119 109 
59.99 59.99 49 54.99 45 
147 149 149 179 149 
50.29 49.47 56 29 39.9 
132.38 84 119.99 140.99 88 
24.19 24 19.49 20.67 29.99 
28 36 35 24.59 24.36 
30 29 34.99 27 30 
25.9 20 21.99 18 19.99 
93.44 86.35 94.5 77.95 90 
59.9 59.9 57 59.99 59.99 
17 52.45 15 15.49 13.46 
100.19 119.99 119 101.97 119.99 
69.99 84.99 43.05 45 43.99 
52 49.47 48 49 49 
20.66 19 10.39 44.28 15 
24 29.99 24.99 24.99 25 
34 29.99 29 26.64 29 
48 46.89 52 47.01 46 
52.49 62.9 54 53 51 
116 112 122.5 114.99 119.02 
17 17 16.9 9.99 13.53 
18 10.63 13.53 17 13.54 
42.9 44 43 49.9 59 
70 63.33 66 69.8 67.47 
19.99 10 13 10.49 9.99 
42.19 47 46 53 44 
35 20 16.3 19 17 
28.99 24.36 26 50 26.5 
1.99 71.5 7.71 34 6.94 
58 62 41.72 60.93 99.9 
38 21.99 15.04 15 17.99 
19.9 13 13.28 21 12.58 
125 18.45 14.34 18 20.76 
18 18 17 15 11.54 
89.9 79 78.9 74.18 85 
51 69.99 49.08 56.05 49.08 
101.97 100.19 109 119.99 99.9 
72.91 64.82 69 74.32 88.5 
69.9 34.99 29.9 34.99 24.75 
32 30.27 29.9 30 33.45 
20.67 22 23.64 26.5 22 
32.7 48 53 49.2 32.5 
73 29 76.05 28.8 65.62 
75.5 79.9 65 78 69 
19.9 9.99 9.99 19.99 11.99 
19.99 29.99 39 32 10.43 
49 44.22 61.49 49 59 
15 44.9 15.04 15.04 21.99 
113.65 60 91.02 69.99 60.22 
39.9 12 14 15.75 11.81 
29 49 43 29.99 30 
55 52.64 44.99 57 49.99 
22.25 25 25 20.78 16.99 
36.5 31 34.99 39.9 31.98 
24.69 25.22 29.99 26 26 
85 77 89.9 76 76 
72.42 79 79 68.78 73 
34.99 34.99 31 16.9 29.99 
15 9.95 21 15 20.99 18 15 21 13 21 14.97 19 9.99 30 20.99 24.9 17 17.9 22 20.99 25 15 19.99 20 17 13 17.9 30 15 12 30 13 30 15 15 24.9 30 25 13 15 9.95 14.97 19 17 15 12 14.97 21 13 25 15.99 30 13 30 30 18 19 30 14.97 19.9 15 15 19 19.9 25 15 17.9 22 24.9 15 9.99 25 14.97 13 20.99 15 30 17 14.97 35 22 15 30 30 23 18 24.9 19.9 15 35 25 25 19 17.9 13 19 15 19 149.99 24.9 35 19 14.97 19 19 19.99 30 20 25 19 21 24.9 17.9 15.99 19.99 19 18 14.97 23 29 19.9 17.9 22 14.97 19.99 30 9.99 15 14.97 19.9 30 26 21 17.9 35 24.9 13 15 17.9 17.9 15 19 19 20 21 14.97 19.9 15 25 15 30 17.9 13 25 22 18 17.9 22 13 20.99 15 14.97 25 14.97 30 29 17.9 17.9 20 17.9 21 30 13.9 15 20 24.9 20.99 22 25 22 17.9 15 14.97 15 19 13 15 20 20 14.97 15 30 26 14.97 19.9 13 24.9 13 19.99 29 29 17.9 13.9 29 30 17.9 13 22 13 35 29 19 14.97 14.97 14.97 20.99 17.9 9.95 15.99 20.99 30 25 13 17.9 30 17.9 30 26 25 17 26 19 19 20 18 26 21 15 17.9 21 21 20.99 21 20.99 25 25 19.99 30 19 25 17.9 12 19 26 17.9 13 25 19.9 19 15 19 24.9 15 15 149.99 20.99 19 18 17.9 30 30 35 17.9 20 19.99 15 19.9 25 17.9 9.99 30 9.95 14.97 22 15 9.95 17 30 20 18 35 30 15 25 12 19.99 30 29 19 30 13 15.99 22 26 25 29 21 13 22 17.9 18 25 19 19 20 20.99 35 18 18 30 21 30 9.95 19 20.99 30 30 19.9 15 35 15 19.9 30 17.9 21 30 17 13 30 29 15 19.99 9.99 24 30 15 20 19.9 17.9 17 20.99 9.95 15 26 18 12 20 19 30 17.9 17 21 20.99 21 35 17 35 21 18 35 13 29 13 15 15 15 19.9 17.9 24.9 30 30 20.99 21 19 18 20.99 14.97 14.97 17.9 20 30 21 30 9.95 15 19 17.9 18 19.9 21 