5 400
49 47.01 42.99 52 51 
20 19 19 22.25 18 
19.9 13.95 14.99 18.91 11.69 
19.9 13.89 14.1 20.76 18.45 
29 39 15 79.99 19.9 
34 39 39 122 117 
45.85 45.04 59.99 44.99 55 
129.9 119 119 139.9 129 
19.9 19 18.45 18.99 13.29 
69.99 59 57.27 55 55 
88.5 74 73.8 89.9 75 
69.9 9.99 69.99 44 41 
118.99 129 117.79 129.9 149.99 
29 30 28 26 26.9 
29.99 30 29.99 24.69 28.58 
147 179 149 148.9 179.99 
64.9 69.9 55.9 43 78 
36.5 39.99 40.89 40.89 39 
34 79 28.91 39.99 30 
49 84.9 108 75.99 99.99 
17 18 15.03 18 18.45 
62 66.89 66.99 148.9 65 
19.99 19.99 25 39.99 43 
23.94 19.94 69.99 25 29.9 
104.61 106.52 99.63 110 108 
153 145 140 153 144 
67 64.89 62.85 66.33 58.06 
49.9 49.07 44.98 41.98 47.01 
34.18 39 19 17.9 39 
42 41 49.99 39.99 36.78 
19.99 22.03 16.77 17 18 
12.15 4.7 6.01 13.28 16 
95 103.98 109 104.24 104.24 
30 25.88 25.68 34.99 25.88 
26.91 14.9 34.99 24.9 34.99 
13 18 16.8 19 18.91 
91 82 87 73.7 108 
77.99 54 86.9 69 77.69 
103 102.09 119 119 129 
17.9 15.21 15.04 20.52 19 
29.99 31 24.59 31.56 34.99 
79.39 85 92.53 99.9 82.09 
34.18 25.99 30 29 19.99 
23.94 69.9 29.9 23.94 25 
15.04 14.1 18 19 47 
16.77 17 18 15.73 19 
14.1 21.99 16 20.52 19 
29 24.69 26 29 28 
10.39 13 19.9 22.25 19 
65 129.99 66.11 39 67.31 
32 73.5 34.99 34.99 28.49 
43.98 36.51 39.9 39.54 40.59 
20.3 10.94 24 18.13 19.16 
29.99 23.23 18 29 5 
49 48.47 49 49.99 52 
107.49 119 119 124 128.5 
49.99 46.9 49 49.89 49.99 
53.8 41.99 42.99 49 46 
33.66 69 43 61 65.58 
49.99 49.99 59.99 45 49.99 
102.34 69.9 129.99 119.99 59.99 
28.51 29.15 94.32 28.71 39.99 
14 4.99 34.99 34.99 6.26 
13.78 18.9 13 13.6 16 
51 55.61 41.86 56.05 51.06 
18 19 16 18.1 18 
76.47 93.69 269.99 65 84.6 
44.22 39.9 49.31 53 52 
172 118.36 119 123.39 119.9 
34.18 23.23 18 18 34.18 
22.49 53 19 29 29.99 
17 17.64 13.28 12.15 14.99 
49.47 49 42.99 46.11 53.8 
45 41.39 42.57 42 48.5 
104.72 98 94.96 98 52.44 
49 49.47 42.57 54 39.9 
40.89 38.61 39 40.89 44.28 
129.99 125.42 119 118.36 121.07 
18.45 22.25 20 17 14.34 
39 65 54.49 59 60.07 
18 44.9 20 18.45 10.39 
11.46 8.25 18.99 11 19.9 
49 53.8 49.47 49.89 43 
289 58.43 62.9 60 58 
26 26 25.9 26.31 24.79 
87 89 119.99 94.9 89 
19 20.76 18.45 19 29 
21.99 15.04 20.52 16 14.11 
64.54 56.46 61 67 79.99 
26 113.75 29.9 26.99 27.68 
44.98 51 42.99 45.85 52 
54 27.17 30 27.06 26.57 
47.01 49 47.5 46.3 51 
39.17 28.71 26.05 37.9 34.18 
116.77 116.77 123 149 113.78 
18 17.64 17 13.6 16 
15 19.9 17.79 17.32 15.66 
34.99 30.99 34 24.59 26.5 
20.76 16.02 13.47 18 10.39 
50.99 41 48.9 39.24 40.76 
123.99 99 100 94 95 
19.9 15 17 18.45 14.12 
43.49 55 56 42.99 49 
69.99 122 151 91.02 69.99 
14.49 19 22.25 18.45 18 
14.72 16.02 18.45 18 19.99 
18 16.8 34.18 22.57 17 
35 39.99 39 44.28 42 
36.51 47.77 53.57 55 59.9 
49 39.9 56 44.99 27.5 
93.99 99.99 83.79 58.41 59 
121.45 49 119.99 43 119 
17.64 24.9 13.6 18.9 16 
9.9 7.69 19.99 29.99 20 
13.54 11.54 17.9 13.99 11.69 
9.99 13.86 9.99 17.9 12.86 
68.9 63 58.47 64.46 67 
39.99 69.99 61 60 60 
87 82 56.9 73.7 99.99 
43.4 43.05 50.99 44 38.58 
104.24 99.95 89 103.98 100 
139.9 118.99 129 129 129.9 
78.99 69.9 78 74 68.78 
13.6 14.99 13.28 18.9 13 
130.5 139 69 108 99.9 
19 10.39 19 19 14.34 
129 125 126.96 124 132.38 
51 34 46.6 44.22 46.6 
53 56.05 51 57 51 
59 69 57.81 58 61 
16 18 21.99 18 15 
28 29.99 34 34.99 24.69 
28.71 31 32.28 27 30 
16 21.99 20.52 11.69 17 
50 59.99 59.9 49 52 
58.99 43 19.99 19.99 39.99 
74.32 67.36 94.99 88.5 72.91 
16.84 19.9 16 18.05 16 
119.9 129 124 115 172 
18.81 18 20 35.67 31 
65 62 60.93 99.9 58 
79 68 80.81 91 79.9 
49 47 49.99 49 55 
49.99 49.99 39.34 39.99 56.9 
9.99 9.57 36.9 32.99 18.99 
22.49 30 29.13 23.94 29.13 
119 129.9 119 119 125.42 
25.64 86 23.23 65.99 69.99 
54 51.99 43.74 56 49.84 
35.5 28.99 69.9 69.9 19 
17 13 18.9 17 27.06 
54.5 52.89 47.01 58.89 49 
51 69 56.43 52.32 49.99 
15.04 16 20.52 38 44.9 
22.49 55.44 129.9 31 51.22 
48 47.19 40.16 48 46 
129.99 118.2 79.9 116.53 118.5 
46.99 54.9 54 49 39 
29.99 25.22 30 29.99 26.74 
48.31 49.9 57 56.05 51.54 
17.9 20.76 15 17.32 19 
58.99 58 59 77 39 
47 46.3 29 46 46.3 
17 19.9 11.54 16 15 
123 139 139.99 125.73 127.59 
33.3 39.99 29.98 49.99 38 
46.19 54 54.99 59.99 59 
27.05 28 25.11 31.56 30 
76.88 77 142 71.46 99.99 
48 45 45 84.99 50 
54.33 39 58 62.57 54.99 
79 51 55.61 63.36 59 
24.93 29.9 34.99 29.9 25.74 
26 39.99 25.22 30 34.99 
51 55.61 55.61 54 59 
48.5 4.99 5.84 14 14.01 
22.76 20.67 24.99 25 29.99 
28 54 63.5 44.9 35.67 
59 46.19 59 54.9 54.99 
50.29 49 49.2 44.99 52 
74 75 82 54.9 78.24 
27 30 109 26.99 29 
8 36.63 8.25 9.13 69.9 
19 15 10.39 16 14.59 
179 149.99 141.81 144 153 
49 32.9 46.6 53 49.99 
109 119.99 109 109 129 
14.17 18 15.09 16 15 
117 115 118 116.77 122.81 
54.99 43 69.99 44 49.99 
19.94 19 26.73 22.49 54 
55 69.99 57 57.27 59 
27.05 29.99 31.56 24.33 28 
45 56 54 53 58 
47 59.99 64.35 44.99 77.9 
36.6 17.99 41 44 69.99 
59.99 46.99 39 54.99 49 
24.67 27.99 27 27.99 28.71 
65 70 89.99 94.99 69 
32 38.25 36.78 48 42 
48 50.29 53 53.8 46.6 
39.9 39 39.99 29.99 34.18 
39 10.43 32 10.47 33.49 
18.99 10.39 18.45 13.29 19 
29 32.99 30.51 39.99 33 
75.88 81 80.71 77 79.9 
15 13.28 12.15 18.9 16 
46.3 46.3 51 52 47 
18.45 16 17 99 18 
26 34.99 29.9 20.79 49 
36.6 41 36.8 46 9.99 
9.99 13.28 11.99 19.99 10.49 
39.9 12 13 38.8 13 
20 10.39 18.99 13.63 15 
51.8 59.99 56.43 48.31 53 
55.99 49.89 50 45 44.95 
16 16 11.99 12.15 13 
17 33.99 19.99 19.99 15.73 
35.67 33.95 34 25 39 
139 109.99 108.08 107 106.95 
15.73 33.9 20 19 19.99 
15 10.39 17.9 13.8 19 
63 71 79.99 29.13 32 
26 25.22 29.9 26.99 34 
17 13.34 19 10.58 18 
49 43.79 47 47.01 29 
19 19.68 14.3 29 17.32 
52 47 46.3 44.9 47.01 
24.02 29.99 29.99 39.99 24.75 
60 69.99 45.82 44.99 82.87 
10.49 19.9 15.55 20.2 20 
15.04 16 15 19 15 
19 16.3 35 17 16.77 
115 116.77 117 122.81 149 
106.71 117.04 119 119 89.99 
51.54 53 48.31 64.99 51 
86 14.1 20.52 19 18 
99 104.24 119.99 109 100 
40.18 59.99 51 40.18 56.05 
80.81 91 108.5 81 99.99 
61 58.53 61 69.9 52.47 
31 39 35.67 42.99 19.99 
59.99 44.99 52 49 54.99 
109 69 106.95 139 107.5 
78 43 119.99 55.9 124 
118.09 131.32 116 119.62 119.99 
29 28.71 30 29 27 
27.06 27.06 27.17 29.52 54 
18 15 16.8 9.99 13 
105.37 142 69.9 86.35 93.44 
41 34.76 44.5 40 38.5 
46.75 51 34 29 47 
99.99 99.99 90 84 73.7 
43 33.9 33.61 33.61 30.44 
75.47 72.99 71.34 89.9 99.99 
44.9 49.9 39 41.89 49.99 
28.74 26.93 31 29 34.99 
43 30 29 39.99 30 
17 19 14.99 18.1 16 
13.28 12 19.9 16.84 18.05 
77 67.31 49.99 67.31 66.11 
29.9 26.73 34 29.99 34.99 
65.99 25.64 69.99 27.3 73 
18 18 20 20.76 18.45 
119 118.5 79.9 89 129.99 
57 51 49.08 34.99 40.18 
83.66 109 119.99 129 107 
16.84 12 13.28 12.88 18.05 
49.99 47 59.99 45.85 34.9 
18.99 13.29 18.45 15 13 
21 17.64 17 18 13.28 
32.9 31.6 33 36.9 31 
48.31 59 56 56 43 
67.9 65.58 61 69.9 79 
54 51 51.54 54 53 
17.98 16.8 20 20.83 28.71 
42.99 26.05 18.45 19 30 
31 29 27.68 26.99 34 
42.63 54 31.01 56.05 106 
51 54 48.31 54 54 
79.99 61 56.46 67 60 
39 32.09 31 36.5 35 
34.18 30.69 35 35 39.9 
59.9 55.44 49.99 59 39 
71.5 34 39.99 7.71 14.9 
32 33.81 27.06 63.5 27.17 
79.99 111.15 109 108 108 
22 26.99 26.5 24.11 25 
20.76 19.99 19.99 16.02 16.99 
99.9 99.9 105 98 230.01 
55.61 51 55.61 54 59 
76.99 73.7 91 80.81 82 
69.99 79.95 79.99 73.42 90 
52 57.01 46.36 50 39 
69.99 57 57.9 51.43 52.64 
71.5 6.94 14.9 7.71 1.99 
19.9 44.15 51 34 51 
53 59.9 49 52.93 49.47 
29.99 29.99 9.99 32 29.99 
49.74 47 47.01 59.9 54.5 
49.2 55 44.99 44.22 49 
26.29 30 26 29 29.99 
60 79.99 59.8 79.99 67 
108 109.38 109 99.9 105.91 
12.09 18.13 19.16 10.94 20.3 
11.69 18.45 15 19 19.99 
52.49 58 54 58 54.98 
89 60.22 69.99 113.65 109 
56.05 30.77 34.99 25.39 29.13 
99.9 99.9 65 72.5 62 
8.25 25 9.13 36.63 37.99 
66.99 66.89 65.9 61 59 
67.9 69 69.99 63.97 69 
70.36 73 78 59.8 59 
26 26 26.74 26 29.9 
52.49 77.99 77.69 55 50 
16.8 22.57 16.53 16.8 23.23 
49.99 38.99 42.9 42 42.37 
65.99 49 50 49.97 59.9 
68.84 88.5 90 79 77.16 
26.99 29.9 34.99 26.91 30 
49 58 59 50 77 
15.21 17.9 17.9 15.04 99 
30 29.99 29 29.99 28.49 
59.99 59 54.99 54.99 57.45 
17 19.99 19 20 16.63 
17 19.99 18 32.99 17 
23.64 21.9 24.99 25 26.5 
49 21 43.32 34.9 44 
46.99 53 45 55 52.93 
10.39 15.41 18 11.54 17.9 
46.03 43.05 59.99 49.2 59 
69 63.59 79.9 67 69.9 
22.49 27.05 51.22 59 23.94 
52.99 54.99 59.99 59 59.9 
77.95 59 61.5 53.15 64 
119 118 111.71 108.92 135 
19 29.9 18 39 28.51 
18 17 14.99 12.58 13.28 
46.9 52 49 42.4 47 
34.99 19.99 19.99 9.99 21 
21.99 20.52 15.21 14.1 86 
69 29.13 29 60.39 31.99 
49 44 51 46.3 43 
18 13.74 20.76 19.9 18 
57.16 90 81 58.41 78.35 
59.99 59.99 45.58 54.08 59.99 
148.99 157 149.99 159 159 
57 69.99 79.99 62.37 62.37 
59 63.52 64.99 58.35 59 
35.67 31.91 24.79 25 25.49 
119 79.99 104.89 110.28 109 
18.99 19 19 20 19 
76.77 89 116 119.99 131 
48 49.47 43 49.89 42.99 
69.9 69.99 65 57 52.46 
25.22 26.99 28 26.5 34.99 
12.58 19.9 11.99 14.99 17.64 
74 75.47 73.8 72.99 69.52 
50 84.99 47 48 45 
13.83 14.34 18.45 20 14.99 
26.74 29.9 29 28 25 
55.9 69.99 49.49 49.08 47.93 
114.99 119.8 113.52 116 129 
15 4.99 14.12 21.99 3.9 
54 51.54 51 62 48.31 
43 59 26 22.49 26 
35.5 34 29.13 40 29.13 
13.6 10.39 14.59 18 9.99 
18 17.32 13.55 17 17.79 
50.5 44.99 46.9 42.99 53.8 
20 15.67 32.99 15.59 19 
15.03 17 18.45 10.63 17 
98.39 95 109 103 103.98 
17.64 13.6 17 14.99 14.99 
65 52 63 72 84.68 
59 64.99 58.35 63 119 
45.85 45.85 47.01 44.99 53.8 
34.99 26.99 26 26.5 28 
119 129.9 129 149.99 118.99 
49.99 52.89 56.99 47 59.99 
119.99 69.99 129.99 102.34 56.35 
49.99 48.31 51 111 43 
13.47 39.99 22.25 25.99 35.67 
28 24.67 28.99 25.22 31 
19.99 15.49 79.99 69.99 19.99 
28.16 80.99 29.99 9.9 91 
32.61 79 79.99 35.04 51 
32.99 30.9 28.71 24.99 26.4 
31 37.63 34.18 40.59 33.98 
89 88.5 77.2 76.88 69.16 
28 26 34.99 34.99 26 
112.99 119 136.99 109 99 
14.1 18 15.04 20.52 99 
28.99 26 27 25.22 25.74 
30 27.4 33.45 33.45 29.9 
69.99 65 59.99 52.99 69.99 
49.07 48.18 59 49.9 47 
24.62 29.99 29.99 29.99 34 
29 48.99 31.56 26 31 
17 15 15 19 9.95 13 30 25 15 19.9 19 24.9 24 17.9 17.9 11 19.99 14.97 14.97 19 12 9.95 30 13 30 20 24.9 30 12 13 20 19 30 9.99 30 25 29 19.99 21 30 17.9 15 13 15 15 19.9 15 19.9 24 30 20.99 29 19 18 25 9.99 17.9 13 30 14.97 12 9.99 12 15 35 20.99 13 22 30 24.9 15 15 25 17.9 21 9.99 17 13 15 30 35 15 15 30 17.9 19.99 21 15 15 19 15 19.9 17.9 20.99 25 30 13 19 19.9 15 22 35 18 30 30 15 18 35 30 20.99 22 25 17 13 15 29 19 22 19 19 20.99 11 25 9.99 18 21 20 9.95 17 35 35 17.9 19 15.99 9.99 9.99 14.97 30 30 15 29 19 18 21 19.9 19 25 15 14.97 14.97 19 13 19 13 19.99 22 26 149.99 17 17.9 20.99 22 20.99 22 18 19 25 15 15 9.99 17.9 20.99 13 19 25 20.99 20 21 12 13 30 22 35 15.99 30 24.9 9.95 21 19 19.9 13 13 13 30 24.9 25 19 19 14.97 17.9 17 19.9 14.97 30 14.97 19 20.99 18 15.99 19.9 14.97 35 17.9 17 19 15 17 9.99 13 30 149.99 24.9 24.9 30 24.9 17 23 13 15 9.95 19.9 19 19.9 22 19.99 17.9 22 19 21 17.9 22 13 29 23 14.97 19.9 30 15 12 15 18 149.99 16 30 14.97 19 19.9 17.9 14.97 30 24 14.97 21 15 14.97 15 25 17 19 25 17 19 21 29 22 14.97 15 17.9 30 17.9 25 13 13.9 24.9 19.99 15 22 20 15 19 30 35 22 25 29 24 13 15 20.99 19 149.99 18 20 17.9 19 13 149.99 18 30 25 14.97 19.99 13 13 35 29 17.9 19 18 30 19.9 30 29 15 9.95 18 9.99 19 26 19 15 24 19.99 30 19 15 17.9 14.97 17 19 13 15 22 19.99 30 30 14.97 24.9 25 21 22 19.99 35 18 25 21 15 19 13 25 17 20.99 19.9 20 15.99 20 17.9 19.99 15 22 30 9.99 22 30 15 20 21 19 17.9 9.95 20.99 9.95 30 15 20 20 25 17.9 30 15 30 14.97 9.95 13 17.9 18 19.99 35 18 18 
