5 400
30 26 34 25.22 24.33 
11.9 11.7 25.9 31.56 79 
43 69 51 53 56.05 
18.45 17 19 13.21 18 
22.73 27 28.9 28 29.99 
73.06 70.99 73 55 73.06 
179.9 149.9 149 149 128.9 
90 95.9 69.9 95.24 79.99 
10.39 19 18 10.63 15.03 
49 49 43.37 49.47 49.99 
48 44.55 47.19 46 48 
44.28 19 16.53 20 34.18 
18 18.45 16.9 18 16.99 
49 47.9 42.42 43.84 54.5 
19.99 18 20.76 15 22.99 
49.9 49.47 32.9 43.45 32.7 
109 98.6 110 101.99 129 
95 94.46 99.95 99 103 
65.99 49 59.31 77 61 
89 119 103.15 85.9 107 
10.63 10.58 34 15.01 19 
75 99.99 94.9 52.96 99 
19.99 19.99 22.03 33.9 17 
82 73.19 75.65 89.99 55.61 
88.9 90.82 88.9 90.09 93.5 
77 89.9 89 74 68.84 
29.99 22.57 9.9 4.99 14.99 
70.36 65 78.24 89.99 55.61 
22.25 14.34 44.9 49.9 15 
52 63 52.47 65 72 
159.99 179.99 148.9 149 154.99 
55.61 56 51.06 55.61 51 
26 34.99 34.99 29.99 24.69 
33 30 30.27 33.45 27.52 
44.11 46 48 44.55 48 
29.99 34.99 30 24.99 28.9 
41.04 44.9 79 40 49.9 
114.99 125.24 114.12 104 98 
80 129 78.97 87.48 89.9 
29 27.72 31.7 25.22 26 
44 9.99 41 46 36.6 
15.75 9.99 16 34 9.99 
58.18 121.45 45 29.99 37 
14.99 18.9 17.64 17 12.15 
20 29.99 18 35.67 16.53 
38 18 15.04 15.04 15 
19 15 20.66 18 18.91 
133 125.73 139.9 121.77 128 
269.01 279 289.99 273.06 279 
26 24.69 31.7 30 29.99 
59.99 49.9 39.9 53.61 53 
30.69 34.99 34.99 34 29.99 
108 119 115 117.77 107.05 
73 89 72.42 77.55 69.6 
19 13.65 16.99 18 14.17 
18 22.25 9.99 11.69 23.23 
49 34.9 49.89 49 46 
19.9 29 49.99 15 18.45 
35 38.61 40.16 40.89 42 
99 80.78 99.5 87 75 
51.48 59 49 61.49 50.43 
73 67.82 39.9 49.99 49.99 
56.05 56 51.99 59 49.48 
20 20.76 17 19 29 
18 15.67 24 14.74 22.03 
14.26 47 15.21 17.9 18 
55 54.08 50.76 45.73 59.9 
17.9 47.99 34.8 29.58 18 
14.99 18.1 17.31 17.99 15.19 
49 27.29 30.9 27 24.67 
119 123 119 121.07 107.49 
25.22 28 26 26 31.7 
49 55 48.5 52.93 46.99 
32 29.9 36.5 37.99 30.75 
24.21 24.75 26 65 26.46 
47.01 46 42.33 54.89 47.5 
49.08 51 56 59 48.31 
172 124 123 118.99 119 
60.32 49 54.99 55.45 89 
46.75 51 40.83 46.75 49 
44.99 47.8 49.99 54.99 55 
117.48 123 118 109.99 153 
43.49 53.8 54 45.57 39.99 
35.99 35.79 42.9 34.99 38.99 
14.11 15 38 21.99 18 
82.87 44.99 56 59.99 60 
79 57 57.27 56 54.99 
18 16 35.99 17 14.74 
31 55.99 106 51 57 
13.35 16.9 15.32 18.5 34.18 
43 59 56 56 48.31 
61 58.74 61.38 62.91 59 
29.99 34.99 24.75 22.95 28.9 
27.76 33 29 29.68 31 
49.47 49 47 51 47.5 
54.99 49.99 54.99 42.89 44.64 
59.31 50.43 44.99 59.9 50 
87.48 89.99 69 80 89.9 
28.22 27 30 34.99 31.9 
19.99 15 15 17.9 18.45 
44.22 47 45.99 47.88 44.99 
49 49.47 46.11 39 47.01 
54 25 28.99 22.49 23.94 
26 28 28.49 34.99 26.46 
55.43 79.99 64.35 77.9 61.01 
13.28 13 12.15 17 17.64 
19.99 19 16.02 18.45 18 
109 104.99 103 89.99 114 
59.9 79.9 75.99 60.91 64.9 
43 48.5 44.9 54.9 49 
25.9 59 31 26 28 
60.93 34.18 31 42.9 44.9 
54.99 52.99 59.99 57.45 59 
29.13 29.99 40 25.39 39.99 
77.16 95.99 68.84 74 79 
44.77 54 59 47 45 
69.99 27.3 29.01 86 25.64 
79.99 105.37 69.9 95.9 69.9 
29.99 26 25.78 33 28.99 
39.9 69.8 63.33 59 69.8 
59.8 54.9 78.24 51 89.99 
25.99 19.99 26.05 15.32 31 
82 62 108 80.81 72.19 
12.88 13.28 16 12 11.6 
68 79 59.9 81 46.24 
48.31 49.08 43 51 69 
99.9 230.01 99 112 125.24 
46 42.99 47.01 49.99 49 
34.99 35.67 32 31 63.5 
19.99 18 17 20 16.3 
46.6 43.45 49.99 49.47 32.5 
22.25 19 20.76 20 18.99 
17 14.74 19.99 20 16.77 
75 86 52.96 99.5 79 
16 4 6.01 4.7 12.15 
10.39 20.76 18 19 18.45 
58 62.52 62 69.99 58.43 
48.5 43 44.9 54.9 49.99 
58.41 82 91 78.35 83.58 
59.19 105 98 124 59.18 
22.49 27 25 29.13 28.99 
12 18.05 16 16 12.99 
45 49.99 29 47.88 53.8 
56.99 59.99 77 49.99 49 
19 20.52 16 17 15.04 
48.31 53 69.9 61.9 51 
90.41 99 89 109.9 98 
49.99 45.9 47 44.99 45.04 
17 14.89 17 19 24.9 
29 43 39.99 26 26 
18.45 34.99 61.29 56.34 59.99 
119 119 119 125.42 118.36 
39 15 79.99 13.13 19.9 
47.01 49.31 54.99 53 46.12 
75.74 74.42 81 79 79 
49.99 58.99 43 49.99 49.99 
59 61.49 59 50 55.99 
59 39 79.99 59 43 
49.47 49 49 27.5 50.29 
79 79 69 89 79 
47 46.3 43.79 42.99 35 
26 25.22 34 29.99 27.99 
94.9 81.5 93.5 100 97 
25.22 24.69 30 25.22 31.7 
27.05 26 24.79 28 25.9 
18.45 22.25 15.41 19.99 18 
76.77 80.77 84 119.99 119.9 
32 38 47.99 30.63 39.99 
34 26.64 25.08 28.74 34.99 
44.22 46.3 29 44 46 
18 39 28.51 41.53 39 
76 84.99 49 88.5 85 
49.89 42.99 32.9 39 40.29 
19 25 53 23.94 31 
99.9 89 99.99 92.9 89 
99 99.99 43 39 92.29 
22 34 20.67 29.99 23.64 
33.66 33.46 43 69 61.54 
39 25 31.91 35.67 34 
31.7 29 25.22 31 29.9 
20 9.99 33.62 13.9 9.99 
54.99 54 48.99 49 59 
49.99 44 41.89 39 49.9 
119 118.36 107.49 129 119 
35.67 25 36.5 25 24.99 
121 114.02 110.7 118.38 139.99 
20.76 15 22.25 14.34 10.39 
46 46.3 42.4 49.47 53.8 
51.54 54 52.32 51.9 55.99 
129.99 65 99.9 84.6 97.5 
34.99 19.99 35.9 33.49 20 
18 19.99 16.9 20 16.49 
16 15 18 15 18 
29 26 24.69 31.7 26.9 
13.6 18.9 18 12.15 27.06 
45 47 43.67 44.99 59 
59.99 58 59.9 54.99 55.45 
5.07 10.49 19.9 13.28 9.99 
31.7 26 30 113.75 26.74 
39.99 32 37.99 42 29.98 
94.9 99.99 86 99.5 87 
49.99 55 47.01 49.9 49.47 
44.22 52 43 49.99 55 
14.99 15 14.89 20.66 14.89 
69 89.9 80 79 78.98 
149.99 129 148.99 159 189.99 
114 49 116.35 45 49.99 
119 83.69 138 90 119.9 
31.6 29.68 32.9 31 33 
54 52.47 59 51 51.54 
34 27.05 24.59 24.79 31 
15 16.9 19.99 19.99 30 
129 48.31 63.36 79.99 77 
27.05 29 30 29.99 28 
19 19 18.45 22.25 20.76 
12.99 12.58 12.88 16.84 19.9 
33.15 31.98 34.99 34.99 31 
14.12 15 21.99 11.69 18.45 
54.9 49.9 42.9 43.6 47.36 
89.9 79.38 75 71.34 72.99 
86 90 95.99 79 77 
89.99 109 109 103 109.38 
131 76.77 89 119 83.69 
46.99 34 47 46.99 39.69 
26 26.74 31.7 26.91 31 
43.74 56 119.9 47 49.84 
59.99 43.32 46.99 85.5 44.22 
55.44 69.99 49.08 52.49 52.32 
109 99.9 95 99 99.9 
94.46 100 103.98 89.37 94.44 
39 59.99 54.9 53.61 53.61 
124 118.99 119.9 119 129 
26.99 113.75 26 34 25 
61 67.9 69 71 80 
34.99 26.57 28.58 29.99 27.68 
55 59 114 57 55 
29.99 24.02 24.75 29.99 22.73 
67 59.99 49 50 54.99 
79.46 80.9 78 84.99 74.18 
29.99 16.8 39 35.67 31 
86 154 149.99 145.07 153 
17 22.03 26 36 39 
19 11.69 14.1 22.25 15 
17 20.76 18 18.45 19 
45.13 42.19 47 42.19 44 
19 17 20.76 11.69 17 
18 15.99 12.15 13.6 17 
23.64 24 25 23.64 24.99 
49.47 49 47.01 49 53.8 
129 119 114 113.53 119.02 
18.1 16 15.19 19 17.31 
72.52 77.55 89 73 79 
34.76 38.25 36.99 40.59 41 
40.59 35 34.18 31 39 
26 23.76 29.03 25.24 29.03 
57 51 59 52.32 51.9 
49.08 53 33.47 33.66 29.99 
44 45.4 44.9 39.68 40.67 
51 54 51 41.86 106 
30.27 29.9 36.5 33 32 
149.99 129 117.79 119 129.9 
26.99 34.99 30 24.33 34.99 
78 77.55 89 79 73 
44.99 84.99 82 80.71 83.79 
45.77 46 47.5 48.47 44.99 
31 30 28 24.33 25.22 
45.57 41.99 46 52 53.8 
103 100 129 104.24 109 
17.32 19.99 19.68 19.99 17 
18 15 14.34 20.76 19 
129.99 81.15 79.99 79 89 
19.99 9.99 19 34.99 11.69 
40.18 51 34.97 54 59 
69.9 54.74 59 61 57 
44.99 45.13 44 49 44 
18.9 11.99 18 17.64 13.6 
19 17 19 19.99 18 
55.61 79.99 51 77 59 
16 15 19 18 15.04 
29.99 34 48.99 24.79 26.85 
13.78 17 30 15.49 35.67 
119 119 109.98 86 66.55 
20.76 16.02 18 20 17 
39 15.67 18 20 24 
51 49 47.01 47.01 44 
84.79 99 117.04 106.71 89.99 
20 39 17 22 22.57 
23 17 17.32 18 19.9 
38.25 38.44 34.76 44.5 39 
49.89 41.99 51 34.9 52 
37.99 69.9 9.13 36.63 69.9 
36.5 38.99 39 18.81 22 
13.88 11.69 18.45 14.89 16 
42 41 34.76 49.99 35.99 
46.16 49 54.98 55 49.9 
62.57 59 54.99 65 67 
16.8 17 18 20 39.9 
65 60.07 289 69.9 58.43 
20 9.99 20.2 89.99 9.99 
24.75 56.9 36.78 29 36.78 
46.3 40.44 49 46 46.3 
79.99 69 69.99 64 64.93 
10.43 20 19.99 33.49 29.99 
129 126 129.99 98 99 
29 28.74 29.99 26 30 
17 17 20 22.03 18 
147 150 158.99 145.4 149 
36.9 29.99 29.69 39.99 34.99 
18 33.9 17 15.67 19 
31 18 17.98 39.99 29.99 
33 37.99 27.4 30.27 32 
46.9 49.89 41.12 49 51 
22.25 19.68 20.76 17 13.55 
57 52.32 52.47 59 59.99 
39 47.01 44 55 53.8 
24.67 31 26.06 31 34.99 
63.36 58 58 55.35 61 
104.55 92 99.9 84.99 99.9 
19.99 26.05 39 31 30.69 
49 49 49 51 49 
73.9 69.9 78 63.59 79.9 
77 81 80.71 75.88 80.71 
18.09 19.99 19.99 19.68 18 
40.18 53 57 51 34.97 
67 78.74 64.9 64.89 67 
26 26.9 28 26.29 31.7 
53.61 45.58 53 39.9 49 
43.45 43.45 49 49 46.6 
59 64 58.99 59.2 53.74 
172 124 129.99 107.49 119 
17 17.64 17 17 17 
19 16.3 22.03 16.77 18 
32 10.43 29.99 10.47 33.49 
12.58 16 11.99 17.64 13 
52.32 51.54 62 48.31 57 
46.03 45 48 49 49.2 
43.67 35 49.99 46 44.99 
34.99 19.99 29.9 49 34.99 
53.61 54.98 45 49 52 
52.47 51 59.99 56 59.99 
28 29.99 26 31 24.59 
47.52 52 19.99 59.99 44.7 
80.99 109 105.52 96.95 111 
46 44 47 53 34 
119 37 49 48.5 29.99 
19 16 19.99 18 17 
48.89 49.89 49.9 52 44.99 
23.23 5 39 17.98 16.8 
26.5 29.99 33.95 34 31.63 
55 50 48 59.99 86 
49.9 44.22 48 34 54.99 
64.27 99.99 64.28 85.96 80.05 
39.54 28.71 35 36.51 36.5 
30 29 34.99 26 25.22 
89 137.99 122 124.67 89 
18 18.45 19.99 21.99 20.76 
30 43 29 48.5 29 
24.33 26.91 29.9 26.99 29.99 
219 199 205.9 399 237 
16 13.11 26.05 25.99 34.18 
123 107.49 129 118.99 117.99 
89.99 89.9 83.77 93.99 44.99 
59.99 59 56 53.85 52.9 
27 26.06 34.99 31 24.67 
79 79.9 75.71 77.16 72.74 
109.9 48.67 57 59.99 64.9 
44.99 55.35 49 59.9 44.22 
11 10.99 12.09 21.22 24 
118.38 139.99 114 129 113.16 
86 25.64 69.99 62 23.23 
42.99 49.89 53.8 51 34 
52.46 59.9 49.99 49 59.99 
34 32 33 28.91 30 
11.99 13 17.64 16 12.15 
48.31 49.99 51 51 56.05 
53.15 77.95 59.18 63.36 61 
89 99 89 99.9 93.13 
29.99 39.99 28.9 24.75 27 
19.99 39 15.67 20 16.75 
49.08 51 54 61 52.47 
57.84 49.9 38.61 56.05 59.99 
89.99 58.41 81 83.58 82 
29 33.9 19.99 15.67 20 
44.22 49 45.85 49.47 49 
87 79 89 78.99 99 
49 55 59.99 39.9 49 
66.59 80 75.59 79.95 79 
32.9 28.51 29 17.98 29.9 
26.7 9.9 14.99 33.9 19.99 
75 89.9 72.99 74 79 
11.6 18.05 16.84 13.28 16 
154 145 153 149.01 179 
14.59 19 20.66 10.39 19 
106.52 104.61 108 99.63 110 
39.69 42.19 52 42.19 45.13 
37 43 29.99 49 121.45 
52 53.8 49.47 49 43 
65.58 61.54 69 33.66 61 
71.7 63.33 69.8 70 39.9 
66.43 65.22 71 142 67 
17.9 17 29 15.99 12 29 19.9 19.99 30 20 17.9 15 35 20.99 19.9 30 19 9.95 30 18 21 19 20 30 14.97 15 19.9 18 15 18 9.95 25 19 24.9 18 20.99 23 20.99 19.99 30 15 14.97 29 15 19 35 35 30 19.99 18 9.99 24.9 17.9 17.9 20.99 15 149.99 19.9 30 35 15 14.97 13 15.99 20 29 19.9 13 15 17.9 21 17.9 30 20 21 29 19 21 19 30 25 21 19 17 20.99 15 19.9 30 21 13.9 21 21 9.95 24.9 17.9 30 17 19.99 13.9 25 9.99 17 20.99 13 13 15 21 14.97 15.99 13 15 13 26 14.97 30 17 15 14.97 13 17.9 20.99 18 19.9 35 14.97 17 149.99 149.99 35 30 149.99 17 14.97 19 19 15.99 18 9.95 29 15 25 15 9.99 26 25 14.97 29 22 13.9 17.9 13 15 25 13 13 9.99 149.99 24 13 9.95 149.99 19 22 18 18 14.97 29 13.9 21 30 35 24 13 15 29 26 20.99 29 21 13 30 26 14.97 19 25 19 30 17.9 21 21 21 15 13.9 19 25 15 19.9 13.9 19.99 20 35 19.99 20 29 14.97 25 29 9.95 17.9 20 17.9 15 20.99 15 20.99 35 35 30 17.9 19.9 25 20 20 30 25 30 29 19 18 9.95 29 25 30 30 20 30 21 15 29 13.9 30 149.99 13.9 22 25 15 19 21 19 30 15 18 19 29 30 25 30 15 19 29 19.9 9.99 12 35 15 30 15 18 30 30 14.97 19.9 30 17 17.9 17 35 19.99 29 17 21 30 12 22 19.99 24 20.99 24.9 13 17.9 35 17.9 13.9 25 19 25 20 29 14.97 29 22 30 13 14.97 9.99 20.99 15 25 19 24.9 30 29 13 19.99 18 19 19.99 30 35 19.9 30 17.9 14.97 30 14.97 17 29 20 35 9.99 15 17.9 30 30 22 22 21 19.9 19.99 17.9 17.9 13 30 19 14.97 14.97 30 15.99 13 19.99 17.9 22 19.9 30 24.9 14.97 17.9 21 20.99 17.9 17.9 35 26 35 9.95 19 30 15 14.97 15 21 30 30 35 17.9 17.9 25 15 9.99 21 22 12 22 17.9 17.9 22 19.9 17.9 24.9 18 17 23 17.9 18 149.99 15 22 29 26 15 