5 400
72.19 93.69 99.99 79 89.99 
78 72 77.09 75.59 69.99 
26.91 26.99 24.33 34.99 34.99 
30 26.74 31 25.22 24.33 
17 10.39 15.03 13.53 13.54 
55.37 109 122 113.65 89 
34.99 29.99 29.99 22.95 28 
78.74 67.9 65.22 84.9 68 
59 41.72 79.9 65 69.9 
31.91 25.49 24.79 25 25 
28.51 16.53 26.05 20 18 
57.99 51.38 53 59 49.9 
115 116.77 149 123 122.99 
28.16 91 21 28 9.9 
16.02 20.76 14.34 18.45 20 
50 49.47 55 48.5 52.93 
35 34.18 31 33.98 45 
73.8 88.5 89.9 74 71.34 
15 18.45 20 18 20.76 
17.9 19 17 15.21 21.99 
26 24.33 25.22 25.22 25 
29.99 40 38 34.76 42 
33 31 26.05 36.5 34.18 
31.7 29.99 29 26 28 
18 19.99 23 19 19.68 
25.22 30 25.22 24.33 26 
54 79 32.61 49.08 43 
29.7 29.7 34.99 30.99 31 
29.99 34.99 29.9 39.99 29.69 
69.6 77.55 74 73 78.99 
34.99 27 29 29 32.49 
79.99 64.35 59.99 44.99 57 
109.9 68.27 93.99 78 119 
108 108 114.91 110.16 114 
34.99 24.75 28 24.75 69.9 
18.99 10.39 18.45 19 15 
129.99 117.04 119 119 116 
99.9 90.82 88.9 119.99 89 
29.9 26 29 31 29.99 
19 12.15 13.99 16 13.6 
56 49 49.89 29 49.47 
8.25 69.9 69.9 18.48 25 
42.99 49 47.01 47 55 
42.99 44.99 55 50.29 44.22 
118.5 125 119 79.9 116.53 
39 33.95 25 31.91 24.79 
54 54 51.54 55.61 69.9 
55.95 64.08 61.5 69 58.74 
52 41.99 35 52 49.47 
47 19 14.1 14.26 15.04 
55 66.99 44.72 59 57.99 
19 36.5 9.9 9.99 32.37 
18 19.99 35 16.3 18 
15 23 18 15.66 17.79 
119 117.54 113.52 129 119.02 
99.99 139 99.99 75 88.5 
51.48 44.99 50 49 55 
59.18 104.72 98 98 124 
22 19.9 9.99 22 15.65 
31 20 18 29.9 5 
28 26 29 28 24.59 
25.68 27 34.99 28.71 29 
20 16.9 22.25 18.45 16.99 
27.86 59.99 35 26.14 29.99 
49 49.31 52.93 52.93 59.9 
69.99 59.99 65 69.99 52.99 
122.39 194 119.99 114 99 
17.64 13.99 7.9 13.6 19 
15.73 19.99 17 17 18 
64 62.71 59 58 57.81 
49.99 44.87 47.5 43.91 44.99 
43.74 49.84 119.9 54 51.99 
31 39.99 16.8 34.18 22 
42.9 34.76 42 34.99 35.99 
33.15 32.55 34 36.5 31 
99.99 75 74 75 79 
51.38 55 49.99 59 59 
34.99 28 29.9 26.9 26.9 
18.1 16 14.99 18.1 21 
107.49 118.36 114.02 125.42 119.9 
34.99 62 26.13 29.99 33.9 
59.9 48.89 52 59.99 54.99 
18 22.25 20 18.45 16.02 
26.06 28.71 27 34.99 25.76 
33.9 35 34.99 36.65 33.61 
108 99.9 89.99 103 105.91 
12.58 16 18.9 13.6 19.9 
49 39.9 54.08 52 52.77 
147 179 148.9 146 149 
12 18.05 16 19.9 13.28 
108.5 99.99 81 91 81 
26.74 26 31.7 31 25.22 
113.65 60 122 117.13 89 
38 39.6 38.99 41 38 
47.01 40.92 48 34 45.99 
25.57 31 27.68 24.67 26 
40 34.99 35.99 38.99 35.79 
26 26 24.75 24.75 65 
119 102.76 108.22 109.99 108.92 
59 44.98 54.5 48.18 49.07 
25.31 37.99 29.9 32 27.52 
27.86 26.5 29.99 28.3 31 
45.99 49.99 79 38.44 36.78 
59 59.01 60.22 92 113.65 
59 142 34.38 39.51 59.99 
29.99 26 26 24.69 25.22 
44.7 59.99 47.52 86 19.99 
118 106.32 111.71 117.48 106.22 
23.63 56.23 26.19 26.9 56.43 
45.85 29 44.98 52 47.01 
57.9 62.99 69.99 64 62.99 
52 48.92 47 46 51 
117.77 119 115 100.4 106.4 
16.99 20 18.45 22.25 19.99 
51 48.31 51.06 51 55.99 
29 26 29.99 24.69 26.97 
18.9 9.99 10.39 27.06 17 
62 52.32 52.49 51.54 57 
42 36.9 34.99 40.69 42.9 
63 62.99 43 14.99 63 
66 69.8 70 70 63.33 
57.84 51 59.99 59.99 56.05 
49.99 42 47.24 45 47 
31 30.67 9.7 31 34.99 
41.5 49.9 41.04 30.99 49 
64.18 55.61 69 57.99 70 
60.28 59.19 105 124 59.18 
112 114.99 119.99 123 135 
26 29.99 26.74 29.9 26 
18.45 15 18 14.99 13.83 
124.99 131.32 129 129 119.99 
64.35 44.99 39.87 79.99 47 
29 26.05 18.5 16.9 25.99 
52.93 39 46.99 43.95 44.95 
55 44.99 44.22 51 47.01 
15 10.39 14.39 18.45 49.9 
18.45 59.99 56.34 34.99 61.29 
26.29 26 34.99 33 25.01 
47 45 40.67 44.9 49.9 
25.74 29.9 24.93 29.9 34 
55 55 59 53.57 48.99 
34.18 17.98 23.23 31 39 
29 47.01 44.99 47.01 53.8 
45.46 52 40.44 51 51 
9.99 5.62 9.24 13.86 12.86 
56 31.01 48.31 55.61 51 
45 59 46.19 48.99 52.49 
55 46.9 49.89 49.47 47.01 
52.93 59.99 39 49.89 46.99 
29.9 24.75 24.21 34.99 24.75 
65 58.84 79.99 59 60 
69.99 59.99 77 56.99 83.94 
19 22 17.9 34.18 48.9 
52 44 49 34.9 42.4 
51 80.19 89 52.49 57.84 
54.9 79.99 89.99 51 70.36 
53 52.93 45 54.99 52.93 
34.99 35 39.9 30.44 33.61 
15.67 18.49 17 29 18 
53.06 67 46.36 49.99 55.99 
119 95.93 103.15 97.5 109 
17 20 19.99 19.68 17 
87 99.99 89 87 89.99 
16.9 20 24.99 19.99 25 
35 43.98 39.99 29.99 40.59 
34 52 40.44 42.99 55 
40.5 45 43.31 44 38.58 
26 26 28 25.22 34.99 
20.66 15 14.89 15 18 
18.45 20.66 16 14.05 14.89 
82.19 109 87 80.81 89.9 
20 11.69 16.8 19 26 
98.06 95 94.44 119.99 129 
62 48.55 54.99 51 52.59 
14.52 19.99 25 22.25 18 
29 49.98 49.99 47.5 59.99 
14.99 19 14.89 19 17 
49.89 53.8 42.99 52 49 
59.99 52.49 56.05 69.99 109 
16.53 26.05 41.53 17.9 28.51 
276.17 279 289.99 272 274.99 
89.99 81.5 89 59.9 18 
34.9 34.18 22 18 18 
27.5 24.01 39.99 29.99 36.9 
16.63 19.99 17 33.9 39 
56.99 54.5 49 59.9 49.99 
125 19.68 15.41 9.99 18.45 
31.7 34.99 24.69 31 26 
99.99 39 93 99.99 92.29 
10.39 18.45 17 10.58 18 
26.05 32.67 31 20 34.18 
44.12 47.52 54 77 53 
129 106.52 119 103 110 
79 99.99 88.43 87 52.96 
18 13.55 17 19.9 17.79 
69.99 69.99 63.48 79.99 63.47 
53.9 109 52.49 59.99 51 
15 18 18.45 22.25 17 
49 54 55 54.99 59.99 
49 32 29.99 34.99 34.99 
99.9 104.99 103.32 99.9 119 
99.99 75 99 79 88.43 
54.9 49 57.01 47.8 54.99 
154.99 149 179.99 147 179 
28 26.19 56.23 29.9 26.9 
51.9 56 56.05 59 55.99 
29.9 19.99 19.79 34.99 25.22 
44 49.99 46.18 69.99 60 
13.35 17 11.69 13.53 15.8 
119 114.02 118.99 115 124 
44 42.99 43.32 39.69 46 
69 58.74 66.89 69 66.89 
28.71 39.9 36.51 35 34.18 
49 54 52 55.99 46.99 
26.29 29 24.69 26 31.7 
31.99 29.13 59 29.13 63.97 
47.28 29 56 52 55 
99.99 99.9 93.5 93.13 99.99 
17 17 18 17 14.74 
24.9 14.9 4.99 26.91 56 
26 29.99 31.7 43 29 
26 26 25.4 29.9 25.22 
50 41.34 54 69.99 59 
64.9 55.95 75.99 61 57.02 
159 149.99 148.99 189.99 159 
115 119.9 119 153 114.99 
22.25 18 17.9 15 10.39 
165.7 98 113 99 89 
56 14.9 4.99 14.91 34.99 
28.16 28 91 9.9 80.99 
51 55.61 59 59 64.99 
69.9 36.63 37.99 43.9 8.25 
48.47 52 55 48 53.8 
18 19.99 20.76 18 13 
57 59.99 52.99 59.9 54.99 
24.99 29.99 25 25 22 
51 54 51.54 79 32.61 
29.13 19 25.39 27 34 
19 18 18.91 19.99 15 
77 89 89 78.65 73.98 
16 13.6 14.99 17.64 17 
44.22 47.88 49.98 47.03 43 
51 39.45 59.99 59.99 40.18 
26 26.74 31.7 29 29.99 
9.99 19.99 19.99 11.54 34.99 
19.9 18.99 7.36 9.99 8.25 
47.03 45.99 47.5 43.91 49.99 
93.99 119 73 73.19 78.07 
28.35 27 34.99 34.99 26.89 
47.01 34.9 43.37 29 44.98 
99.9 69 72.5 60.93 64.28 
52 34 40.92 47 53.8 
52.47 52.32 51.54 51 56.05 
26.99 30 34.99 26 24 
41.21 34.99 129 34.99 28 
23.23 34.18 34.18 19 22 
18 14.34 17 18.45 18 
42.99 49.89 49.47 54 49 
39 54.99 59.99 59.99 55 
17.9 15.21 18 20.52 13.88 
49 51 42.19 45.13 44 
12.15 13.6 12.99 13 16 
76 78.26 84 99.99 89.9 
10.39 19 19.9 14.34 11.69 
79 108.56 79.99 129.99 104.99 
29.99 19 73.5 16.91 11.12 
69.99 65 65 79.9 41.72 
46.43 56 42.99 55 47.28 
13 19 11.69 15 18.99 
49.48 79 56.05 88.5 54.99 
67.9 66.33 62.85 66.33 69 
54.08 49 47.01 51 52.77 
18 20.76 15 17 10.39 
94.9 79 119.99 97 89.99 
13.6 13 12.15 19 18.9 
14.99 13.74 14.05 14.89 18.45 
39 18 34.06 17 18 
91 43 93 83.43 99 
26 26.74 31.7 29 29.9 
18.9 13 10.39 17 17 
26 28.99 26 31.7 29 
49 49.47 52.93 50.76 54.08 
116.87 116.77 149 107.37 117 
53 34.97 40.18 51 56.05 
14.18 16 38.82 9.99 9.99 
34.99 29.99 43 25.22 29 
49.08 51 62 51 53 
49.9 55 54 53.9 51 
129 116.13 165.7 113 99 
20.2 9.99 19.9 9.99 9.99 
70.11 10.63 22.25 15 15.01 
13 13.6 18.9 21 11.99 
148 154.31 139.35 146.31 141.81 
47 53.8 49 44.15 40.83 
51.38 59 53 59 49.9 
59 69.9 60.3 57 55.45 
26 26.99 26 29 25.8 
14.93 17 14.79 18.11 17 
98 104.99 125.24 251 103.32 
285 279 273.06 273.06 263.47 
29 19 65.62 49 76.05 
86 19.99 47.52 59.99 44.9 
27.5 48.76 29.99 45.66 55.99 
49.2 46.6 32.5 49 52 
49.99 55.44 59.9 39.99 59 
46.3 49 49 47 46.3 
14.72 19.99 18.99 17 18.45 
148.99 159 157 189.99 129 
53.9 54.69 52.49 54.7 55.44 
27 26.9 59 26.19 56.23 
59 48.31 43 57.84 59.99 
49 52 47.8 55 54.9 
30.41 31.68 35.14 32 27.87 
17.9 18 16.53 34.18 31 
54.9 49.99 52 47.01 56 
11.69 17 18 18.45 19 
19 149 39 34 132.5 
20 16.99 16.02 18 22.25 
64 60 60 56.46 59.8 
55 51.38 59 55 57.99 
39 19 20 36 17 
76.47 65 99.9 99.9 93.69 
99 110 105 103 108 
10.7 19 11 9.99 9.99 
49 54.89 56 49.99 49.47 
17.99 42 44.5 39.34 38.25 
52.47 54.98 59.99 49 46.16 
49 55 50 45.99 48 
31 28.99 22.49 19.94 26.73 
14.89 14.59 19 27.99 44.28 
18.1 17.31 17 18.1 19 
32 44.9 31.1 30 69 
47.5 45 49 49.99 55 
29 29 24.33 25.98 29.99 
127.59 149 125.28 121.77 122.99 
131.32 118.08 118.09 119.62 74.99 
34.99 34.99 36.9 19 32.99 
15 19 19 19.99 19 
34.99 27.68 24.69 28.49 28.49 
12.15 18.9 13.6 17 13.78 
54 54 66.99 69.99 52.49 
48.31 79 54.89 73.19 82 
59.8 73 65 79.99 55.61 
52.32 51.54 52.47 51 59 
49.89 47.01 29 39 49.99 
26.73 29.99 29.99 29.99 26.13 
57 59 69.99 61 54.74 
100 99.99 99 89 119.99 
56 57.84 55.9 54 69.99 
109.9 78 42.9 65 74 
29.99 19.9 34.99 33.49 19.9 
279 289 281 279 246.13 
150 158.99 147 159 159.9 
103 119 115 106.52 110 
59 29 45.85 49.9 45 
72.99 79.38 69.52 75 99.99 
23.76 29.03 29 26 29.03 
34.18 18.61 20.83 16.8 18 
99 82 69.16 89.9 77 
33 34.99 25.01 29.99 26 
46 47 44.99 48.92 44.77 
119 66.55 70.02 79.9 86 
15 16.99 19.99 20.76 19.99 
129.99 95 98.06 89.37 100 
53 54.69 56.05 54 52.49 
46.89 41.99 47.01 46 45.99 
24 12.09 10.94 25 21.22 
67 60.35 63 65 59.99 
99.99 99 78.99 90.82 87 
65 72 52 65.82 63 
25.22 26 29 26 31 
129.99 89.37 99.95 94.44 129 
18.05 12 12.99 12.58 15 
46.9 49.89 47.01 48.47 52 
61.49 59.9 50 55.35 65.99 
18 39 17 20 42.99 
51 57 51 51 57.84 
20 18 14.08 18 16.99 
27.84 27.76 33 32.9 29 
17 12.15 13.6 15.99 18 
69 62.71 53.74 57.81 59.2 
53 51 39.9 52 42.79 
49.99 46 59 38.58 49 
34.18 16.8 19 18.61 34.9 
17 19 11.54 18 15.8 
29.13 58.6 59 69 69.99 
76.88 78.65 89 88.5 77 
31.7 25.22 30 28 29 
53 69.99 56.05 48.31 58 
15 15 19 18 13.26 
52.93 53 49.47 49.31 49.89 
119.99 58.18 116.35 37.09 121.45 
22 39.99 18.04 34 22 
73.06 79.99 79 74 55.61 
19.68 17.32 20 17 29 
12.15 13 19 17.64 17 
42.79 45 54.08 54.99 44.22 
17.64 9.99 18 27.06 18.9 
46.3 49.99 47 42.99 29 
58 41.72 69 62 59 
35 21 15 30 15.99 13 14.97 15 15 30 25 30 19 21 13.9 12 21 17.9 15 21 19.9 19.99 29 18 24.9 14.97 19.99 24.9 19.99 19.9 19 29 18 19 21 15 19.99 17.9 15 15 25 14.97 17.9 14.97 14.97 24.9 25 15 22 20 24.9 15 17.9 35 30 30 17.9 21 13 17.9 17.9 18 29 19.99 30 14.97 9 15 18 20 19 15 19 15 35 19.9 29 17 19 15 13 19.9 12 13 19.99 30 17 149.99 19 20.99 19.9 22 18 13.9 21 17.9 17.9 30 23 24.9 30 9.95 17.9 30 19 17.9 19 24.9 9.99 20 20.99 17.9 17.9 13.9 12 17.9 15.99 17.9 19.99 9.95 17.9 17 21 13 24 9.99 20 9.95 22 13.9 19.99 18 14.97 13 17 15.99 19.99 22 24.9 19 13 19.9 30 15 25 15 19 30 9.99 13 25 9.95 30 21 9.95 20.99 24 15 19.9 149.99 30 22 21 30 25 17.9 13 17 20 35 17.9 25 19 35 17 17.9 25 21 21 15 20.99 19 13 15 30 20.99 22 20 30 15.99 15 30 30 29 13 26 30 12 30 19 20 23 18 15 17.9 9.95 24.9 19 21 21 19.9 17.9 24.9 25 19.9 22 18 19 13 14.97 19 17 18 25 20.99 17.9 30 21 16 30 17.9 15 19 13 29 19 17.9 19 21 19 9.99 19.99 17 9.95 21 15 9.99 30 19.9 17.9 14.97 20 19 17.9 18 29 35 149.99 30 13 24 35 15 15 25 21 30 19 24.9 30 14.97 19.9 15.99 21 17 15.99 19.9 20.99 25 13 19 30 17.9 26 19.99 17.9 18 18 14.97 13.9 15 30 17.9 20 30 35 15 30 29 18 14.97 24.9 30 19 14.97 15 12 25 19 15 19.99 15 30 15.99 21 13 30 29 30 20.99 25 13 14.97 30 13 21 24.9 18 30 25 17 20 13 22 25 9.95 13 24.9 9.99 19 13.9 25 22 30 20.99 29 21 9.95 17.9 25 19.9 25 29 30 22 19.9 30 29 14.97 24.9 20 15 35 9.95 18 35 35 15 15 18 13.9 17.9 19 15 30 21 21 15 30 19 20.99 22 24 15.99 20.99 19.9 24.9 35 13 19 19 15 30 15 13 15 20.99 30 17.9 13 
