5 400
39 42.99 36.5 19.99 26.05 
19 18 39 20 16.3 
15 15 19.99 18.45 17.9 
20 14.08 15 16.9 20.76 
59 49.99 116.35 114 49.99 
54.74 58 69.9 57.2 69.9 
19.99 17 20.76 22.25 18 
39 26.08 27 27.29 27 
58 57.84 56 71 56.05 
49.31 52 45 51 39 
29 17 16.63 15.67 39 
29.99 34.99 27.68 26 29.99 
47.01 47.01 46.9 29 42.33 
16 17.99 21 19 17 
24.67 34.99 29.99 31 27 
43.98 49.9 44.98 49.07 49.07 
20.52 14.1 15.21 17.9 17.9 
69.99 65 69.99 52.99 60 
42 45 43.31 49.99 47.24 
24.69 29.99 26 29.99 34 
39.99 56 46 29.98 49.99 
77.9 59.99 45.82 55.43 61.01 
35.04 49.08 51 56.05 32.61 
63.48 79.9 79.99 57 86 
64 59.8 60 56.46 60 
30 29 26.9 24.81 27 
47.01 49 49 45 55 
29.99 25.39 32.9 30 32.41 
16 13.6 12.15 24.9 14.99 
45.69 49.48 47.74 84.87 84.87 
24.99 23.64 24 22 25 
19.99 5.07 13 13.28 11.99 
49.89 46.3 44 49 43 
22 29.99 22.94 34 24.11 
26.64 28.74 28 28.74 113.75 
51 79.99 35.5 32.61 54 
189.99 177 199.99 179 179 
19.99 21 34.99 11.54 19 
54 52.59 62 48.55 54 
39 29 30 26 28 
20.52 15.04 19 17.9 14.1 
35 19.99 34.18 39.9 31 
82 89.9 91 82.19 109 
93.99 82 80.71 81 91 
40 47.99 39.24 29.98 38 
19 22.25 15 20.76 17 
9.9 9.9 34.44 32.37 9.9 
75.99 99.99 82.93 99.9 85 
79 80.78 88.43 94.9 86 
49 45 47.01 42.9 53 
19.9 19.9 33.49 32 34.99 
42.9 43 43.67 59 47 
88.43 99.5 99 52.96 79 
90.41 98 99 89 96.69 
12.15 13.6 13 13.99 17 
59.99 54.9 45 39 59.9 
27 24.33 69.9 25 23.94 
20.52 14.12 11.69 11.54 15 
28.99 35 42 40.89 39.99 
16 9.99 9.99 14.18 39 
109.9 56.35 57 102.34 48.67 
24.59 26 24.59 34.99 29.01 
249 199 237 220 399 
18 18 17 20.76 14.89 
51.8 56.05 52.32 69 43 
38.25 32 56 47.99 39.24 
99.9 99 108 109.99 103.32 
319 289 282 279 274.99 
64.99 101.5 109 119 119.99 
9.99 9.99 20 15.55 19.9 
34.18 29.99 25.8 31 32.11 
30.71 65 56.43 59 26.19 
24 19 17 18 33.99 
123 131 119.9 129 118 
51 53 57 51 52.49 
93.69 72.19 99.99 81 87.36 
20 24 33.9 15.67 15.67 
35 40.59 29.99 31 39.9 
97 89 106 89 89.99 
46.43 52 49.47 46 49 
31.01 48.31 55.99 54 56.05 
69.99 122 109 113.65 69.99 
19.99 14.52 16.02 21.99 14.34 
148.9 149 149 179 149 
44.99 45.13 44 44 44.65 
15 14.99 20.76 20 18 
65 64.9 109.9 56.35 69.9 
17 17 18 10.58 19.99 
110 69 102.09 119 109 
131 89 76.79 119.9 121.19 
54 48 49.99 45 49 
39 33.95 9.99 16.04 32.99 
42.9 31 39.99 60.93 66.36 
114.12 99.9 99.9 111 99.9 
22.25 10.58 19 10.39 17.9 
125 19.68 14.52 16.02 19 
177 179 189.99 179 209.9 
79 99.99 74 71.34 79.38 
219 399 229 220 199 
25.22 41.21 26 57.99 27.99 
94.96 60.28 98 52.44 109 
49.47 49 46.99 57 50 
61.5 39.63 19.99 39 40.89 
13.27 16 19.9 12.15 11.99 
39 29.99 34.9 34.99 24.33 
20.76 18 18 19 16.8 
20 18 16.35 14.74 19 
49 51 46.9 55 49.89 
49 53 44.99 52 54.99 
23 22.25 20.76 18 17 
44.99 47 49 49.89 49.47 
49 46 43.49 55 43 
31.98 33.15 36.5 39.9 35.67 
19.99 23.76 33.9 9.9 14.99 
23.39 24.33 69.9 34.9 27 
82.93 75.99 77 77 85 
47 29 43 49.99 48 
44 49 55 51 46.3 
16.02 24.99 9.99 125 17 
14.34 19.99 18 20.76 16.99 
17 16 18 13 13.6 
18 35 17.9 20 34.18 
116.53 99.99 125 119 129.99 
34.18 44.28 35 34.18 37.9 
34.9 53.8 49 46.3 49.9 
38 46 41 79 38.5 
45.82 47 64.35 59.99 57 
68.99 73.19 48.31 55.61 70.36 
32.9 29.63 56 29.15 28.71 
69 61.54 55.61 39 33.46 
5.07 9.99 17.9 34 12.86 
13.8 20.76 17 22.25 19 
39.99 19.99 19.99 58.99 39.99 
92 99 85 82.09 79.39 
30 29 26.74 24.69 25.22 
46.11 49.99 47.01 49.47 49 
76.99 79 85 79 46.24 
14.99 18.9 17.64 14.98 21 
98.72 120.86 97 49.99 49.99 
75.65 69.99 49.9 89.99 69 
55 59.9 53.57 55.02 48.99 
73.98 78.65 88.5 70.89 77 
129.99 153 114.84 118 109.8 
15 20.76 16.02 19.99 21.98 
13.28 24.9 18.9 12.15 15 
44.28 20.66 14.89 19 16 
51 51 49.08 33.46 33.47 
66.5 46 44.64 65.9 49.99 
59 57.75 58.84 58 99 
15 13.14 14.11 20.52 4.99 
49 29 53.8 47.5 40.99 
34.99 61.29 56.34 34.99 18.45 
14.34 15 19 18.45 11.69 
12.15 18.9 4.7 16 13 
49.48 57 56.05 49.99 69.99 
19 17 18.1 18.1 17.31 
55.44 109 52.49 53.9 59.9 
47.01 34.9 49.47 45.85 49.99 
27.7 109 49.99 42.99 56 
72 65.82 51.36 52 47.36 
16 34 9.99 10.49 38 
49 40.83 53.8 44.15 47 
26 26.91 26 31.7 34.99 
15.75 39 34 10.49 9.99 
22.25 10.39 18.45 15 19 
25.88 26.99 48.5 29 30 
29.99 24 29.99 25 22.76 
85 79 81 74.18 79.46 
103.99 103.98 99 109 98.06 
26.5 29.99 20.67 22 24.11 
18.45 19.99 16.02 19 18.89 
34.18 26.05 18.5 13.11 25.99 
44 35 34 59.99 46 
29 47.01 46 54.89 52 
34.99 26.99 34.99 26.91 26.99 
19.9 9.99 9.99 9.99 20.2 
49.99 54 56.05 55 51 
72 74.98 66.59 80 75.64 
24.99 24.79 36.5 35.67 25 
119.99 65 106.32 109.99 110 
47 40.67 49 49.9 54.5 
56.43 30.71 26.19 26.9 27 
48.31 55.61 59.99 66.99 43 
47 49 44.99 51 44.77 
89.99 59 93.99 92.56 99.99 
79.99 106.91 105 119.99 104.89 
43.05 43.4 42 39.24 40.76 
10.39 18.45 20.76 14 18 
100 99.95 97 95 104.24 
18 18 42.99 16.53 17 
115 133.99 119 104.61 103 
60 62 69.9 60.07 289 
74 75.65 73 70.36 69 
58.18 49.99 59 48.5 58.18 
35.99 39.6 42 34.99 41 
17 18 35 18 20 
17 14.99 22.25 14.89 15 
35 35.67 39 29.19 34.18 
51 49 56 44.99 27.9 
31 24.67 29 26 27 
52 45 43.32 34.9 45 
34.99 9.99 34.99 9.57 32.99 
99 93 92.29 91 99.99 
121 118.38 139.99 129 110.7 
39 17 29 19 18 
56.04 59 41.72 79 55.45 
23.94 23.94 28.99 19 53 
119 104.99 109 108.56 79.99 
16.9 24.99 14.52 16.9 14.34 
49 32.9 53.8 46.6 42.99 
60 69 82.87 45.82 44.99 
32 29.9 30 29.99 25.31 
41.12 43 49.89 49.99 52 
104.89 101.99 69 119.99 109.99 
199.99 177 219 179 189.99 
49.31 57 39 46.99 39.9 
55.02 55 48.99 55 55 
49 59.99 50.7 49.99 52 
18 39 16.3 18 19.99 
48.76 27.5 29.99 29.99 36.9 
53.8 49.9 49.99 32.9 43.45 
13.88 19 13 10.39 22.25 
40.18 59 56.05 51 38.99 
123.51 108 129.8 74 129 
209 220 199 229 249 
205.9 220 399 237 219 
24.21 26 26.94 34.99 28 
87.33 159 84.99 79.99 75.59 
52.96 86 75 79 99.99 
79 118.39 107 89 104.99 
18.81 19 34.9 18 20.83 
51 46 49.47 41.12 52 
42 44 38.58 41.59 42.57 
15 19.68 19 16.9 10.39 
54.08 47.01 55.99 55 50 
69 59.9 78.74 67 75 
54.9 49.47 48 52 47.5 
24 26.99 26 26.74 29.99 
118.09 131.32 116 74.99 118.08 
90.11 104.55 92 84.99 92.53 
17 23 19 22.25 17 
34.99 71.5 7.71 39.99 1.99 
79.99 98.6 102.09 109 129 
108.56 79.99 129.99 97.5 79 
109 83.66 107 109.98 108 
52.49 61.9 60 54 59.99 
39 40.59 35.67 34.18 35 
103 104.61 108 110 103 
18 14.34 18 15 20.76 
54 54.99 49.48 48.31 88.5 
60 52.49 51 55 49.49 
159 99 179 93.6 179.99 
61 69 59.13 59 64.08 
59.8 60 59.8 61.54 61 
28.99 22.68 20.67 25 22 
11.54 11.69 18.45 20.52 16 
15.41 15 13.53 20.76 22.25 
49 51 52 39 49 
51.9 52.47 51 59.99 56 
19.99 16.02 14.34 22.25 17.82 
11.54 15 10.39 18 18.45 
24 10.99 21.22 20.3 11 
17 16.9 29.99 18 18.45 
20.76 11.69 11.54 18 10.39 
19.94 23.94 25 29.9 69.9 
28.91 79 28.91 39.99 30 
26.74 26 29 27.45 28.74 
49 49.74 59.99 54.5 58.89 
48.18 41.98 49.07 49.07 59.9 
42.9 35 38.58 43.67 43.5 
39.99 29.99 24.01 30 55.99 
72.5 55.95 60.9 69.9 61 
104.99 114.99 99.9 125.24 114.12 
28.78 35 9.9 9.9 9.99 
19 13.5 10.39 43 19 
16 18.1 19 21 18.1 
49.89 47.01 47.5 52 29 
35.67 32.99 24.99 26.4 30.9 
14.99 20.76 15 16.9 18 
99 100 89 94 99 
16.99 20.76 15 14.99 16.02 
19.99 15 19.9 18.45 19 
49 41.12 47.01 44.99 49.89 
32.49 29 25.76 28.71 26.06 
14.59 17 10.39 18 16 
55.61 54 64.99 59 59 
41.99 53.8 47.01 49 42.99 
49 29.99 30 29.99 34.99 
78 74 75 110 73 
99.99 76.99 83 108.5 87 
69.6 73 74.93 79 73 
44.95 53 50.76 45 49 
43.94 43 42 37.9 34.7 
59 57 69 55 59.13 
96.95 114 109 108.08 80.99 
44 42.99 44.77 44 48.92 
49.47 52 44.99 49.89 41.12 
14.99 23.76 19 26.7 19.99 
15 19.99 22.25 20.76 14.34 
57 51 51.9 48.31 51.9 
40.76 42 45 43.4 38.58 
22.49 69.99 23.94 25 29.9 
16.75 20 17 18 35.99 
49.99 28.11 32 56 33.3 
22.25 23.23 18 19 19 
119 103.15 119 104.99 82 
135 89 76.77 137.99 122 
13.6 18.9 16 14.99 17.64 
26.74 25.78 24.33 29.99 34 
124 98 104.72 59.19 109 
16 17.9 19 14.26 18 
36.5 33.15 31.98 34 39.9 
20.52 15.21 17.9 17.9 16 
45 54.08 59.9 57 85.5 
34 35.67 24.99 24.79 25 
119.99 56.35 69.99 59.99 53.83 
15.67 17 20 17 33.99 
62 54 51 51 54 
75.99 99.99 69 58.41 80.81 
43 37.9 19.99 42 36.9 
27.87 28.91 30 39.99 32 
50.76 44 59.99 47.01 54.98 
49.89 42.99 41.99 34 35 
49 49 49.99 45.99 49.99 
38.58 69 39 43.5 49.9 
71.34 72.99 74.99 99.99 72.99 
48.31 55 61 54 53 
16.9 18 18.45 17 42 
119.62 118.08 129 124.99 131.32 
34 5.62 17.9 12.86 9.99 
149 128 119.31 139.99 129 
11.6 13.28 16 16 12.99 
27.99 44.28 19 14.59 15 
22.49 28 31.56 25 25.9 
129 79 87.48 89.99 78.98 
110.7 115 122 114 124.99 
28 29.43 28 34 29.99 
26 29 29.99 30 26.9 
47.01 50 46.9 46.9 52 
29.9 26 24.33 26.91 31.7 
18.9 13.27 13.28 17.64 11.99 
24.99 22 22 24 29.99 
37.9 35 34.18 39.17 26.05 
16 17 13.6 13.28 14.99 
59 54.99 62 59 43 
29.99 27.68 29.99 31 30 
69 43.56 64.18 69 55.61 
29.9 30 26.99 29.9 19.79 
98 142 251 99.9 99 
15 20.76 14.34 18.45 19 
43 50 51 59.99 66.99 
55 52 49.47 52.93 53 
16.9 16.02 20 13.83 14.34 
29.99 26 25.8 25.22 39.99 
59.99 55.42 66 18 59.9 
37 14.74 16.63 18 19.99 
13.28 13 18.9 16 16 
65 88.5 89.99 74.32 67.36 
17.64 16 16 11.99 13.28 
48.89 44.22 45 59.9 50 
22.25 19.9 13 13.29 11.54 
23 25 24.99 16.99 14.34 
32 29.99 34.99 34.99 34 
52.47 51 45 59.99 59.99 
52.46 60.32 59.9 54.99 77 
89 99 129.99 104 117.04 
43.71 45.29 46.11 49 34.99 
18 16.02 18.45 16.9 15 
50.76 45 39.9 49 54.9 
122.99 115 116.77 128 118 
24.99 35.67 27 24.99 25.52 
44 44.77 52 42.19 45.13 
18 39 18 32.67 41.53 
69.99 51 69.99 52.49 48.31 
25.22 42.63 28 26 41.21 
30 30 27 31.9 32.49 
47 48.92 44 52 34.9 
67.9 62.85 142 67 84.9 
22.03 20 16.77 15.67 17 
29 34 26.5 31.63 29.99 
64.27 89 61.96 141.5 64.28 
49.9 59.99 59.99 54.98 55.99 
19.99 19 18 19 18.49 
175.89 110.28 98.6 106.91 97.14 
53.06 46.36 53.06 54.99 50.7 
26.29 24.33 25.11 29 39 
30.69 34 29.9 29.69 34.99 
34 24.99 9.99 32.99 39 
26.99 30 29.9 29.99 34.99 
9.9 14.99 4.99 29.99 29.9 
28.16 21 9.9 9.9 29.99 
49 47.01 47.01 53.8 46.3 
19.99 47 40.89 42 61.5 
89.9 142 78.65 70.89 77 
58.6 61 69 69.99 80 
69 39.51 59.99 142 45 
31 22 26 16.53 16.8 
33.46 24.99 51 33.47 51.99 
87 88.9 89 99.99 97 
47 49 44 49.47 44.22 
19.9 17.9 29 15 9.99 17.9 20.99 30 17 25 14.97 19 18 15 15 30 19.99 19 18 21 19 30 17.9 9.99 9.95 26 22 15 19 24.9 17.9 21 19 13 17.9 18 11 14.97 21 19 19.99 30 14.97 24 19 25 15 19.9 24.9 9.99 13 19.99 30 22 15 15 15 20 15 19.99 12 20.99 149.99 21 19 18 29 30 24.9 30 15.99 9.99 17.9 149.99 9.95 19.99 22 25 19.99 19 19 19.99 29 15 24 25 9.95 15 29 11 24 13 13 9.95 29 15.99 9.99 13 19.99 17.9 21 22 19.9 20.99 30 20 19 21 25 24.9 12 13 35 14.97 19 14.97 20 30 13 14.97 15 20.99 14.97 20.99 18 30 19.99 17 9.99 26 30 13 19 29 30 24 19.99 9.99 14.97 20 13 29 25 14.97 20.99 13 25 9.99 30 15.99 25 15.99 24.9 19 21 35 14.97 15 9.95 21 19.9 30 14.97 9.95 30 21 30 18 19 30 21 20.99 13 17.9 21 14.97 17 15 24.9 30 15 17 19 13 30 24 19 13.9 19.99 13.9 19.99 15 25 14.97 25 12 24.9 14.97 9.95 22 19.9 13.9 30 30 19 15 20 9.95 13 24.9 26 15 17.9 25 26 9.95 24.9 30 26 13.9 149.99 15 30 15 19.99 24.9 21 25 35 25 35 26 17.9 22 30 22 24.9 13 20.99 15.99 22 30 9.95 19 30 19.99 15 14.97 21 30 9.99 24.9 15 17 30 35 30 15 18 19.9 15.99 19 15 24.9 21 14.97 19 13 14.97 22 15 19.9 20.99 14.97 25 30 15 25 30 19 13 30 26 19 17.9 18 149.99 9.99 19.99 17.9 17.9 19.9 19.9 21 9.95 17.9 19 14.97 24 17.9 20.99 14.97 30 17 21 15 25 17 13 17.9 30 11 24.9 28 30 24.9 19 18 17 24 19 29 20 15 25 26 17.9 19 19.99 13 18 30 21 13 15 19.99 19 17.9 19 30 15 30 13 15 17.9 9.95 15 19.9 14.97 19.9 25 30 13.9 13 30 15 30 13.9 15 21 21 14.97 19 12 29 24 30 13.9 19.9 14.97 14.97 17.9 20.99 19 17.9 14.97 17.9 19.9 13.9 21 19.9 19 18 15 29 14.97 9.95 15.99 19.9 25 13 20 35 30 20 19 18 20 30 20 