5 400
54.98 49.9 39 45.58 59.99 
29 25 28 26 26 
124.67 131 132.38 115.99 119.9 
26.4 35.67 36.5 28.71 25.52 
81 92.56 90 99.99 93.99 
16 13 13.28 17.64 19.9 
75.99 59.9 54.44 55.44 39 
52.49 52 46.19 45 49 
52 54.99 53.8 55 59.99 
51 44 39.69 45.85 49 
11.54 22.25 13.8 18 17.9 
49 53.8 44 44.22 49.89 
18 20.76 10.39 19.68 16.9 
40 36.78 28.98 48 42 
18.45 11.69 19 16.8 20 
52.47 51.54 55.61 57 54 
43.5 42.9 44.08 44 49.99 
49 49.89 40.44 47.01 29 
18.5 31 34.18 16.9 19 
17.64 18.9 13.99 13 17 
145 145.07 139.35 140 135 
30 29 19 25.74 28.99 
44.9 39 31 36.5 39.99 
19 10.39 22.25 35.67 14.34 
99.9 99.99 81.5 99 89.99 
49 52 46.89 46.89 49 
28.71 37.9 39.17 39 36.5 
13.28 16 19.9 18.05 12 
59.99 69.9 51 53 55.44 
31 25.01 26.29 28 29 
145 179.99 148.99 149 149 
85 119 89 79.99 119 
49.47 52 39 55 49 
129 119 118.99 129.9 117.79 
74 73.19 65 70.73 68.27 
51 64.99 51.54 55.61 51 
18.99 14.39 15 49.9 10.39 
19 9.57 34.99 9.99 34.99 
59.31 59.99 55.35 59.9 44.99 
49 44.99 46.89 52 40.92 
25.24 26 29.03 26.01 30.84 
25.9 28 25.9 27.05 23.94 
49.08 59 34.99 41 40.18 
11.69 16.8 23.23 9.99 18 
29.99 26.5 25 24 19.49 
54 54.9 49.31 45 49 
34.99 21.93 20.48 20.47 11.4 
19 11.69 14.1 20.76 15 
17 11.54 17 13.21 11.69 
59 57 77 114 59 
36.78 38 56.9 29 49.99 
34.99 29.9 14.99 4.99 29.99 
16.9 14.34 22.25 13.83 14.99 
28 34 26 27.99 29 
25.74 29.9 24.93 29.9 34.99 
49.89 54 52 52.93 50 
60 69 42.99 30 31.1 
20.67 26.5 34 29.99 25 
48.31 43 52.47 54 55.61 
13 21 16 14.99 11.99 
39 28 29 30 34.99 
89.9 68.84 79 95.99 72.74 
26.91 34 29.99 24.33 30 
29.99 30 26 29 26 
58.18 29.99 49.99 119.99 37 
19.9 29.99 34.99 19.9 39.99 
179.99 149 149 149 159.9 
19 22.25 20.76 18.99 13.63 
34.99 11.54 11.69 21 19.99 
75.9 65 75 48.31 89.99 
26.31 39.99 89.99 28.71 56 
26.5 26.99 31 34.99 29 
9.99 17.9 10.39 9.99 14.93 
16 16.35 19 18 17 
16 14.99 18.91 15 19 
66.99 86.9 69 48.31 56 
28.9 24.75 39.99 27 29.99 
9.99 19.9 9.99 22 9.99 
44.22 46.3 42.99 49.99 44.99 
49.99 46.6 42.99 49.2 32.5 
109 109 97.14 109 119 
9.9 4.99 14.99 34.99 22.77 
18 18.49 17 15.67 20 
18.45 13.21 16.99 17 19 
53.61 45.73 52 51 49 
109 43 99.99 101.5 119 
56.05 49.08 52.47 54 53 
17 18.9 9 14.99 17 
79 84.99 80.71 52.9 82 
112 99 114.84 153 118 
38.99 35.99 34.76 29.99 35.79 
15.65 15.64 9.99 19.99 19.9 
73 109.9 70.73 119.9 78 
53 52.93 50 54.99 44.22 
49 49.9 67.31 39 66.11 
30 27.68 45.9 44.55 24.09 
107.49 119 118.36 117.99 123 
20.76 17.9 18 13.99 15.41 
28 27.72 32.99 29.99 30 
46 46.3 45.98 51 51 
34.99 28.49 34.99 32 10.47 
43.31 42.57 41.39 49.99 47 
54 49.9 53 51 57 
45.29 45 46.11 49.89 42.99 
83.79 78.35 56.9 79.9 85.19 
31.56 29.99 24.79 28 26.29 
49 55 50.29 47 49.47 
54 56.05 55 51 43 
125.73 139.99 128 132 133 
17.9 18 99 19 17.9 
63.59 79.9 63.99 75.5 73.9 
18.9 16 19.99 11.99 19.9 
139.99 139.9 149 123 139.99 
23 20.76 19.99 15.41 18 
39.9 39 36.5 17.9 16.53 
129 87.48 79 78.98 69 
20.47 21.93 29.9 37.61 41.18 
99.9 98 114.12 112 104 
25.74 24.93 39.99 29.9 29.9 
51.99 53 43.74 47 51 
51.54 51 51 49 54 
119.99 70.01 74.99 79 70.02 
48 48 44.55 44.11 47.19 
9.99 9.9 32.37 19 9.99 
54.5 59 59.9 48.18 47 
18 18.45 15 14.34 19.99 
59 66.99 58.74 65 59.13 
17 13.39 17 11.69 10.39 
119 110 133.99 109.77 95.91 
19.9 12.58 13 13.28 13.6 
77.95 58 63.36 64 59.18 
87 79 94.9 99.99 52.96 
56.05 43 109 51 69.99 
27 26.08 34.99 30 27.98 
54.99 60 43.98 46.18 49.99 
34 28.58 29.99 34 26 
19 18.45 14.11 17.9 21.99 
88.9 99 90.09 99 89 
59.99 54.9 53.61 51 54.98 
103 95.91 106.52 115 108 
53 32.9 49.99 49.47 44.22 
17 49.9 47 30 29 
35 33 30.44 36.65 33.61 
58.6 59 32 80 60.39 
129 128.54 113 165.7 98 
39 18 16.75 18 17 
39.99 79.99 61.54 59.8 60 
19.99 25 66 39.99 39.99 
20.83 17.98 18.81 26 35.67 
41.04 44.9 49.9 49 49.9 
54.99 59 59.99 54.9 58 
179.99 159.9 179.99 146 149 
118 119 114.84 117.48 109.8 
34 35.5 31.68 30.2 35.14 
59.9 59.99 52.79 57.45 59 
16.99 11.69 14.79 18.45 13.21 
32 27.52 25.31 30 30.27 
43 54.99 49.99 44.16 65.9 
22.25 16.99 55 18.45 16.99 
14.99 12.15 13.28 13.6 15 
28.67 31 30.67 59.9 9.7 
107 89 79 119 79.99 
117.04 98.9 98.9 106.71 119 
47.93 54 51 48.31 69.99 
28.11 39.24 32 42.93 49.99 
54.98 45.58 39 53.61 53.61 
90 87.36 83.79 80.81 56.9 
51.9 59 56.05 57 55.99 
51 34.63 32.61 79 19 
56.23 26.9 27 29.9 28 
179.99 159.9 179.9 149 145 
229 205.9 206.5 219 199 
19.79 49 29 26 34.99 
128 116.77 122.99 149 113.78 
94 91.91 98.43 104.99 119.99 
11.69 11.54 20.76 19 10.39 
29 26 38 27.68 25.22 
49.99 47.01 54.9 46 48 
79.9 81 80.71 80.71 75.88 
19.94 22.49 23.94 69.9 25 
48.5 32.41 29 30 27 
18 19 11.54 19 22.25 
56.99 48 47.12 54 77 
64.99 52.47 59 54 59 
30 36.5 30.69 33 35 
47.01 49.31 48.5 59.99 57 
116.13 165.7 126 128.54 119 
18.9 12.58 15 13.6 17.64 
119 119 109.8 114.99 111.71 
110.7 121 139.99 122 114.02 
15 19.99 18 18 20 
66 29 29.13 61.18 25.39 
60 77 59.99 49.99 69.99 
37.99 36.5 33 30.75 30 
56 25.74 29.9 25.22 27 
41 34 43.99 35.99 42.37 
109 49 27.5 49 49.47 
19.99 20 15 16.02 14.08 
149 147 149 149 159.99 
43 35 34.99 39.9 36.65 
77.95 95.9 79.99 105.37 86.35 
34.99 14.91 24.9 34.99 56 
19.99 20.76 18 16.9 18 
11.54 14.12 11.69 20.52 16 
99.9 64.99 105.93 109 43 
66.43 59.9 64.89 62.85 66.33 
26 34.99 30 26.99 20.79 
89.9 93.99 87 109 81 
12.15 19 17 13.6 13.99 
58.84 54.33 65 84.99 62 
49.08 39.6 49.08 51 52.49 
20.48 29.9 29.99 34.99 37.61 
82.93 78.26 76 85 84 
99.99 129.99 118.5 119 125 
34.99 27.99 33.9 25 26.73 
36.63 69.9 25 8.25 9.78 
12 13.99 18.05 16.84 19.9 
54 51 51.44 53 54 
39.69 44.77 44 44 44.65 
13 13.28 17 16 14.99 
74 139 72.99 89.9 88.5 
38.58 47 43.6 49 44 
67 59.9 71 69 66.43 
43.94 42 34.7 34.99 43 
19.9 18 19.99 22.25 15 
59.99 63.36 59.18 77.95 61.5 
39.24 44 49 42 50.99 
27.06 44.9 33.81 27.17 30.37 
33.49 30.67 29.99 59.9 29.9 
52.44 109 59.18 94.96 124 
57 79.9 62.37 62.37 79.99 
57 52.47 58 59 69.9 
52.45 18 15 79.99 49.9 
55.99 55.61 59 48.31 51 
62 99.99 84.99 99.99 72.19 
79.99 73.19 78.24 89.99 55.61 
41.86 51 31.01 55.61 49.08 
19 10.39 15.6 17.9 16.9 
14.39 18.99 49.9 44.9 18.45 
29 66 43 58.6 32 
75 99.99 86 87 52.96 
29.99 29.99 34.99 26.73 26.13 
17.64 12.15 15 24.9 14.99 
46 53.8 49.47 34.9 44.99 
39 47 61.5 40.89 49.9 
41.98 47.01 49.9 59.9 44.98 
19 16.8 20 34.18 18 
19.9 15 18.45 19 15 
35.67 38.25 36.78 39.24 38 
26.93 26 34 26.74 29 
26.73 33.9 26.13 34.99 29.99 
26.29 29.99 24.69 26.9 29 
44.99 55 55 55 57 
38 9.99 16 9.99 9.99 
29.99 34.99 34.99 34.99 34.99 
48.94 49.84 119.9 56 53 
29 49 109 56 49 
35 16.77 17 19 39 
114 80.99 96.95 85 109 
62 54.33 54.99 59 79.99 
48.9 22 17.9 34.18 20 
34.18 16.8 16.53 18 29.99 
34.99 30 41.99 24.09 45 
71 142 68 67 58.06 
17.9 17 13.53 17 11.54 
44.64 49.99 54.99 46 43 
13.27 13.6 13.28 13 16 
79.99 18 35.67 19.99 15 
14.1 18.45 15.21 17.9 18 
18 39.99 11.69 14.34 15 
99.99 81 84.99 90 80.71 
31.7 34.99 27.68 25.22 26 
89 83.69 80.77 76.79 90 
99.9 109.99 99.9 111 114.99 
115 103 95.91 103 103 
31.01 55.61 51.06 54 51 
33.81 49.9 63.5 44.9 26.57 
26.91 27.68 25.22 29 29.99 
29 29 31 26 31.7 
49.99 56.05 54 57.27 54 
53.15 58 86 63.36 55.35 
57.45 54.99 52.99 59.99 57 
69.98 41.25 54.9 57.99 64.18 
38.58 43.05 39.24 45 50.99 
49.08 51 53 49.08 56.05 
25 20.47 20.48 34.99 33.9 
33.95 25.49 24.99 34 31.91 
29.99 28 34.99 31 24.33 
279 246.13 263.47 282 279 
52.49 56.05 69.9 51.44 51.44 
61 62.86 57.02 72.5 55.95 
46.3 43.79 44 47 40.92 
56.23 26.9 28 24.04 29.9 
33 31 27.84 29.68 32.9 
52.93 49 52 44.22 54.99 
24.33 35.5 30 31.5 26.91 
69 108 139 89 129 
19 15.32 18.91 9.99 22.25 
99.99 44.99 72.19 99.9 62 
59.99 35 77 29 29.99 
56.05 51 62.9 49.08 52.32 
18 20 15 20.76 19.99 
31 35 30 33 30.69 
26.74 25 26.91 113.75 31.7 
17 14.7 19.68 19.99 17 
29.01 26.85 28 24.59 24.59 
51.44 51 69.9 43 52.49 
65.08 69.9 55.45 65 56.04 
18 41.53 19 20 48.9 
29.99 31.9 24.58 34 35.5 
66.43 71 66.33 59.9 75 
49.99 55 57 77 44.99 
17 19.99 17.32 19.68 19.99 
108 103.32 99.9 109 114.12 
47.01 44.22 46.43 44.99 29 
51 53 56.43 59.99 111 
39.99 40.89 44.28 36.5 26.05 
33.9 22.03 17 19 15.67 
53.15 77.95 59 59.18 58 
28.99 29.99 34.99 29 26.74 
132 149 133 125.73 123 
34.9 39.9 39.99 31.07 41 
27 34.99 24.67 31 34.99 
43 29.13 59 27 58.6 
65.58 55.61 33.66 43 39 
30 39.99 28.91 79 34 
47 44.65 46.99 42.19 49 
27.99 29.9 33.9 24.8 26.73 
20 18 18.45 20.76 18.99 
15.8 18 19 11.69 17.9 
116.77 123 116.87 107.37 119.02 
33 33 31.6 36.9 27.76 
25.39 35.5 34 40 27 
25.22 39.99 31.7 26.74 32.9 
17 13.21 19 18 17 
74.99 119 109.99 119 86 
90 75.64 87.33 77.09 79.95 
59 59 54.9 57.99 51.6 
29 19.9 19.99 17.9 15.49 
55.9 57 53 51 56 
149 123 119.99 119.31 119.31 
146 149 149 149 148.9 
17 39 35 20 18 
25 31.56 56.18 22.49 23.94 
16.77 19 15.73 15.67 19 
17 15.67 17 16.63 19 
19.99 17 15 18 13 
15.04 24.99 39 19.9 51 
11.69 11.54 20.52 17 14.12 
29.99 20 10.43 10.47 39 
46 44.99 52 48 49.47 
48.92 44 46.99 34 44.99 
66 25 58.99 19.99 19.99 
55 49 52.47 57.01 59.99 
59.9 66.43 66.43 69 64.9 
13.28 16 18.9 19.9 16 
49.99 86 52 19.99 44.9 
46.3 47 49.99 59.99 52 
19 10.39 15.6 17 17.9 
57 54 52.49 49.08 51 
34 131.32 122 19 119 
14.08 15 16.9 16.02 20 
15 10.39 19.9 18 22.25 
42.99 53.8 49.47 44.99 40.92 
27.76 32.9 27.76 29 31 
54.69 51 34 48.31 59.99 
40.89 19.99 39 39.63 42 
72 75.59 72 87.33 80 
18.9 17.64 21 12.15 17 
129 118.99 119 123 119 
40.99 49 52 49.99 49.89 
44.99 49 55 52 43.79 
20.52 19 16 18.45 17.9 
26 29 28 24.69 29.99 
62 62.91 65 148.9 65 
29 31.7 28 26.9 29 
49.47 48.5 52 29 19.9 
38.61 40.16 28.99 36.5 35 
23.39 29 25 23.94 35.5 
34.99 38.9 31 34.99 30.99 
15.04 14.1 21.99 20.52 17.9 
20.3 12.09 11 25 10.99 
49.99 29.99 43 119.99 37.09 
16 7.9 18.9 17 13.28 
27.72 25.22 29 35.99 28 
25.22 29 24.67 39 26 
34.18 29.99 34.18 26 25.8 
12.58 13 14.99 24 18.9 
10.39 20 19 19 13.47 
12 14 39.9 27.5 38.8 
12.15 16 13.28 4.7 6.53 
59 79.99 79.99 79.99 57.75 
34.99 40 35.99 35.79 38.99 
67.36 94.99 65 86 74.32 
22.25 19.99 15 19 11.69 
69.99 57.2 54.74 57 69.9 
49 46 47 44.77 47 
44 44.77 47 51 44 
35 47.99 34.18 35 16.53 
48.89 46.3 47 49.89 55 
20.99 30 19.9 24.9 20 17 14.97 24 9.99 24.9 25 20 30 13 19 25 18 12 18 35 9.95 21 14.97 29 29 18 12 17 21 9.95 20.99 21 19 9.99 16 35 13.9 19.9 20.99 13 30 12 19 25 30 149.99 30 19.9 30 21 29 24.9 13.9 20.99 9.99 13.9 15 9.95 19 12 19.9 14.97 30 25 15 19.9 19.9 15 21 17.9 18 19 14.97 21 15 20.99 30 9.99 15 25 19.99 29 30 21 19.99 9.95 30 14.97 25 18 24.9 14.97 20.99 19.99 15 9.95 13 20.99 19.9 21 30 17.9 22 19.99 12 25 30 9.99 13 29 19.99 35 14.97 19 20.99 14.97 22 30 14.97 35 19.99 15 30 14.97 30 19.9 29 29 19.99 35 30 13 13 19 19.9 13 35 9.99 15 23 9.99 13 13 15 21 13 20 26 19 35 19 15 21 17.9 25 24.9 13.9 14.97 24.9 35 13.9 19 19 17.9 12 25 19 25 19.99 21 15 19.99 22 30 13.9 25 18 22 17.9 30 17.9 15 24 19 12 19.9 15 21 20 23 22 18 19 18 19 9.99 24.9 35 9.99 15.99 21 30 15 15 25 11 30 22 30 13 24.9 14.97 19.99 19.9 29 15 19 17 19 15 18 30 14.97 15 17 30 15 15.99 30 18 30 15 15 21 19.99 15 19.9 20.99 14.97 18 29 19.99 15 22 15 25 17.9 21 19 25 13 17.9 19.99 13 19 30 13 26 13 13.9 22 15 25 14.97 30 25 19 20 30 13 19.99 18 19 15 19 22 20.99 18 30 18 17.9 19 19.99 15 19.9 29 29 17.9 17.9 21 19.9 20 13 19.9 19.99 24.9 18 19 19.99 14.97 21 20.99 14.97 22 14.97 14.97 21 30 12 14.97 26 19.9 22 21 30 19 14.97 9.99 30 30 17 19.99 19.9 24 19.99 30 15 15 30 21 17.9 24.9 21 17.9 15.99 29 35 30 25 22 19 24 13 17.9 19 22 15 35 35 21 15 30 30 26 19.99 19 14.97 22 35 18 9.95 35 15 20.99 29 18 15 30 19 18 12 149.99 21 20 19 25 21 14.97 19 13.9 22 21 24 35 25 20 35 19 30 18 17 19 24.9 26 19.9 21 149.99 17.9 25 30 
