5 400
18 18.89 18 14.34 19 
78.35 57.16 93.99 80.81 91 
26 28 113.75 31.7 24.78 
10.39 14.3 20 22.25 19.68 
36.33 39.51 59.99 45.66 142 
119 59 64.99 109 99.9 
18.45 22.25 18 15.41 17 
19.94 69.9 23.94 25 69.99 
34.7 40.69 34.99 37.9 43.94 
9.99 17 9.45 10.39 15.6 
42.99 29 46.9 51 48.89 
35 36.5 39.17 44.28 34.18 
34.06 36 15.67 16.75 18 
29 54 22.49 31 23.94 
51 29 51 52.47 53 
24.99 20.67 24 22 29.99 
109.9 65 48.67 69.99 64.9 
28 26.46 26 27.21 65 
33.66 65.58 61.91 69 39 
52 40.99 49 53.8 42.33 
18 18.45 20.76 15 18 
26.13 29.99 62 34.99 29.99 
47.8 54.99 49.99 49.99 39 
122.5 119 117.54 113.53 112 
42.99 16.8 23.23 16.8 18 
22 9.99 39.99 18 9.99 
12.15 13.99 19.9 16 17 
56.99 47.52 44.12 46.14 50.11 
18.45 19 14.34 22.25 15 
159 72 72 66.59 90 
29 17 19 14.3 18.45 
52.59 54.99 54 62 51.54 
113.65 55.37 86 109 69.99 
11.81 12 39.9 13.15 13 
30.51 32.99 33 29 27.87 
39 52.32 49.08 51 51 
62 48.31 51 49.08 51 
98.9 106.71 119.99 89.99 99 
59 79.99 77 63.36 51 
43 47.01 43.49 51 49.89 
49.9 59.99 59.99 53 46.99 
47.01 55 54 54 39.9 
34.99 6.94 7.69 29.99 19.99 
26.53 26.73 34.99 34 24.93 
35 20 31 23.23 39 
56 69 52.56 54 57 
52.93 49 49 49.89 52.93 
19.99 33.9 22.03 14.74 35 
25 25 36.5 24.99 35.67 
74 123.51 74 108 129.99 
85 93 99 79.99 90.11 
11.54 17 19.99 22.25 19 
17 9.99 17 16.74 18 
4.99 18.5 16 14.11 19 
119 128.54 165.7 116.13 98 
50 27 29 25.22 28.99 
30.51 29 30 32.99 39.99 
69.9 69.99 58.53 58 59 
54.08 53 59.99 59 52 
66.11 65 67.31 49 67.31 
29.9 20.83 5 16.8 20 
30.99 26.5 27 28.99 56 
18 15.67 17 16.75 19 
34.9 44.99 59.99 46.3 49.89 
62 79.99 84.99 58 65 
18 14.74 18 19 19.99 
34.18 28.71 34.18 39.99 29.99 
51 59 54 51.54 64.99 
128.54 165.7 89 116.13 119 
54 55.61 55.61 64.99 48.31 
59.99 49.99 59.98 49.99 98.72 
31 17.9 23.23 35 36.5 
119 129.9 107.49 115 124 
13 19.99 19.9 5.07 10 
10.39 20.76 14 19 13 
32.09 36.5 34.18 33 39.9 
16.63 18 17 14.74 16.77 
114.02 139.99 129 118.38 112.9 
16 13.28 12 18.05 16.84 
26.97 29 24.69 25.22 35 
61 61 62 59 58.74 
9.9 10.39 19 13 14 
114 118.38 124.99 115 129 
55.35 64 58 59.18 76.48 
14.99 18.9 13.28 13 17.64 
16.8 9.99 20 13 18.91 
43.05 44 46.9 45 40.5 
59 47.89 55 49.99 66.99 
17.64 13 13.28 13.27 16 
54.5 78.72 49 42.42 34 
42.63 41.21 27.99 34.99 129 
74 77 77 88.5 75.7 
122 69.99 89 109 91.02 
15 18.45 18 14.99 20.76 
18.99 18.45 19.99 22.25 43 
34 29.01 34.99 24.59 31 
28 26 27 31 28.99 
33.95 31.63 29 26.5 29.99 
17 34.06 18 39 15.67 
15 20.52 44.9 15 14.11 
69.99 89 79.9 119 119.9 
43.05 46.03 59.99 55 54 
26 28 25.9 11.7 11.9 
25 24.99 24.99 23.64 24.99 
53 44.22 47.01 44.98 49 
52 48 49.2 49.47 55 
103.15 118.5 108 79.99 79.9 
99.99 75.74 89 72.27 89 
30 42.99 25.99 16 15.32 
29.13 29 27 29.13 35.5 
26.74 28.74 29 26 34.99 
14.1 16 17.9 20.52 15.04 
44 49.9 35 44.08 47.36 
69.6 78.99 73 79 89 
23.94 19 29 25 31.9 
146 129 145 144.99 139.35 
17 18 19.99 22.25 15.41 
60 58.84 59 289 65 
13.28 16 12.15 13.78 18.9 
99 115 114.84 111.71 109.99 
49 54.9 50.76 46.99 85.5 
49.31 39.9 49.47 48.5 52 
114.91 114 108 109 111 
43.35 108 54.99 70 79.99 
72 79 86 80 72 
42.9 49 49.9 46 59 
62.99 79.99 63 69 69.99 
117.04 129.99 98.9 116 127 
43 37.9 39.99 19.99 42.9 
24.69 34.99 29.99 29.99 34.99 
19 11.69 14.34 19 18 
38 69 59 39.51 34.38 
27 31.88 27 26.08 86 
48.89 43.79 46.3 44.22 47.01 
52 59.9 52.93 52 54.99 
24.69 29 31.7 25.22 29.99 
45.57 46 35 47.01 29 
117.77 106.4 109 79.99 119 
31.7 27 26 24.67 29 
26.74 29 25.4 27.68 26 
142 58.06 69 66.33 67 
19 9.9 28.16 26.4 34 
28 29.9 26.9 26.9 56.23 
55 22.25 20 16.9 14.72 
109 106.4 117.77 194 109 
23.64 29.99 20.67 34 25 
18 18 16.8 19.99 18 
73.9 49.08 79 69.99 51 
74 88.5 77 72.74 77 
18 18 18.61 35.67 38.99 
41.39 40.77 24.99 69.9 43 
62.37 86 69.99 79.9 63.48 
54 55.99 52.32 51.9 59 
13.6 18.9 17.64 12.15 13 
45.57 46 44 50 52 
269 273.06 282 246.13 279 
34 28.16 9.9 26.4 80.99 
14.91 26.91 34.99 14.9 24.9 
107.37 128 122.99 115 122.81 
26.9 27 34.99 26 56.23 
57 53.83 129.99 48.67 59.99 
30 27.05 31 39 31.56 
14.1 11.69 10.39 19 13.89 
39 75.99 59 118.5 54.44 
56.05 49.08 48.31 71 51 
44.11 47.19 43 46 40.16 
26.57 39 28 60 29.52 
106.22 129.99 118 109.99 99 
127.9 118.5 79.9 99.99 129.99 
16.9 29 15.32 34.18 19 
80.81 79 79.9 91 81 
29 25.39 31.99 43 69 
14.79 18.45 17 11.69 19 
12.86 9.99 17.9 5.07 9.99 
16.02 16.99 15 18.45 20.76 
22.25 16.02 15 20.76 16.9 
50 46.9 29 49.47 49 
45 57 44.22 59.9 45.73 
27.86 26.14 77 34.99 59.99 
5 28.71 34.18 34.18 28.51 
43 69.99 14.99 63 69 
43.05 42 45 56 45 
13.1 15.32 26.05 13.11 34.32 
52.9 29 48.67 59.99 43 
39.99 44 41.89 49.9 39.99 
29.99 28.49 29 28.58 29.99 
61.29 34.99 34.99 34 56.34 
21.99 19.99 15 20 25.9 
109 98 60.28 104.72 105 
40 34.99 34.76 43.99 42.37 
115 124.99 113.16 139.99 118 
52.49 59.99 55 77 49 
19 9.99 18.45 18 16.02 
71.46 77 79 78.65 99.99 
62 44.11 45.82 69 49.99 
34.99 25.01 29.99 25.22 35.99 
59 69 69 66.89 65.9 
117.13 86 59 91.02 69.99 
51.9 56.05 51.54 54 59 
41.31 49.9 49 49.9 41.5 
129 135 153 154.31 144.99 
15 15.66 19.9 17.32 23 
63.99 66.99 65 78 67 
43 42.89 66.5 44.16 45 
49.89 29 51 47.01 49 
18 18 16 35.99 18 
78.74 66.43 71.51 62.85 75 
72.42 72.42 69.9 73 79 
39 27.5 13 13 12.3 
18 18.45 19.99 15 22.25 
14.34 22.25 16.99 18 21.98 
37 43 40 41.04 56.99 
23.23 19 20 44.28 16.53 
54 45 55 55.99 48.5 
89.9 79.46 78 84.99 80.9 
47 45 45 43.05 55 
18 18.1 18 15.19 17.31 
29.99 47 24.99 71 48.31 
16.9 17.9 15.6 9.99 17 
39.9 38.8 49.99 13 27.5 
20.76 15 22.25 9.99 19.99 
17 16 15 18.45 11.54 
18 14.99 16 13.28 17 
95 89.37 97 129.99 94.46 
51 49.08 54 51 35.5 
59.99 48.5 52.93 45 57 
62.37 61.52 67.9 79 69 
40.5 47 41.39 56 49.99 
60 69.99 69.99 52.99 65 
24.33 35.5 26.91 24.58 29.99 
22 34.18 20 17.9 34.18 
89 89 88.9 93 90.82 
34.99 30 24.33 29.99 34.9 
17 17.9 15.04 21.99 13.88 
51.54 49.08 124 57 53.9 
19.99 19.99 14.7 19.99 17 
29.99 28.49 28.49 29 28 
76 84 81 77 88.5 
31.7 32.5 29.99 28 29 
39 29.99 49 34.99 27.98 
27.99 28.22 27 29 27 
48.5 42 43.31 42 49.99 
29.9 26.53 24.93 29.99 29.9 
16.75 22.03 19.99 16 18 
46 40.44 49.47 49 52 
31.7 29 26.64 25.08 28.74 
24.99 31 29.99 29.99 34 
109 119 119 93.99 119.9 
44.95 52 49 50 39.9 
52.47 49.99 54.98 59.99 54.99 
49.2 50.29 32.9 49 53 
15.67 17 20 19 15.67 
29.99 26 26 31 26.29 
48.89 54.08 44.22 59.9 46.99 
37.5 79 46 45.9 18.49 
55 42.4 44.99 51 46 
12.51 32.99 34.99 28.49 32 
34.99 31 30 34.9 29.99 
54.99 49 49 54.9 52 
25.22 29 24.69 129 34.99 
19 18 19 20 22.03 
38 56.9 49.99 36.78 41 
16.99 22.7 16.99 55 22.25 
14.9 39.99 9.99 40 29.13 
25.01 29 26 26.29 34 
67.5 79 51 70.99 55.61 
119.99 65 108.22 108.86 111.71 
24.33 28 26.91 25.22 25.22 
62.85 69 84.9 67 64.89 
24.99 35.67 30.9 27.17 27 
30 29 43 27 32.9 
30.63 35 31 39.99 34.99 
48.92 42.19 34 42.99 47 
17.99 14.11 15.04 21.99 38 
78 79.99 78 55.61 73 
117.99 123.39 121.07 128.5 118.36 
40.17 58.99 60 46.18 44 
5.84 56 14 34.99 34.99 
121.07 119 125.42 119.9 125.42 
58.47 68.29 60.35 68.29 69.99 
71.34 71.34 79.38 72.99 79 
5.94 27.05 11.9 79 26.31 
20 11.69 19 14.39 39.99 
79 108 48.06 69.99 45.69 
34.99 38.9 31 34.99 29.7 
25.22 26.29 26 29.99 25.98 
47 62 61.01 45.82 39.87 
121.77 121.17 139 133 135 
18.45 20.76 10.39 19.9 22.25 
80.99 108.08 109 111 108 
59 57 56.9 51 54 
25 20.67 29.99 28.49 24 
25.39 27 34 29.13 29.13 
89.9 78.97 89.9 87.48 80 
89.9 92.56 79 69 89 
14.99 14.99 17.64 13.6 13 
46.99 44.22 45 54.99 48.89 
30 43 33 28.91 27.87 
25.22 57.99 42.63 28 129 
26 29.99 34.18 29.99 34.18 
119 118.99 119 115.99 119.9 
56 55.99 57.21 57 142 
73.7 83 80.81 108.5 81 
34.99 26 28.58 29.99 28.49 
48.47 49.89 47.01 45.77 46 
18 20.76 14.34 44.9 39.99 
89.99 83.58 87 87.36 56.9 
18.9 11.99 15 16 13.28 
16 13.28 16.84 16 18.05 
89.9 87.36 99.99 82 90 
44.99 45.04 44.99 51 49.99 
18 14.34 19 11.69 18.45 
54.99 59.99 49 83.94 59.99 
76.77 119.99 128 90 119 
29 26.14 34.99 59.99 77 
26.05 34.18 31 39.17 39 
17 18 33.99 19.99 20 
39 18 17 22.03 17 
98.06 129.99 103 109 95 
19.99 20 18.45 15 19 
49.99 44.58 46 43 44.64 
48.31 56 43 59 57.84 
19.9 13.89 11.69 19 15 
85.19 92.56 79.9 91 84 
9.99 9.24 5.62 9.99 13.86 
62 49.08 51 54 48.31 
88 98 84.99 94 109.9 
145.07 159.99 149.01 149 154.31 
53 44.12 47.52 54 50.11 
14.89 18 18 19 14.89 
110 119 99.63 102.09 129 
47 42.99 34.9 44.99 51 
41 42 45.9 36.78 38 
54.69 54 61.9 34 51 
49 47.5 43.91 44.22 49.99 
35 36.5 34.18 35 18 
16.84 12.99 16 16 12.88 
43 33.66 69 65.58 61 
19 17 19.9 21.99 14.12 
16.63 19 14.74 17 19.99 
172 114.02 129.99 125.42 119 
80.81 109 82 93.69 89.99 
46 47 44 42.19 42.99 
54 57 53.37 38.61 53 
28 26 29 26.74 27.68 
57 61.01 49.99 45.82 59.99 
34 32 31.68 29.9 30 
119 121.07 118.36 123.39 129 
44.55 44.11 47.19 49 48 
10.63 13.53 19 10.39 19.99 
87.36 83.79 85.19 59 80.81 
49.9 43 54.9 47 47.36 
47 49 29 49 49.9 
83.79 108 84 78.35 85.19 
129 103 99.63 110 109.77 
49 39.68 41.1 59.9 45 
89 70.89 77.2 142 82 
34.7 34.99 37.9 43.94 39.99 
19 22.25 15 39.99 20.76 
19 18 11.69 15 19.9 
53.8 52 44.22 50.29 44 
29.99 24.99 29.99 22.76 20.67 
78.24 69 49.9 78 70.36 
15.8 11.54 18 15 11.69 
147 158.99 150 179.99 159.9 
59.99 48.67 102.34 56.35 57 
33.15 34.99 31.98 36.5 39.9 
20.76 16.9 18 16.99 18 
69.9 129.99 56.35 104.94 109.9 
18 16.99 15.04 17.9 19 
129 114.02 122 139.99 110.7 
27.87 35.5 30.19 32 35.14 
34 29.99 34.99 32 49 
83.77 79 82 89 72.19 
119.99 128 125.73 132 122.99 
129 78.97 79 87.48 69 
29 26.46 26 65 24.75 
29.99 31.63 29.99 33.95 26.5 
29.99 29.9 19 18 22 
17 19.99 18 20 19.99 
49.99 58.95 65 39 39 
29.9 34.99 29.99 29 29.69 
49.99 49 44.99 47 49.99 
52.49 54 69 49.08 49.08 
149 133 139.9 127.59 122.99 
47 44.65 42.19 44 44.77 
51 63.36 129 79.99 55.99 
72.5 99.9 58 69 59 
27.5 27.9 29 49 52 
18 20.76 20 19.68 18 
26.29 26 29.99 26.5 28 
17.9 39.9 20 34.18 34.8 
129.99 125 99.99 119.9 127.9 
16.63 17 19 34.06 18 
29.9 28 26.5 34.99 26.99 
55.99 49.08 31.01 54 59 
44.98 47.01 49.07 47 41.98 
39.34 17.99 22.15 38.25 42 
22.94 25 29.99 24 29.99 
34.99 29 28.58 26 26.46 
21 18 18 30 15 29 15.99 15 13 29 25 13 19.99 21 17.9 19 19 17.9 19.9 18 13 19.99 15 20 29 12 21 13 13.9 9.95 29 21 24 24.9 9.95 17.9 12 9.95 19.9 25 19.99 15 30 25 35 21 14.97 14.97 14.97 24 15 18 15 25 30 12 28 30 29 15 18 12 26 21 20 26 30 21 26 14.97 30 19 9.99 19 13 24.9 19.9 25 15 12 25 15.99 19.99 19.99 30 19.9 17.9 15 19 30 26 30 25 21 13 30 25 14.97 17.9 21 20.99 17.9 25 9.95 9.99 21 19 25 30 30 25 25 19.9 17.9 17.9 9.95 19 14.97 15 30 29 26 35 12 30 25 22 26 30 17.9 30 9.95 18 17 22 18 19 30 19 22 26 19.9 25 30 20.99 17.9 25 19 19.99 29 30 9.95 17.9 15 17 30 12 16 30 17 12 30 30 29 13.9 20.99 20.99 19 21 19.9 14.97 30 21 13 21 30 30 13 30 15.99 30 19.99 21 26 19.9 17.9 21 35 17.9 9.99 30 13.9 14.97 17.9 9.95 29 15 9.95 22 23 30 22 24 29 20.99 30 14.97 19.9 25 17 15.99 21 19 26 25 26 35 29 35 30 13 30 30 19.99 14.97 30 24.9 30 19 30 22 19 30 30 18 24.9 9.99 19.9 24 26 21 14.97 13 19 18 30 14.97 20.99 19.99 19 24.9 14.97 9.99 22 19 24.9 14.97 13 13 22 14.97 9.95 30 24 19 17 15 17.9 20 14.97 22 20 18 21 20.99 19 19 20.99 25 18 26 19.99 30 15 24.9 17 21 23 35 21 24.9 21 20.99 19.99 19.99 17 15 17.9 17.9 15 19.9 19.9 35 13.9 12 13 17.9 17 30 29 21 15 25 149.99 14.97 35 12 20 20.99 15.99 19.99 19.99 29 17.9 14.97 30 17.9 15 30 20.99 19 30 18 17.9 30 15 19 19.9 24.9 17.9 15 17.9 17 22 17.9 20.99 17 9.95 17.9 24.9 24 24 19.99 22 9.95 20.99 19.99 13 21 35 20 19.99 19 20.99 29 30 15 17 21 24.9 17.9 30 19 19.9 9.95 14.97 21 14.97 21 14.97 19.9 19.99 149.99 9.95 19 25 19.99 35 14.97 15 17.9 19 26 17 30 22 15 29 22 17.9 