5 400
21.99 14.12 20.52 15 11.69 
54.44 59 55.44 49.99 39.99 
41.34 45 59 49.2 45 
117 122.99 123 116.77 118 
49.99 73 69.99 61.17 29 
19.9 11.46 8.25 19 9.99 
18 17 13.6 27.06 10.39 
51.44 51 53 56.05 51 
31 25.46 45 29.99 41.55 
46.3 51 44.99 47.01 52 
18 19 16.02 16.9 22.25 
44.22 47 49.89 50.29 53.8 
49.9 51 62 54 39 
59.99 49 59.99 49 77 
18.45 16.9 14.72 55 16.02 
72.99 74 139 76.3 79 
58 57 45 52.47 69.99 
24.78 24.33 25 29.9 25.22 
16 18 22.03 17 19 
114.02 112.9 118.38 121 114 
29.99 29.99 28.58 29.99 34.99 
17 13 13.6 17 13.28 
49.9 39 28 42.99 27.06 
77 54.49 59 62.52 69.98 
35 30.99 24.36 27.68 26 
77 54 48 46.14 53 
87 52 49.47 39.9 45 
49 47.01 34.99 21 49.99 
99.9 86.72 90.78 99.9 98 
79 78.99 79 73 69.6 
11.69 15 17 11.54 20.52 
34.99 25.4 29.9 34.99 31.7 
34 42.99 44 53 44.77 
116.93 127.59 135 139 121.77 
91.02 60 92 122 94.99 
52.49 58.99 54 53.61 59 
79 78 79 75.59 73.42 
26.99 28.71 25.39 25.88 43 
18.05 12.99 19.9 13.99 13.28 
59.99 51 57 39.45 59 
19.99 10.49 11.99 5.07 13 
119 119.9 129.99 118.5 118.2 
41 36.78 49.99 45.9 36.78 
14.34 11.69 49.9 18.99 14.39 
69.99 51 61.9 52.49 49.08 
49.89 29 27.5 44.99 44.22 
61.96 80.05 64.28 89 141.5 
52.93 54.08 49 39.9 53 
18 16.9 14.08 16.9 18 
29.99 34 24 29.99 26.5 
52.49 79 53 51 64.99 
49.47 47.01 51 43 53.8 
55.61 48.31 51 63.36 129 
46.99 59.99 54.08 59.9 49 
46.3 40.44 47 34 47.01 
33.62 12.67 9.99 12.87 12.48 
28.58 28 28.58 26 34.99 
12.15 14.99 17 17.64 13.28 
19.99 10.49 9.99 13 5.07 
34.97 40.18 49.08 59 40.18 
94 90 86.35 94.5 77.95 
29 30 27.37 31.89 27 
18 20 19 19.99 17 
44.9 44.4 40.67 39.68 45 
49 31 26.99 29 34.99 
209 205.9 206.5 220 199 
35.67 36.5 34 25 24.99 
53.8 32.7 55 44.22 59.99 
33.9 19.99 33.99 15.67 19.99 
14.34 20 16.9 19.99 16.9 
15.32 18.91 19 26 16.8 
40.5 45 43.31 43.05 47.24 
17 10.63 17 10.39 15.03 
28.99 29.99 31 54 29 
18 19.99 20 18 18.49 
36.5 38.61 35 40.89 26.05 
120 108 119 194 117.77 
69.9 69.9 35.5 29 23.94 
53.99 49.31 52.77 48.5 54.08 
61.5 59 61.38 69 61 
129 122.5 103.94 113.53 119.9 
27.99 25.22 29 57.99 28 
43 54.99 54.99 42.89 66.5 
36.78 42 38.25 56 38 
19.99 25.22 34.99 31 29.9 
18.45 20 15 16.9 20.76 
24.9 17 18.1 15.18 19 
27 51 29.13 25.39 19 
4.99 7.33 19.99 4.99 7.95 
9.99 9.99 8.25 19.9 9.99 
54.99 53 52 49.47 59.99 
118.5 55 69.99 149.99 119 
83.66 80.99 108 107 69 
10.49 9.99 9.99 15.55 9.99 
60.91 75.99 57.02 61 59.9 
24.75 26 26 24.75 26 
29.99 31.56 26 28 28 
49.99 32 36.78 38.25 46 
25 29.99 22.76 24 29.99 
18.45 16.9 15 16.02 16.9 
205.9 399 219 199 249 
69.99 23.94 29.9 22.49 23.94 
9.99 6.99 12.48 20 33.62 
47.01 43 49 49.47 47.5 
15 15.09 13.65 18 15 
57 54 59.99 51 56 
84.99 74.98 72 86 78 
88.5 69.16 82 74.42 77 
21.99 42 29.99 14.72 17 
129.9 123.39 118.99 119 118.36 
59 55.99 59.9 61.49 49 
32.28 34.99 25.76 27 34 
119 106.91 102.09 109 109 
64.28 60.93 59 99.9 65 
179.9 149 145 148.99 179.99 
22.57 22.77 34.99 29.99 29.9 
24 29 25.22 26.74 26 
59 58 79.99 55.99 84.99 
25.52 30 86 49 29 
109 85 82 108.56 119 
20 16.02 18.45 18.89 19.99 
39.99 71.5 34.99 34 7.71 
11.69 19.99 11.54 13.39 10.39 
29 32.41 25.39 28.34 34.99 
52.56 49.9 57.99 57.99 59 
25.22 29 28 27.68 30 
15 19.99 16.99 14.52 21.99 
42.96 42.57 46.9 45 45 
29.99 23.99 22 24.19 23.64 
73 79 89 89 73 
16.02 18 18 18.45 21.98 
92.56 46.24 91 75 79 
49.99 44.86 47.28 49.89 51 
99.9 142 114.12 104.99 108 
49.99 44.22 39.9 50.29 49.89 
105 108 125.24 109 99.9 
14.34 15 19 19.99 18.45 
18 34.18 20 39.9 18 
62 34.99 52.9 59 53.85 
15 19 27.99 44.28 15 
25.88 34.99 30 25.88 69.99 
69.99 45.66 45 59 69 
44.9 41.1 45 40.67 39.68 
46 43 42.89 54.99 43 
59 119 63.52 34 59 
61.9 47.93 57 56.05 51 
25.57 29 26 24.67 28 
49.99 60 43.98 43 49.99 
94.46 94.44 99 89 129.99 
24.58 29.99 34 35.5 31.5 
41.86 51 49.08 54 56.05 
39.99 37.5 40.69 36.9 19.99 
89 99 91.91 90.41 109.9 
56.05 57.84 79 48.31 69.99 
51.54 69.9 61.9 56.05 51 
57.21 69 54 59 55.99 
55.95 61.5 64.08 65.9 61.38 
26 28 24.33 32.5 25.22 
55 43.79 49 46.3 44.99 
22.03 17 18 26 15.67 
14.06 19.9 16 29 15.04 
119 107 55 69.99 129.99 
49 46.3 49 42.4 34.9 
57 59.99 52.79 59 54.99 
49.89 49.47 49 42.99 44.99 
38.44 41 45.99 39 38 
39.99 13.5 19.99 19 15 
11.54 11.69 19 13.35 13.53 
53.06 47.8 54.99 53.06 55.99 
28.51 29.99 16.53 39.99 34.18 
26.97 25.22 26.74 26 30 
34.18 39.99 25.8 28.71 34.18 
31.7 29.99 29 24.33 28.99 
49.99 57 69.99 54.99 56 
19 19.99 13.89 19 18.45 
114.99 119.9 106.22 102.76 123 
98 89 129 113 116.13 
25.22 31 31.7 29 28 
34 26.8 29 27 30 
65.62 69.99 49.99 67.82 67 
99 79 90.82 89 99.99 
54.99 48.31 57 69.99 49.99 
44.99 52 53.8 49 47.01 
39 20 19 17 19.99 
26 29 79 31.56 28 
72.74 90 76.3 95.99 89.9 
109.99 97.14 105 119 129 
48.31 59.99 51 57.84 59.99 
40.92 43.79 53.8 46.3 46 
59.99 69 80.19 57.84 73.9 
19 13.47 16.02 22.25 20 
21 17.31 17 17.99 14.99 
59 99.9 65 72.5 62 
32.99 34 33 30 30 
51.99 48.94 49.84 47 43.74 
39.99 19.99 25 19.99 39.99 
63.48 57 62.37 69 69.99 
16 21 13 14.99 18 
17.9 19 18.45 18 29 
24.81 49 27 27 29 
59 60.93 69 58 62 
9.99 19.99 11.54 19.99 21 
54 57 29 54 48.31 
51 59.99 55.99 59 51.9 
53.8 43.71 44 46.11 55 
53.8 59.99 47.5 44.22 51 
57 51.06 42.63 41.86 56.05 
16.8 26 20 31 16.53 
99.99 83.58 75.99 78.35 59 
19 19 11.69 19 20.76 
39.99 46.99 59 39.9 55 
51 33.46 57 51 52.47 
89 81.15 129.99 118.5 103.15 
51 51 52.47 54 51.54 
29.99 34.99 29.9 26.73 29.9 
69.52 76.3 99.99 139 72.99 
11.69 19 34.99 21 19.99 
59.99 119.99 51 54 43 
73.7 83.79 44.99 87.36 79 
44.28 19 19 18 16 
19.68 19 22.25 17 18 
129.99 175.89 106.91 109 109 
49 29.99 32 34.99 29.99 
55.44 53 34 48.31 59.99 
55 48.5 39.9 39 57 
67 66.33 65.22 66.33 59.9 
52 41.99 48.5 49.31 47.01 
34 12.9 9.99 9.24 9.99 
11.12 73.5 29.99 16.9 59.99 
51.54 32.61 34.63 19 35.04 
27 26.89 28.35 31 31 
109 59.99 69.99 49.08 53 
51 54 52.47 51 51.44 
154 129 151.4 153 141.81 
25 69.9 19.94 69.99 23.94 
35 54.99 43 47 44 
24.09 45.9 34.99 45 41.99 
54.9 49 53.8 56 48.47 
49.99 44.9 19.99 49.99 44.7 
29 26.29 28 29.99 26 
25.22 25.22 26.74 30 31.7 
109 62.9 48.31 49.99 51.8 
24 32.9 29 28 29.99 
59.99 59.31 50 51.48 62.35 
69.99 29.13 69 25.39 32 
44.58 41.22 48.67 49.99 44.64 
51 54 49.08 51 33.66 
55 16.99 19.99 18 16.02 
17 16 21.99 14.1 17.9 
48.5 87 49.47 39.9 44.22 
25 24.8 21.93 29.9 33.9 
44.99 53.8 32.9 49 49.2 
43.4 39.24 41 45 44 
34.99 34 59.99 29.99 34.99 
31 29.01 29.99 34.99 27.05 
52 49.47 50.29 49.89 44 
25.88 28.71 34.99 32.9 27 
19.99 16.9 16.49 22.25 14.34 
13.65 18 13.26 15 18 
60.3 69.99 52.46 69.9 65 
15.03 19 14.49 11.69 10.39 
49.9 49.99 44 39.99 44 
70.73 73 70.73 65 74 
22.03 19 19 16.75 17 
128.5 118.99 125.42 129.99 118.36 
179.9 149.9 149 149 128.9 
87 56.9 73.7 91 78.35 
33.49 29.99 10.43 10.47 39 
43 49.99 43 43 38.58 
29.9 34.99 49.9 29.99 20.48 
99.9 72.5 69 99.9 60.93 
29 25.22 26 28 34.99 
40.67 44.4 45.4 49 49.9 
66.99 69 69 59 61 
13.28 17 17 18 16 
9.13 9.78 18.48 25 69.9 
34.99 29.99 59.99 35 77 
18.05 12 13.28 12.58 19.9 
53 41.99 52 52.93 55.99 
16.99 20 18 19.99 16.02 
36.9 29.99 53.43 48.76 29.99 
73.35 88.5 89.9 82.93 85 
33.9 18.49 39 16.63 15.67 
17 13.21 11.54 18.45 14.79 
51.8 51 51 53 43 
49 49 46.9 52 51 
46 52 29 49.99 49.9 
59.9 16.9 9.7 29.9 34.99 
71.5 1.99 7.71 34 14.9 
41.22 49.99 66.5 44.58 65.9 
43 39.99 43.94 37.9 19.99 
41 34 36.78 38.25 44.5 
15 17.82 18.45 25.9 16.99 
34.18 16.8 23.23 18 16.8 
45.85 44.22 49 49.99 54.99 
69.99 84.87 45.69 49.48 84.87 
10.39 18 14.49 19.99 14.34 
11.54 19 18 16.99 18.45 
36.5 20 16.8 34.9 18 
64.08 66.89 65 61.5 62 
43.05 50 48 49 59 
17.9 12.86 11.38 9.24 5.07 
107.5 68.99 139 110.16 109 
6.94 25 9.9 19.99 29.99 
179 93.6 159 99 155 
50.5 53.8 51 59 48.89 
29.99 23.94 23.94 54 22.49 
119 88 83.69 128 140.99 
25 25 14.52 26 15 
19.9 18 13.28 16 13 
26 26 29 26 28 
25.9 29 29 28 26 
93 88.9 90.09 93.5 89 
46 42.9 54.9 39 43 
23.76 19 26.7 33.9 14.99 
66.89 64.08 61.38 59.13 65 
62.37 84.6 99.9 97.5 76.47 
28 29.91 26 28 24.59 
24.59 29.01 29.99 29.43 48.99 
20.52 14.26 21.99 14.1 19 
11.69 15 73 19.99 10.39 
17.64 18.9 13.28 13 15 
79.9 119 70.02 79 117.05 
26.5 25.22 34.99 26.99 43 
29 30 9.9 26.64 26 
18.45 17.9 18 15.99 15 
73 75.59 74 72 80 
93.99 82 82 72.19 89.9 
86 140 144.99 146 145 
31 26 26 29.9 34.99 
88.5 99.9 81 49 73.35 
33.9 19.99 18 22.03 15.67 
51 19.9 46.75 29 51 
74 42.9 70.73 105 119.9 
35 9.9 9.99 9.9 36.5 
16 6.53 14.99 4 17.64 
43 79 34 36.99 38 
59 57 59.99 59.99 57.45 
19.99 17 15.67 18 15.67 
51 55.61 48.98 31 54 
13 27.99 27.5 39 12.3 
18.9 17 16 13.6 13 
52 49 49 44 49.47 
99.95 103 103.99 94.46 103.98 
31.63 34 29.99 29 26.5 
34 6.94 39.99 71.5 7.71 
34.99 34 25.74 29.9 26.73 
54.33 59 54.99 62.57 79.99 
16 18.9 13 17.64 13.28 
29.99 34.99 9.99 34 29.99 
30 31.7 28 25.22 29 
44.22 52 44.99 49 55 
75 59.8 65 55.61 75.65 
25.22 29 31.7 26.97 26 
27 25.76 31 32.28 29 
26 25.9 26 25.9 29.99 
16.77 15.67 20 17 22.03 
25.01 25.98 26 33 29.99 
26 34.99 29.9 27.68 27.72 
54 52 49 55 59.99 
57.9 55 77 55 57 
22 15.64 34 39.99 15.65 
49 49.9 58 54 52.49 
149 147 149.9 128.9 149 
20 32 39 10.47 10.43 
40.59 45 34.18 45 37.63 
102.76 153 119.9 112 123 
26.74 24.33 28 29 26.91 
52.47 59 54.74 63 57 
52 49.47 49.89 50.29 49 
99.99 83.43 99 43 39 
18.09 18 17 19.99 14.7 
81.5 87 90.09 97 93.5 
83.79 108 92.56 80.81 82 
99.99 99.99 99 91 43 
18.9 13.6 17 18 14.59 
49.31 53.99 57 55 49 
119 119 111.15 109 109 
19 34 51 56.05 27 
29 26.91 26.74 34.99 24.33 
14.99 21 13 16 17 
57.99 52.56 49.9 57.99 47.89 
20 25 22.25 23 20.78 
25.22 38 26 26 29 
19.99 39.99 34 18 9.99 
54.9 44.9 29.99 49.99 49 
49.99 60 69.99 44 43.01 
29.99 29.99 27.72 25.78 26 
45 45 47 49 52 
53 54 49.08 56.05 62 
67 69 60.35 68.29 64.47 
125.73 139.99 149 123 139.99 
26 26.97 26 29.99 25.4 
26.7 26.9 9.9 14.99 19 
99.95 95 129.99 109 103.98 
18 18.45 10.39 15 20 
49 46.6 43.45 43.45 54.99 
43 59 48.67 56 61.99 
29.9 34.99 29.99 24.33 26.99 
16 12.88 12.58 13.28 15 
30 14.97 19.9 30 14.97 21 19 17 29 149.99 15 22 25 25 30 30 19 22 17.9 18 12 15 35 19.9 17.9 13 20.99 14.97 9.95 17.9 35 20 12 18 9.95 25 9.95 9.99 15 9.95 14.97 14.97 30 24 20 30 13 24 21 21 19 22 19.99 19.9 17.9 14.97 20 23 13.9 30 14.97 17 13 20.99 28 26 13 26 149.99 29 29 17.9 24.9 25 19.9 15 18 30 30 22 15 22 20 22 13 15.99 15 17.9 21 15 15 19.9 20.99 30 21 21 15 17.9 21 13 19.99 21 21 30 24.9 19.9 25 25 30 19 15 17.9 14.97 14.97 9.99 19.9 25 9.95 18 25 30 19.99 20.99 9.99 30 18 25 20 19 15 14.97 13 29 20 9.95 30 14.97 29 19.99 20.99 20 30 35 25 19.99 25 35 14.97 20.99 25 30 30 26 22 18 30 22 9.95 20.99 30 17.9 15 17.9 9.95 22 25 30 30 9.95 15.99 30 29 19 30 21 18 21 21 19.9 30 17.9 26 30 17 17 20 15 19 17.9 21 30 30 20.99 9.95 13.9 26 19.99 14.97 24.9 19 24.9 13 25 17.9 17 30 25 15.99 15 24 22 17.9 30 18 14.97 14.97 30 19.99 9.99 17.9 30 25 19 17 20.99 17 15 15 14.97 19 19 21 18 30 14.97 30 9.95 19 19 20 30 19.99 13 26 20 30 14.97 21 24.9 149.99 21 19.9 21 14.97 18 18 30 15.99 19 19 15.99 14.97 21 25 25 15 13.9 13 25 29 14.97 30 24.9 15 15 13.9 14.97 21 26 19 13.9 24.9 19 24.9 20 22 20.99 30 21 9.95 25 17.9 29 25 17.9 9.99 14.97 19.9 18 24 17.9 19.9 19.99 30 13.9 20 15 149.99 13.9 19 20 18 15 24.9 25 24.9 29 30 17 21 13.9 30 19.99 9.95 19 15 9.95 19 19 30 18 14.97 15 9.95 30 19 17.9 15 30 17.9 14.97 30 15 15 30 20.99 14.97 30 17 30 20 19.99 19 21 19.99 19.99 22 17.9 20 13 26 14.97 25 149.99 13.9 15 29 19 17.9 21 30 21 13 13 9.95 15 19 19 20.99 20 19.99 20 24.9 20 30 19.9 13.9 19.99 14.97 21 15 25 24.9 29 9.95 24 20.99 30 9.99 17 
