5 400
59 55.44 39.99 118.5 59.9 
34.06 35.9 19 17 34.06 
49.99 58.89 59.9 47.01 49 
18.91 14.89 15 15 16 
28 26.97 26 29 26.74 
17 19 15.6 17.9 9.99 
106 51.06 55.61 31.01 55.99 
18.61 34.18 18 26 16.8 
49.9 47 59 59.9 49.9 
27.05 24.79 29 11.9 28 
68.9 58.47 64.46 69.99 66.83 
75 69.52 88.5 71.34 72.99 
40.44 46.3 34 47 47 
25.78 31.7 29.99 26 25.22 
46.99 59.99 59 49.31 53 
50.7 44.99 57.01 53.06 54.9 
11.69 15 19.9 73 22.25 
115 113.78 122.99 117 116.77 
26.64 26 28 28.74 29 
40 43.99 34 42 35.79 
81.15 104.99 82.34 107 119.9 
32.55 36.5 34.99 31.98 39.9 
14.39 22.25 20 17 19 
19 19.99 13 23.23 11.69 
59 77 55.61 55.61 79.99 
69.99 58 69.9 57 69.9 
27 34.99 27.29 29 27 
109.98 139 80.99 109 83.66 
70 51 75.65 54.99 73 
44.99 109 42.99 49.89 50.29 
69.9 25 23.94 69.99 19.94 
19.99 19.68 17.32 17 17 
37.61 41.18 40.59 20.47 29.9 
40.44 47.01 53.8 46.3 42.4 
61 52.47 59 63 54.74 
26.46 26 24.69 28.49 28.58 
15 15.66 19.9 23 17 
55 47.8 53.06 46.36 39 
18 15.21 14.1 16 17.9 
48 49.99 45.99 55 47 
54.5 41.1 44.9 44.9 47 
14.79 20 14.93 18 16.9 
46 49.99 46 49.89 47.01 
19 14.34 18.45 15 19.9 
29.99 28 9.9 26.93 25.08 
37 43 56.99 41.5 36.8 
15 13.88 17 19 18.99 
53 55 57 51 54 
29.19 32.09 30.69 33 19.99 
17 24 15.59 18 17 
125 129.8 108 74 129.99 
34.18 35 39.9 47.99 34.18 
44.99 29 49 52 49.47 
16 18.1 19 15.19 18.1 
120 100.4 108 117.77 108 
73.7 72.19 80.81 83.77 93.69 
15 20.52 16 14.12 17 
59.99 49 79 49.47 54.08 
45 54 54.99 50.76 42.79 
57.99 52.56 55 66.99 53 
70.73 42.9 109 119 119 
66.99 59.13 62.91 64.08 61.38 
49.99 46.3 44.99 42.99 47 
49.89 52 52 43 46.3 
59 48.67 43 29 61.99 
34.99 39.99 24.93 26.73 25.74 
26 29 25.22 26.5 25.22 
79.46 80.9 82.32 78 89.9 
39 41.53 22 32.67 16.53 
49 52.89 58.89 45.92 59.9 
81 77 89 72.27 74.42 
14.91 14.9 34.99 26.91 8.8 
49 59.99 49.74 47 49.99 
26 31 49 26 34.99 
68 89 81 59.9 79 
29.52 30.37 60 54 44.9 
55.99 39.9 53 49.9 49 
81 78 84.99 80 78.9 
42.99 44.99 21 45.9 49 
35 26 24.59 26 27 
14.52 18.45 22.99 16.99 19.99 
13 14.34 19 18.45 19.99 
179 154.99 149 147 149 
50.99 40.76 48.9 38.58 43.4 
125.28 123 125 121.77 119.31 
44 54 59.99 50.76 49.31 
44 44.77 45.13 47 47 
25.22 28.99 34.99 26 25.57 
93.69 99.99 83.79 80.71 82.19 
51 57 55.61 51 51.54 
69 79 99.99 59 108 
38 40 38 29.98 36.78 
6.08 16 19.99 11.99 14.99 
21 9.99 19.99 11.69 19 
49.99 55 49.47 49 34.99 
38.25 38.5 43 46 36.78 
49.99 51 48.89 43.79 49 
19.94 22.49 69.9 29.9 23.94 
110.7 139.99 114.02 129 139.99 
17 20.91 17 19 20 
129.8 129.99 44.99 74 129 
29.9 29.99 31 31 30.67 
40.44 49.47 49 49.99 46.3 
37 17 19 19 36 
39.9 55.99 52.93 59.9 49.89 
19.9 4.99 14.11 18.5 21.99 
17 13.21 14.79 16.99 18 
119 129.9 129 129 139.9 
79.99 15 30 17 19 
27.99 16 19 19 14.89 
59.99 81.5 89 66 59.9 
69 72.5 99.9 99.9 65 
9.99 40 29 29.13 29.99 
11.9 28 79 27.05 26 
16 17 21.99 18.45 14.12 
59 54.74 69.9 69.99 58 
13.63 20 18 19 10.39 
19.99 34.32 30 34.18 30 
14.89 18 14.89 17 15 
39.99 15.64 19.9 15.65 9.99 
92.9 99.99 83.99 87.12 89 
50.8 51 54 59 69.9 
19 11.69 14 14.34 22.25 
26 24.67 25.57 25.22 31.7 
62.99 69 63 69.99 62.99 
49.97 59 65.99 59 50 
47 43.67 49.9 86 49.99 
26 31 24 29.99 25.22 
46.6 44.99 49 49.99 34 
37 58.18 114 29.99 119 
44.9 43 47 54.99 43 
91 76.99 108.5 81 81 
25.22 31 29.9 26.5 34.99 
109 102.66 69 106.91 175.89 
43 35 33.9 35.67 39.9 
109.9 98.43 91.91 99 100 
10.39 9.9 19 19 19 
28.3 28.9 27.86 28.5 29.99 
16.84 16 12 19.9 12.58 
57.45 59.99 59.99 57 54.99 
209.9 189.99 179 179 229.99 
54 51 52.49 39.6 52.32 
13.28 13 17.64 16 17 
104.99 109.9 90.41 108.5 88 
69 69 63.97 43 29.13 
100 103 103 103.99 89.37 
60 69.99 52.99 69.99 65 
109 129 109 109 110 
59 58 54.33 84.99 58 
13.28 17 16 14.99 17.64 
29.03 26 29.03 29 25.24 
126 129.99 119 113 116.13 
279 285 246.13 282 289 
58 79.99 58 54.33 59 
60.93 42.9 31 39.99 39 
35.9 7.95 7.33 19.99 34.99 
50.29 49.47 49.99 49 54.99 
5.84 14.01 6.26 34.99 14 
64.9 129.99 56.35 65 69.99 
52 51.36 63 65 72 
34 44.5 42.42 54.5 78.72 
29.99 25.22 30 29 28 
18 19 19.99 18 16.8 
79 80.78 52.96 99.99 86 
11.99 19.9 12.58 17.64 15 
29 49.9 19.99 15 79.99 
36.63 8.25 25 8 37.99 
26.5 35 28 29 30.99 
47 49.99 46.3 42.9 44.99 
63.5 33.81 33.81 39 69 
17 13.28 14.99 14.99 12.15 
19 29.9 31 18 29 
22.25 19 18 13.5 20.76 
70.73 73.19 119.9 75.65 75 
69.9 53.83 59.99 64.9 56.35 
43 19.99 39.99 39.99 19.99 
17 15 21.98 16.02 19.99 
47.01 49 49.47 49 41.99 
19.99 15 14.49 73 19.9 
35.67 28.71 20.83 29.99 33 
48.31 51 55.61 106 56.05 
116.13 126 128.54 129 98 
75.65 65 109.9 119 68.27 
49.99 29 47.01 45 46.11 
73.06 73 74 75.65 79.99 
35 36.65 33.61 33.61 33.9 
34 61.29 34.99 18.45 59.99 
42.9 29.99 42.37 49.99 38 
46 54.99 48.67 44.16 49.99 
29.98 46 39.99 49.99 33.3 
79.9 118.5 108 119 69.99 
44.77 50 48 43.99 43.05 
26.64 26 26 9.9 24.33 
41.53 34.18 39.9 20 48.9 
16 12.99 12 13.28 16 
48.89 44.99 55 46.9 51 
90 75.71 77 75.7 86 
16.84 12.58 12.99 12 18.05 
25.9 26.29 26 26 28 
98.9 119.99 104 194 122.39 
31 31.7 27.45 28 29.99 
34 28.91 33 28.91 39.99 
18 15 11.69 14.34 19 
95.24 93.44 95.9 142 86.35 
82.34 129.99 119.9 103.15 81.15 
45.85 45 44.65 47 49.99 
36.63 69.9 8.25 69.9 37.99 
78 78.07 115 67.5 75.65 
8.25 11 7.36 9.99 9.99 
46.99 49.47 50.06 52.93 52.93 
32 48 28.11 38.25 30.63 
49.08 54 48.31 61.9 51 
106.52 103 129 119 99 
26.9 29 28.04 34.99 30 
34.99 9.99 19.99 11.54 19.99 
13.28 12.58 15 18.9 13 
34.99 31 49 19.99 28 
56.05 56.43 53 51 54 
76.77 124.67 84 109 89 
15 19 17.99 20.91 17 
30 19.99 79.99 29 19 
16.9 19.99 13.1 30 19.99 
131.32 119.62 132.5 122 34 
13 14.99 19.9 12.15 4.7 
48 46 44.55 47.19 49 
53.61 58.99 54.08 52.49 53.61 
29 30 26.99 27 34.99 
123 106.17 135 108.22 109.8 
108 109.99 107.5 108.08 109 
42.63 24.69 29 27.99 26 
20.76 17 18.91 14.99 14.89 
59 52 59 55 57.03 
45.04 59 45.85 45 49.99 
13.28 16.84 12.99 13.99 11.6 
57 55 49.47 52 59.99 
14 13 39 12 49.99 
6.26 48.5 5.84 56 34.99 
55 52.56 57.99 66.99 49.9 
79.9 67 63.59 78 75.5 
119 119.9 129.99 128.5 107.49 
15 19.99 24.9 13 19 
29.01 62 27.3 27.3 65.99 
49.31 54 54.9 59.99 52 
19.9 16.9 69.99 49.9 29 
52 43.95 54.98 39.99 55 
113.75 26.64 31.7 26.93 28 
59.99 77 60.32 89.9 69 
78.35 99.99 73.7 85.19 90 
15 13 14.99 12.15 13.28 
31.68 30.41 29.9 29.9 30 
19.99 32 10.43 20 33.49 
19.94 23.94 24.53 29.99 31 
49.47 48.47 49.89 55 48 
99.98 79.99 79.9 92.56 80.81 
21.99 16 19 15.04 14.1 
77 49 59 55 52 
24.62 34 30 34.99 29.99 
94.99 67.36 65 74.32 64.82 
17.64 16 12.99 19.9 17 
17 16.02 18 19.99 14.34 
55 53.8 47 43.37 29 
149 131.32 119.62 39 19 
106.52 108 109.77 133.99 115 
49.99 49.99 43.32 41.99 40.99 
26 26.74 26 29.99 26 
29.99 14.9 29.13 7 29.13 
55.61 48.31 129 79.99 77 
119 99.99 127.9 118.5 79.9 
59 56.05 49.49 69.99 51 
29.99 28 27.05 26.31 29.99 
26 29 24.75 24.21 65 
31 26.99 29.9 26.5 43 
144 144.99 135 149.01 146.31 
24.33 30 26.99 29.99 34.99 
59 71 67.9 25.39 69 
66.99 59.99 73.9 56.05 43 
11.69 19 10.39 13.5 14.34 
50 55 35 47.01 49.89 
9.99 5.62 9.99 9.99 11.38 
41.99 55 52 52 50 
19.9 19.99 19 15 15.49 
73 73 59.8 82 79 
47 46.99 44 45.13 39.69 
37.99 33.45 36.5 33 32 
52.59 54 48.55 51.54 54 
51 49.08 51.54 62 52.32 
24.33 26.99 26.99 34.99 29.99 
18.45 10.39 22.25 19.9 19 
18.91 18.45 14.05 13.95 14.89 
52.47 47.36 65 52 63 
52.32 51.8 49.99 48.31 69 
20 18 18 20 16.8 
44.15 51 52 45.57 53.8 
34 55.44 52.49 55.9 51 
51 54.08 49 47.01 47.01 
22 24 24.19 26.5 23.99 
119.9 76.77 137.99 76.79 94.99 
26.91 26 29.9 25.22 29.99 
113.75 24.33 34.99 29.99 26 
79 89 118.39 79.99 97.5 
65 58.74 55.95 61.5 64.08 
21.99 23 25 22.25 20 
20 18 17.9 23.23 22.57 
17.99 19.68 20 20.76 15 
45.73 44.22 59.99 54 49.47 
18.9 18 7.9 13.28 16 
49.99 59.99 44.99 49.2 49 
53 44.65 42.99 46 44 
78.99 74.93 74 77.55 89 
39 34.18 42.99 11.29 40.59 
67 39.9 73 29 49.99 
129 34.99 34.99 25.22 26 
59 63 64.99 34 59 
84.87 49.48 79 69.99 69.99 
59 52.49 52 58 52.66 
57 77.9 45.82 59.99 49.99 
31.7 26 29.99 29 29.99 
52 49.99 52 50.29 32.5 
52 40.92 45.57 43 47.01 
13 17.64 18.9 14.99 13.6 
32 31.99 29.13 69 58.6 
54 52.59 62 51.54 54.99 
55.02 48.99 55 36.51 63.5 
30.99 29.9 26.5 24.59 25.22 
49.08 66.99 69.99 69.99 49.08 
46 56.9 22.15 38 39.34 
29 18.45 13.1 34.18 29 
76.88 70.89 73.98 89 77 
29 34.99 30 30.9 39 
119.9 118.5 108 119 89 
34.99 25 20.47 20.48 21.93 
52.47 56.9 54 57 51 
12.15 17 21 17.64 18 
14.35 13.99 13.28 13 18.9 
49.99 45 45 49.99 40.5 
89 142 77 74.42 76.88 
18.45 17.9 19 47 20.52 
79 69.9 69.9 69.99 65 
31 34.99 34.99 34.99 30 
40.29 44 45.29 47.01 55 
69 54 55 57 52.56 
109 104 99.9 99 125.24 
51 44.98 45.85 49.47 47.01 
44.99 49 44.65 45.13 44 
20.76 16.99 18 25 25 
10.63 17 18.45 10.58 13.53 
12.88 12 18.05 12.58 12.99 
51 34.9 47.01 44.99 45.85 
11.69 15.8 19 13.53 11.54 
26 29.9 26.99 25.22 27.68 
19.99 26.9 26.7 23.76 14.99 
74 88.5 79.9 72.74 77 
119 42.9 70.73 65 110 
55 73 54.99 79.99 79.99 
39 34.18 29.99 31.1 37.63 
17 26 15.67 22.03 39 
29.99 62 26.13 34 33.9 
15 15.04 15.04 21.99 16 
25.22 26.74 30 26.97 29 
39.9 61.17 69.99 73 29 
26.64 29 26.93 31.7 28.74 
68.99 73.19 73 48.31 54.9 
38.44 18.49 46 46 38 
54 49.08 57 49.99 51 
39.99 54.08 59.99 43.95 59.99 
20 38.99 18 18.61 34.18 
27 25.52 86 29.99 27 
11.69 15 17 14.12 18.45 
62 64.35 39.87 57 69 
46.6 53 54.99 46.6 49.99 
36.78 17.99 38 36.78 49.99 
54 54.99 51 48.55 62 
79 81.15 104.99 89 129.99 
32.09 34.18 35.67 35 42.99 
105.37 94 86.35 94.5 95.9 
19 15 10.39 18 19 
49.08 109 53 59.99 49.99 
56.43 59 26.9 26.19 34.99 
16.99 16.9 18 55 20 
53.61 59.99 58 58.99 54.98 
34.99 31 29.99 31 34.99 
52.47 51.36 65 47.36 63 
59.9 86 99.99 69 68 
49.08 49.08 54 51.99 57 
118.5 118.5 69.99 119 104.99 
13.6 12.15 14.99 17 16 
79.99 79.9 62.37 57 69 
51.54 51 49 51.06 54 
41.18 29.9 37.61 49.9 20.48 
52.56 55 57 59 57.21 
59.99 56 56 48.31 43 
14.52 16.49 22.99 16.9 18.45 
159.99 146 179 148.9 149 
26.8 34.99 27.99 27 26.06 
19.9 19.9 19.9 30.9 39 
34.9 44 51 45.13 42.19 
49 49 46.75 47 49.89 
20.76 10.39 22.25 18 19 
49.08 61.9 55.9 47.93 48.31 
34.99 69.99 109 29 48.5 
14.97 22 13 15 19 20.99 30 17.9 30 17 9.99 14.97 19.9 21 9.99 29 21 25 20 17.9 13 19 13 19 19.9 19 20.99 18 30 17 13 21 20.99 19.99 15 17.9 20.99 26 15.99 29 29 13 21 13.9 13 24 20.99 12 13 17.9 15 18 22 15 19 20 15 29 25 30 17 29 14.97 30 19.99 29 19 20 30 15.99 30 20.99 13.9 17.9 149.99 24.9 19.9 14.97 15 17.9 13 13.9 9.95 30 25 20.99 20 18 19.9 19.99 13 12 19 14.97 14.97 29 13 14.97 19.9 15 30 19.99 13 13 13.9 15 30 24 15.99 20 24.9 13 19.9 17 22 18 21 29 22 14.97 20.99 19 15 20 19.99 25 19.99 19 19.9 14.97 29 35 30 30 19.9 29 19.9 9.95 15 9.99 149.99 20 15 13.9 25 20.99 30 14.97 26 15 19 30 29 17.9 14.97 13.9 19.99 12 30 18 25 17.9 19 30 17 15.99 14.97 18 14.97 18 19 19 25 20 30 19 13.9 30 14.97 17 12 30 13.9 20.99 30 15.99 14.97 21 19.9 30 13 20 19.99 20 15 26 30 30 18 21 21 21 19.9 19.9 20.99 25 14.97 15 30 13.9 14.97 20 21 19 14.97 17 17.9 25 30 15.99 19 15 9.95 15 18 9.95 17.9 25 30 15 25 149.99 14.97 19 149.99 17.9 14.97 19.9 24.9 35 20.99 19.99 12 12 25 20 20 22 19 19 14.97 24.9 30 30 15 25 14.97 30 30 15 19 21 20 30 22 20.99 26 14.97 19 17.9 22 14.97 19.9 21 29 22 19 18 19.99 17.9 12 29 13 13 20 29 19 21 25 15 26 25 24 9.99 13 20.99 17 20 15 18 17.9 19.9 18 22 14.97 30 19 19.99 30 22 19 9.95 26 24.9 9.99 24.9 30 9.95 22 15 21 20 15 30 19 18 14.97 30 25 12 29 18 15 17 22 14.97 25 19.9 19.99 19 30 30 25 17.9 19.9 15.99 20.99 13.9 29 20.99 14.97 9.95 25 17.9 13 20 19.9 30 30 26 17.9 17 9.95 17.9 25 17.9 17.9 15 19.99 20.99 17.9 20 19.9 24.9 20.99 17.9 21 19 19 22 35 19.99 19.9 19 15 19 21 19.99 22 15 9.95 25 24 19 17.9 17.9 19 19 25 14.97 