5 400
28.34 27 29 32.9 29 
30 29.99 39 34.9 31 
16 18.9 21 17 13.28 
49.9 39.99 44.9 39 39.99 
34.9 47.01 47.01 49 46.3 
49.99 47 49.99 49.99 49.47 
32.7 49.47 52 43.45 34 
83.98 89 89 97 99.9 
18 16 13.6 15.99 12.15 
36.6 9.99 46 41 69.9 
26.9 43 34.99 22.99 27 
25 22.49 23.94 29.13 31.9 
25.22 25.22 26 24.33 30 
13.6 16 18.9 17 15.99 
31 39 40.59 35 37.63 
119 104.89 119 119.99 110 
26.93 28.74 26 25.08 29 
49.47 49 52 42.99 55 
15.04 16 19.9 14.11 14.06 
40 49.99 38.25 37.99 32 
59 57 56.05 53 51 
19.99 19 15 10.39 39.99 
31 28 31.56 29.99 29.9 
47.01 41.99 44.98 43.37 47.01 
109 102.09 109 110 102.66 
46.3 49.99 46.3 34.9 43.79 
19.68 22.25 19 14.69 18 
73.7 84.99 99.9 99.99 79 
26.4 21 29.99 9.9 28 
10.39 14.1 19.9 18 19 
48.18 49.07 49.9 49.07 43.98 
21 13.28 17.64 18.9 14.99 
69.9 74 72.52 72.42 89 
14.12 17 18.45 11.54 15 
55 50 44.99 53.06 37.99 
17 14.1 21.99 15.04 17.9 
49.99 58.99 54.99 44 40.17 
133.04 149 128 125 119.99 
59 46.19 57.03 59.99 58 
23.23 18 18.91 10.39 16.8 
26.97 24.69 30 29 26 
9.99 12.67 9.99 20 13.9 
12.09 21.22 10.94 25 10.99 
26 30 29.99 29.99 34.99 
38 49.99 39.34 42 46 
20.52 44.9 21.99 14.11 15 
52 48.89 52 43.79 46.3 
98 109 98 59.18 60.28 
100 96.69 88 98 94 
18 34.18 18 18.81 38.99 
22.25 16.9 13.83 14.34 14.99 
116.53 127.9 99.99 79.9 129.99 
39 49.99 57.99 59 49.9 
32.11 39.99 20.83 34.18 29.99 
58 61.5 58 59.18 61 
24.8 33.9 25 26.73 11.4 
30 18.45 29 19 16 
18.5 42.99 19 31 13.1 
27 27.98 39 27 26.08 
40.44 47 49 46 45.46 
51 52.66 49 52 54.99 
34.9 42.99 42.9 49 47 
26.91 30 26.99 24.33 29.9 
29.99 9.9 4.99 34.99 22.77 
42.99 44 46.99 44.65 44 
29.99 48.76 29.99 30 45.66 
52.32 51 109 62.9 69 
34.99 26.99 31 26 26.5 
72.52 72.42 73 68.78 89 
25 33.9 20.48 26.73 29.9 
12 12.58 16 13.28 12.88 
119 129 104.61 106.52 108 
13.6 14.99 13.28 18.9 17.64 
66.43 65.22 75 59.9 78.74 
53 69.99 56.05 52.49 54 
104.94 69.9 57 56.35 65 
44 46.11 43.71 34.99 29 
15.67 17 22.03 39 18 
29.99 49.99 54.9 44.9 48.5 
57 54 51 51 49.08 
19.9 19.99 69.99 15 49.9 
29 27.05 25.9 5.94 79.99 
79.99 64.99 39.99 61 59.8 
119.9 89 90 76.99 76.79 
31.1 39 45 34.18 39.54 
23.23 18 39.9 20 22 
19 18.45 17.9 20.52 11.69 
24.9 34.99 56 26.91 14.91 
51 45.98 34.9 42.4 52 
11.29 39.54 45 31.1 29.99 
12.58 18.9 13.28 13 18 
31.56 29.9 27.05 11.7 28 
51 47.01 52 49 49 
89.99 89.9 69 79 129 
33.49 16.9 9.7 30.67 29.9 
140.99 119.99 138 116 137.99 
117.5 109.99 109.99 119 109 
104.24 94.44 89 98.39 94.46 
111 109 108 108 114.91 
42.79 47.01 87 49.31 50.76 
16 21.99 15 18 20.52 
49.08 39.99 19 54 79.99 
29.99 24.09 41.99 27.68 44.55 
56 55.61 51 48.31 51 
9.9 4.99 29.9 22.57 34.99 
27.84 27.76 29.68 32.9 33 
119.99 128 109 137.99 89 
32.99 19 9.57 34.99 34.99 
14.9 56 4.99 24.9 26.91 
18 19 22.25 20 19 
132.38 129.99 119.9 131 118.99 
43.67 39 44.08 54.9 49.99 
8 36.63 9.13 37.99 43.9 
36.33 59.99 59 45.66 142 
109.9 94 91.91 119.99 99 
27 27 29 43 30 
12.09 20.3 18.13 11 19.16 
99 103.32 99.9 109.99 112 
34 29 27 27 28.71 
13.47 16.02 15 19 14.34 
26 25.9 29.9 29 11.9 
110.7 118 115 129 139.99 
79.99 69 115 79 79 
46.11 52 53.8 49.47 43.71 
49.99 53.8 49.99 43 48 
29 27 29 28.71 26.8 
39.17 44.28 34.18 28.71 39 
16.8 18 20 19 20.76 
21 47.01 42.99 49.99 49.89 
150 158.99 147 179.99 145.4 
10.39 18 17.71 20.91 17 
119 139.9 118.99 129 129.9 
74 73.06 48.31 70 79 
29 26 30 27.68 31 
27.21 29 26 26 29 
45.92 49.74 59.99 52.89 47 
44.99 49 40.83 51 19.9 
51 58 51 48.31 69.99 
76.47 65 62.17 62.37 93.69 
51.54 56 56.05 59.99 51.9 
16 19 13.88 15.21 15.04 
51.06 54 42.63 56.05 49.08 
27.99 29 29 27 25.76 
55 22.25 18.45 20 16.9 
17.31 18.1 15.19 24.99 18.1 
59.98 120.86 69 98.72 49.99 
18 18.9 13.6 17.64 13.28 
32 27 67.9 31.99 29.13 
54 79 49.08 86.9 54 
47.5 55 49 46.9 44.99 
114.99 123 106.17 119 99 
18 18.45 18 19 15 
62.71 58.99 57.81 64 62.71 
73 11.69 18.45 19 15 
27.17 31.1 30 39 54 
49 47.5 52 46 46 
109.99 99.9 95 99.9 125.24 
26 56.43 23.63 27 56.23 
43.01 49.99 49.99 49.99 54.99 
35.5 23.94 19 24.33 22.49 
99 251 114.99 119 109 
29 27 30 31 27.56 
59 39 49.9 57.99 66.99 
60 79.99 59.8 61 64.54 
57.2 58 58 58 69.9 
59.8 79 75.65 59 55.61 
49.47 44.22 49 52.93 39.9 
125 118 115.99 124 126.96 
9.9 29 26.64 31 24.33 
14.74 15.67 16.63 34.5 19 
14.99 13 13.28 15 13.6 
10.63 20.76 22.25 54.99 15.01 
9.9 24.99 31 28.67 29.9 
45.82 49.99 62 59.99 44.99 
22.25 20.76 18.45 20 11.69 
19.68 19.99 18 17 23 
54 59 56 142 57 
59.9 59 59.9 59.99 57.45 
55 29 49 50.29 56 
69.9 25 29.9 19.94 23.94 
16.53 18 47.99 44.28 35 
11.54 11.69 13.53 19 18 
19 17 13.55 17 19.99 
25.22 26 27.99 34.99 129 
113.75 31.7 34 24.33 26 
54.9 46.12 49.31 59.9 54.98 
15.99 19.99 15 39 18 
57.01 55 54.9 54 37.99 
17 19 17 13.54 18 
77 81 99 89.9 88.5 
46.3 43.79 47.01 49.99 49.47 
108 75.99 77 85 76 
59 54.99 59.99 59.99 52.99 
18.1 17.31 16 15.18 17 
25 34.99 33.9 20.48 27.99 
179.99 159.99 147 149 149 
76.99 88 140.99 131 128 
54.99 51.99 54 79 69.99 
18 15 16 15.04 20.52 
82.34 103.15 108 118.5 119.9 
51 62 49.08 51 57 
79.99 99.99 46.24 69 81 
16.04 24.99 31.91 27.06 32.99 
31 31 34.99 34.99 28.35 
69.99 118.5 79.99 55 108 
19 22.25 18 11.69 14.49 
45 50 53 59.99 39.9 
113.52 122.5 119.99 114 119.9 
50.99 43.4 43.05 38.58 41 
42 36.78 38 41 37.5 
13.28 12.58 13.6 17.64 15 
45.66 55.99 24.01 29.99 36.9 
34 29.99 26.91 24.58 24.33 
61 69 61.38 61 64.08 
49 35 45.57 53.8 52 
77 89.9 75.65 85 76 
150 147 149 159 179.99 
49.08 51 77.69 50 57.84 
16.8 17 32.9 16.8 42.99 
79.99 85 90.11 82.09 92 
73.5 59.99 16.9 11.03 11.12 
105 110 42.9 78.07 119.9 
99.99 72.99 79 72.99 71.34 
17.64 13.28 16 18.95 16 
12.58 13.28 19.9 18.05 16.84 
47 44.99 34 47 42.19 
54.9 54.89 42.33 49 46 
46.9 46.89 47.01 53.8 55 
47 48.5 44.15 44.99 40.83 
28.91 33 79 32.99 30 
42.91 47.5 47.01 49 51 
19 17 22.03 20 18 
102 129 119.99 99 103 
18.45 29 18.09 19 10.39 
42.63 51 41.86 51.06 56 
49.47 49 55 53.8 49.89 
11.69 17 19 18.45 11.54 
79.39 99 104.55 90.78 84.99 
121 112.9 114.02 129 118.38 
18.49 37.5 38 34 44.5 
110 105 104.61 106.52 99.63 
54 55 39 45.76 49 
69.9 69.9 58 59 62 
39 31.1 69 27.06 35.67 
48.5 27 32.41 69.99 30 
34.99 29.13 27 25.39 51 
56 48.31 43 54 55.61 
77 55 49 39.99 54.08 
24.69 26 26 26 28 
14.74 34.06 15.67 19.99 15.67 
59.99 47.01 47 49 49.99 
53 51 53.9 59.9 59.99 
129 154.31 153 146 151.4 
39.99 39.9 36.51 31 39.9 
62.37 66.9 269.99 93.69 62.17 
55 42.99 52 49.47 47.01 
64.28 89 39.99 85.96 61.96 
29.13 35.5 22.49 34.9 23.39 
15.67 19 19.99 26 22.03 
26.53 24.93 25.74 29.9 34.99 
54 41.34 43.05 48 46.03 
52.47 54 55.61 48.31 51 
43 39.49 14.99 27 39.99 
19 9.99 26 11.69 18 
34.7 43.94 42.9 42 43 
69.99 63 62.99 57.9 79.99 
51 49.08 47 49.08 51 
16.9 16.9 18.99 17 18.45 
58 99 79.99 65 57.75 
43 52 49.89 50.5 55 
49.99 59.99 44.99 53.8 49.47 
39.99 55 40.92 45.57 42.99 
79 42 43 42.93 45.99 
32 34.06 14.74 17 37 
26.13 29.99 29.99 29.99 34.99 
58 58 54.49 62.9 60 
13.14 14.11 17 4.99 3.9 
75 88.5 99.99 139 74 
52.77 54.08 54.99 50.76 52 
189.99 157 149 149.99 159 
79.99 11.7 28 25.9 79 
52 47.5 47.01 49.47 44.99 
56.99 52.89 45.92 58.89 47 
55 54 59.99 39 45.76 
29 29.9 31.7 26 28 
18 16.8 31 18.61 34.18 
99.9 44.99 80.71 79 108 
20.76 16.02 14.34 18.99 19 
99 99.63 129 103 103 
53 46.99 54.9 57 49 
50.29 55 44 49.89 49.47 
10.47 32.99 19.99 12.5 34.99 
109 98 98 57.26 94.96 
86.72 79 99 99.9 84.99 
289 60.07 62 69.9 54.33 
25 25 25.49 24.99 39 
13.74 15 18 10.39 19 
33.15 39.9 36.5 33.15 31 
119 34.99 59 59 34 
9.99 35 9.9 19 9.9 
117.77 107.05 119 109 106.4 
52.44 94.96 94.96 124 59.19 
57 59 69.99 47.93 56.05 
89 83.66 108 107 111 
65 70 78.07 79 55.61 
54 59.99 55.99 52.49 77 
78.07 119 70.73 73 119 
54.99 49.47 47 45.85 45.85 
97 89 92.9 89.99 99.9 
53.8 50.29 55 49.47 44 
19 18 15 15 18 
27 30.9 24.99 25.52 26.4 
128.5 119 123 118.36 119 
80 78.97 89.9 129 79 
22.25 17 17.9 19.99 10.63 
19.99 25 39.99 58.99 66 
30 28.22 27.99 30 27 
48.31 57 52.47 51 51 
153 146.31 139.35 144.99 135 
43 34.99 31 22.99 28.04 
49.89 49 55 45.77 56 
28.8 73 76.05 39.9 19 
59 54 52.49 55 59.99 
13.28 17.64 13.6 16 17 
28 26 31.56 29 29.99 
25 66 19.99 43 58.99 
39 19.99 17 24 18.49 
25.22 25.22 26.99 26.5 29.9 
109 108 106.95 110.16 89 
61 59 66 69 32 
13 17.64 14.99 16 18.9 
30 29.99 39.99 26.74 24.33 
49.31 44.22 42.79 54.08 48.5 
53.8 34 42.99 47 49.47 
61.9 52.49 48.31 59.99 52.32 
43 51 39.99 79.99 54 
49.99 116.35 49.99 49.99 119 
33.47 51 52.47 48.31 49.08 
45 54 55 46.99 50.06 
45.76 59.99 55 54.9 57.01 
25.39 19 27 29.13 29.13 
19.9 11.69 17 17.9 21.99 
179.99 149 145 159.9 179.9 
58 67 58 59 65 
19.99 19 17 18 15.59 
34.38 38 39.51 69 45 
73 49.9 48.31 82 54.89 
10.43 10.47 29.99 32 19.99 
89 99.99 87 80.71 90 
51 56.05 50 69 73.9 
34.06 17 26 18 19 
18 20 34.18 18 34.18 
48.31 51 33.66 49.08 39 
20.3 12.09 19.16 11 10.94 
58 99.9 59 62 69 
57 64.9 56.35 59.99 119.99 
45.4 39.68 41.1 49.9 59.9 
145.07 144 135 154 146.31 
17 13.28 14.99 17 13 
25 35.67 24.79 24.99 24.99 
39 16.63 17 17 18 
24.99 32.99 27 30.9 24.99 
19 20.76 10.39 19 19 
49.99 45.99 47.5 47.88 44.99 
54 54 56.9 49.08 53 
41.55 26 34 27.68 29.99 
20 19 18 19.99 18.45 
73.9 68.9 60.35 69.99 67 
61 58 57.2 52.47 54.74 
29.99 29.99 45.66 29.99 48.76 
23.94 69.99 69.9 29.9 25 
10.39 19 9.9 18 22.25 
51 53.9 49.9 57 38.61 
26 26 29.99 29 29 
49 49.99 29 47.03 47.88 
82 73.7 82 44.99 87.36 
69.9 55.45 59.99 60.3 58 
29.99 17 19.99 21.99 16.9 
49 49 55 46.75 44.15 
30 49 25.52 86 27 
23.64 22.78 23.64 22 25 
52.96 87 99 75 99.99 
72.74 79 89 90 88.5 
73.7 69 79.9 80.81 78.35 
19 14.34 15 11.69 14.39 
17 17.32 14.3 20 29 
106.95 107 95 129 107 
57 64.99 54 48.31 54 
56.99 59.99 55.45 69.99 69 
15 22.25 20.76 16.8 19 
39.87 62 64.35 61.01 79.99 
34.99 31 34.9 34.99 39 
19.9 18.91 15 18 14.05 
22.73 29.99 24.02 27 29.99 
88 100 104.99 90.41 99 
55.44 54.44 59 49.99 59.9 
20 26 15.67 33.9 22.03 
44 47 42.99 42.19 48.92 
19 19.9 17 13.55 17.79 
31 34.99 21 27 24.67 
29 14.97 30 15 13.9 15 17.9 15 19 14.97 25 19 18 19 13 12 17.9 17.9 29 18 30 30 30 18 14.97 30 19.9 14.97 12 25 21 12 21 30 30 15.99 30 20 12 13 17.9 15 30 9.95 22 30 15 20 26 13.9 17 19.9 17 30 15 20.99 13 25 26 17.9 15 17 15 24.9 18 21 30 9.95 9.99 13 20.99 17 15 19.9 19.99 19 20 149.99 19.99 18 24.9 17.9 20 26 12 17.9 20 16 149.99 15 15 25 22 30 21 19.99 26 19.9 19.99 35 19 16 13 25 14.97 17.9 22 14.97 19.99 29 35 29 14.97 30 13.9 9.99 21 9.99 19.99 15 13 19.9 13 19.99 15 19 21 19 20.99 24.9 15.99 29 30 13 22 19 30 25 24.9 30 15 21 17.9 15 30 9.95 20.99 17.9 15 17 9 19 17.9 13 19.9 24 14.97 13 19 35 30 30 24 25 35 9.99 21 13 9.99 30 19 15 30 13 30 19 15 19 19.9 13 21 35 22 18 25 13 15.99 13.9 25 19.99 13 30 25 17 30 9.95 20 9.95 15 29 12 19 12 30 25 15 15 14.97 18 19.9 21 19.9 24.9 15 18 17.9 9.99 19 19 13 30 0 13 15 35 149.99 29 30 20.99 17.9 18 21 19 15 30 18 25 30 17.9 30 19 19 18 19.9 19.99 21 20 9.95 17 149.99 15 18 25 15 19 24 22 24.9 21 13 9.99 22 15.99 14.97 24.9 19.99 19.9 19 13 19.99 30 25 25 12 20.99 15 22 13 15 14.97 25 15 19 19.9 30 22 149.99 13.9 18 25 30 9.99 25 15 18 14.97 30 19.9 13 20.99 19.9 18 17.9 25 24 19.99 19 25 14.97 25 19 30 23 19.99 20.99 9.99 35 17.9 19.9 25 22 30 13 15 18 19 18 22 19 19 15 17.9 15 15 21 19 26 20.99 22 19 20.99 30 24 19.99 9.99 19.99 18 13.9 18 19 13 29 17.9 19 20.99 14.97 20 19 30 15.99 20.99 30 30 15 20.99 19.99 20.99 26 30 19 30 35 22 14.97 30 15 25 13 17.9 25 13.9 23 21 25 21 30 19.9 25 19.9 18 13 30 29 9.99 29 20.99 17.9 19.9 29 19.99 