5 400
23.99 26.5 24.19 25 24 
86 65.99 23.23 73 69.99 
33 34.18 26.05 35.67 31 
95 94 84.99 90.66 94 
24.99 23.64 25 21.9 24.99 
16 16.84 16 19.9 12 
115 95.91 108 103 99.63 
46.3 49.9 44.22 44.99 47 
18 19 15 49.9 18.45 
12.15 13 18.95 17.64 16 
16 13.99 17.64 17 13 
27.99 31 25.76 31.9 32.28 
37 119.99 29.99 58.18 49 
42.42 49 78.72 43.84 34 
26.5 25.22 29 29.99 26.29 
109 56.05 61.9 59.99 59.99 
49.99 59.99 49.9 57.01 59.99 
54 48.31 49.08 53 51 
66.89 64.08 69 59 64.08 
8.8 34.99 56 26.91 34.99 
52.47 49.99 55 55.99 57.01 
24.69 29 34.99 25.22 25.22 
54.74 61 58 54.74 69.9 
31 35 29.99 34.18 28.71 
31 17.9 34.18 35 44.28 
148.9 149 149 146 179.99 
44.28 16 18 19 15 
19 10.39 11.54 20.76 17.9 
19 14.59 19 27.99 20.66 
44 51 34.9 42.19 44.99 
9.99 36.5 32.37 34.44 34.44 
35 35.67 30.44 33 33.61 
54 66.99 59.99 55.61 54 
17 18.45 17.9 17 18 
109 69 107 108.22 80.99 
57 48.31 77 58 55.9 
47.01 45.92 58.89 47 56.99 
29 28 29 30 24.33 
17 14.59 18 10.39 17 
34.9 26.91 34.99 34.99 34.99 
123.51 74 108 139 129.99 
45 59.9 44.9 54.5 49.9 
104.24 89 94.44 103 129.99 
14.89 19 14.59 44.28 19 
158 189.99 159 148.99 129 
16 17 17.64 18.9 13.28 
157 189.99 159 148.99 159 
133.99 108 103 103 105 
24.67 34.99 34.99 31 26.89 
49 39.9 52 55 52 
9.9 29 29 26.64 27.45 
17 22.25 20.76 14.39 10.39 
54.9 46.99 44 59.99 54.98 
13 18.9 16 17 17.64 
11.69 10.39 14.34 19.9 19 
49 44.22 47.01 59.9 49 
80.99 9.9 34 91 26.4 
39.99 25.74 26.53 29.9 34.99 
116.93 139.99 133 132 135 
48 45.77 29 49.99 46 
90.82 99.99 93.5 99 87 
54 55.99 49 45.58 52 
24.75 26 26.94 34.99 27.21 
73 11.69 19.9 14.34 10.39 
48.98 51.06 31.01 51 56.05 
40.89 28.99 42 39.99 40.16 
20.83 16.53 32.9 18 23.23 
26 39 28 31.7 28.99 
16 19 24.9 17.31 17 
17.99 19 20 14.69 22.25 
53.06 49 50.7 52 53.06 
49 34.9 52 43.37 49.47 
69.99 58 49.49 57 55.9 
14.34 9.99 16.8 19 19 
49 44.22 44.87 44.99 45 
49.89 47.01 49.99 45.77 49.47 
55 57 49.47 49 47.01 
15 10.39 17 27.99 19 
46.3 44.99 43 51 46.3 
29.99 31 26.93 31.7 29 
34.18 18.81 20 34.18 18 
25.22 29 26.29 26.5 28 
29.99 24.33 34 26.74 29.99 
34 25 24.79 35.67 25 
98 52.44 59.18 59.19 105 
60.07 58 58 58.43 59 
77 79 90 72.74 68.84 
34.99 28.58 29.99 29.99 24.69 
34.18 13.1 29 13.11 30 
35.99 26 29.99 34.99 33 
39.99 34.99 34.99 19.9 19.9 
14.34 22.25 20 18 13.83 
43.67 46 49.99 44.99 45.9 
16.63 18 17 34.5 18 
59 55.99 79.99 55.61 51 
105.52 109.99 108.08 108 109 
39.24 48.9 42 50.99 44 
19.99 18.45 22.25 19.99 26 
82 97.5 79.99 89 78.99 
11.54 19 18 17 17 
49.9 47.89 51.6 44.72 51.38 
28.99 40.89 40.89 26.05 41 
35 29 28.99 56 25.22 
49.47 59 51 47.5 46 
14.34 20 18 15 17 
117.5 136.99 119 119.99 109.99 
34.5 19 39 16.77 19.99 
30 35.67 19.99 26.05 29.19 
59 142 45.66 34.38 59.99 
69.99 89 49.08 69.99 54 
119.99 116.93 123 128 119.31 
29.99 34 31.91 32.99 24.99 
27.3 69.99 25.64 29.01 23.23 
13 18.9 17 15.99 17 
99.63 103 99 119 103 
49.99 59 53 57.99 51.6 
51.54 51 51.44 51 69.9 
118 111.71 106.32 114.84 108.22 
49 43 46.3 49 51 
55 45.57 52 49 43.49 
44.9 60.93 39 34.18 39.99 
62.9 54 56.05 56.43 48.31 
28.99 24.33 34.99 33 28 
29.99 26 31.56 26 31 
52.56 39 55 47.89 59 
27 28.99 25.22 29 25.22 
14.49 18 10.39 15.03 15 
53 29.9 23.94 19.94 22.49 
54 69.9 54 51 55.61 
14.99 18.9 13.28 16 12.58 
25.74 25 29.13 23.94 24.33 
64.54 67 59.8 59.8 56.46 
18.9 14.99 13.28 11.99 13 
29.63 56 39.99 29.15 28.51 
27 29 31.99 79 58.6 
43 49.99 44.16 44.58 41.22 
33.3 31 43 39.99 35.67 
43 51 54 69.99 54 
24.81 29 43 31 27.37 
159 159 129 159 149.99 
50 44.22 53 54.98 39 
42.19 47 44 39.69 44.65 
60 79.99 67 60 61.54 
42 42.96 47.24 43.31 47 
60.22 113.65 86 59 69.99 
14.52 26 25 25 16.02 
74.42 79 70.89 89 77 
123 119.99 132 123 119.31 
17 39 18 18 22.03 
9.99 19.9 11.46 7.36 8.25 
12.3 11.81 27.99 14 12 
65.99 27.3 27.3 23.23 25.64 
59.99 64.47 65 67 63 
108 119 106.4 100.4 109 
118.38 129 110.7 121.77 114 
51 109 48.31 59.99 51 
269.99 93.69 76.47 84.6 62.37 
109 108.22 107 129 89 
52.47 57 54 51 56.05 
13.53 17.9 11.54 11.69 17 
139.9 117.79 129 129 129.9 
22.25 19 19 13 9.99 
25.22 36 30.99 35 25.22 
71.5 14.9 1.99 10 34.99 
36.33 69 39.51 38 59.99 
99 119.99 103.98 95 89 
39 20 33.49 19.99 29.99 
48.31 51.99 66.99 88.5 54 
119.99 119 66.55 115 117.05 
16.04 31.91 25 24.99 32.99 
44.22 54.99 52 55.99 49 
54.5 69.98 77 58.84 58.99 
20.66 14.59 17 19 18 
47.19 47.19 40.16 43 46 
49.9 16.9 18 39 17 
31 27.68 31.7 26.91 26 
29 26 30 26.74 26.91 
29 26.74 25.8 24 29.99 
19.99 19 18.45 9.99 19 
109 89.99 99.04 103 103 
53.8 51 49.47 50.5 49.89 
58.53 61 54.74 61 52.47 
19.9 11.69 15 18 22.25 
42.19 52 34.9 44.65 42.19 
37 44.99 49.9 41.5 41.31 
17.9 14.1 19 20.52 15.04 
43 61.99 52.9 59 29 
85 67.8 79 95 80.81 
39 33.49 10.47 20 32 
34 29.43 26 29.99 31 
89 59.9 66 59.99 55.42 
45.92 59.9 49.74 49.99 59.99 
90.82 99.99 119.99 89 87 
18 16.9 16.02 18.45 13.83 
9.9 27.45 25.08 29 28 
13.6 16 16 17.64 11.99 
23.94 22.49 59 25.9 55.44 
123.39 107.49 114.02 119 124 
57.81 62.71 59.2 64 61 
37.99 9.78 36.63 18.48 8 
16.8 42.99 16.53 18 39.9 
16.63 18 18.49 14.74 17 
17.9 22.25 11.54 10.39 18 
15.04 14.11 15.04 20.52 15 
34.9 29.99 39 26.91 34.99 
48.31 51 55 59 55.44 
13.88 15 15 14.89 20.76 
43 58.18 37 29.99 58.18 
13.46 39 19.9 69.99 16.9 
59.9 47 59.9 39.68 44.4 
26 25 24.33 26 25.22 
17 18 10.58 10.39 13.53 
31 43 34.99 24.69 29.9 
16.8 18 16.8 11.69 18.91 
149 149 149 149 149 
119.99 64.9 69.9 124 55.9 
47.01 44.15 48.5 51 51 
50 61 50.43 59.99 61.49 
21.99 16 14.1 20.52 86 
108 107 79 119 79.99 
13.6 13 16 13.28 18.9 
51 47 48.92 39.69 49.89 
118.5 69.99 89 89 79 
14.99 18.91 17 15 18.45 
49.47 49.99 47.5 54.9 46.9 
15 11.54 17 19.99 13.8 
72.27 78.65 77.2 81 82 
52 47.01 50.06 44.22 53 
49.99 39.9 69.99 19 49 
71 56.05 48.31 55.9 69.99 
179 179 179 177 229.99 
25.9 16.99 19.99 20 15 
55.44 47.93 57 61.9 58 
25.88 25.39 28.71 29 29 
19.99 17 16.75 20 18.49 
60.07 39 58 62.52 59 
17 17.32 17 18 14.3 
19 19.99 18 17 17 
34 26.64 24.33 29 113.75 
127.27 123.51 108 125 129.99 
53.06 55.99 37.99 52 50.7 
16.84 18.05 12.99 11.6 12 
39.9 49 45 55 59 
16.8 39 18 19 20 
24.75 24.21 27.21 28 26 
14.69 20.91 19 19.68 17.71 
19 44.28 18 18 17 
14.06 15 14.11 13.66 15.04 
26.5 26.99 31 24.69 34.99 
30.2 30.41 29.9 35.14 32 
34 17.9 12.86 13.86 5.07 
119 138 84 76.99 89 
58 58 76.48 63.36 77.95 
19 17 16 18 14.89 
55.02 55 63.5 53.57 55 
13 15.32 20.76 16.8 18 
44.22 39.9 49 50.29 42.99 
67 71 67.9 62.85 66.33 
19 20 39.9 18 48.9 
99 84.99 108.5 88 100 
72.5 69 41.72 60.93 99.9 
49.99 116.35 37 49 114 
11.69 14.34 19 18 13 
59.99 77.9 55.43 44.11 61.01 
19.99 14.7 18.09 17 18 
26 34.99 19.99 31 25.22 
10.94 20.3 21.22 25 19.16 
86.07 86.35 79.99 93.44 94.5 
13.9 9.99 12.67 33.62 20 
49.99 54 55.99 49.9 49.99 
36.78 36.78 38 33.3 35.67 
29.99 33 31 26 35 
22.15 39.99 46 38 41 
16 14.06 14.11 20.52 19.9 
129.99 39 49.99 77 67.31 
19 17 24.99 9.99 14.34 
34.99 59.99 56.05 49.08 40.18 
9.99 17 15.6 9.99 13.53 
52 55 49 48.5 49.31 
206.5 199 229 205.9 219 
39.99 27.8 26 29 26 
33 33.45 33.45 25.31 30.27 
49.99 34.99 43.99 34.76 38 
52 40.44 46.9 42.4 46.3 
20.52 44.9 16 18 14.11 
24.75 39.99 29.99 27 28 
44 45 40.76 50.99 48.9 
49 46 47.01 46.3 51 
124.99 129 74.99 118.08 119.99 
29.99 34.99 30 24.33 34.99 
25 24 34 29.99 24.11 
77 27.86 29 29.99 35 
31.01 48.98 31 51 59 
15.66 19.68 17.79 13.55 17 
13.1 31 16 19 42.99 
69.9 43.9 36.63 69.9 8.25 
59.99 69 109 43 56.05 
54.9 59.8 73 74 49.9 
26.4 24.99 24.99 30.9 28.71 
67 69.99 69 58.47 73.9 
24 19.99 15.73 16.77 17 
33.9 34.99 29.99 26.73 62 
55.35 61 64 59.99 76.48 
39 31.88 86 26.08 29 
48.5 46.75 34 19.9 52 
51 55.9 48.31 69.99 58 
16.9 30 26.05 34.18 25.99 
15.49 18 79.99 17 13.46 
74.99 79 79.9 109.98 86 
46.77 53 54.9 53.61 49 
86 17 18.45 15.21 17.9 
29.9 31 26 29.9 28 
84.99 90.78 79.99 90.11 79 
18.9 11.99 19.9 16 13.28 
26.74 29.99 31.7 26 28 
18 17.71 20 19 17 
34.99 8.8 24.9 56 14.91 
41.99 42.99 51 47 44.98 
99.99 97 89 92.9 83.98 
108 107.05 111.15 79.99 108 
28 34.99 29.9 24.21 27.21 
146 148 140 141.81 86 
108 114.91 109 107.5 109.99 
25.24 29.03 29 26.01 23.76 
25.74 29.9 29.9 39.99 26.53 
119.99 114.99 122.5 119.8 119 
31 113.75 29.9 26 24.33 
23.23 32.9 29.99 39 28.71 
18.45 17 20.52 17.9 15 
18 19 15 19 19 
47 47 44 53 39.69 
25.22 30 29 39 31.7 
10.94 19.16 20.3 11 24 
24.75 23.36 29.99 22.73 39.99 
123 125.42 119.9 121.07 119 
21.93 41.18 49.9 25 20.47 
20 18 14.34 16.99 15 
58 39 52.66 46.99 51 
13 19.99 14 22.25 9.99 
42 49.99 42.96 40.5 40.5 
18 20.76 19 11.54 15.03 
70 108 54.9 43.56 69 
75.65 88.5 49 77 85 
138 94.99 123 122 76.99 
25.52 49 27 29.99 86 
49.99 49.98 47.03 52 43 
79 76.99 85 79 91 
93 99 89.99 88.9 78.99 
51 48.31 49.08 49.99 52.32 
55.95 62.86 70.11 69.9 57.02 
52 53.8 46.9 43 47.01 
52.45 30 19.99 17 13.78 
48.9 42 50.99 40.76 43.05 
103 100 103.99 94.46 109 
90 46.77 50.76 59.99 45 
51 52 48 49.9 32.5 
55.61 39 33.66 43 69 
39.51 41 69 59.99 59 
117.79 119 119 118.99 149.99 
19.99 19 15.67 19 33.99 
9.7 59.9 34.99 33.49 9.9 
57.21 59 142 52.56 59.13 
14.1 17 17.9 99 18.45 
31.7 30 26.74 39 27.68 
28 24.75 23.36 39.99 28.9 
11.69 18.99 18.45 18 19 
17.9 15 10.39 20.76 11.54 
59.99 59.9 49 49.31 45 
39 13 27.99 39.9 38.8 
39 19 15.49 15 79.99 
59.99 52 77 52.93 49.89 
16 18.5 34.32 31 34.18 
21.99 16.99 24.99 20.78 23 
49 44 48.92 53 47 
16 44.9 15 15 14.11 
45 50 84.99 59.99 86 
27.52 36.5 32 33.45 25.31 
64.9 129.99 59.99 56.35 69.99 
43 49 66.99 119.99 54 
34.18 16.8 35.67 18 26 
119.99 194 84.79 117.04 114 
57.9 62.99 62.99 64.93 63 
76.77 119.98 122 89 119.99 
59.99 54 54.99 54.9 52 
125 121.77 116.93 125.28 119.99 
36.8 49 49.9 40 44.9 
47.5 48 46 59 49 
13 17 17.64 18 14.99 
15 14.99 17 10.39 19 
49.99 32.9 51 49.2 53.8 
34.9 51 45.46 49.99 45.98 
129 112.9 129 122 129 
20 36 34.06 22.03 15.67 
12.99 13.99 18.9 13 17.64 
47 49.47 45.57 52 40.83 
125.28 119.99 132 123 139.9 
48.31 54 62 39 57 
64 64.54 39.99 60 56.46 
52.93 39.99 59.99 45 52 
11.69 19.99 18 20.76 18 
22 15 15 17.9 9.95 35 19 30 19.9 30 19 30 14.97 29 17.9 14.97 13 17.9 24.9 14.97 30 17 17.9 15 15 11 15.99 24 13 24 14.97 15.99 18 29 19.99 9.95 19 14.97 13 19.99 9.95 24.9 17.9 18 149.99 19 25 20 19 29 18 24.9 30 15 15 30 30 19.99 19 24 19 24.9 17.9 13 15 12 19 13 21 13.9 30 17.9 25 25 19 18 15 19.9 19.99 9.99 15 14.97 17.9 14.97 19 22 20 15 18 17 24 24.9 19.99 25 25 15 20 15 20.99 25 24.9 30 20 26 30 9.99 17 19.9 19 25 30 12 13 21 17.9 13.9 19 22 15 24.9 15 19.9 19 14.97 20 19 29 25 20 15 20.99 30 21 25 17 15 15.99 18 17 149.99 21 18 19.9 35 20 15.99 20 20 13 21 17.9 21 17.9 17.9 21 17.9 21 25 17 30 9.95 30 17.9 14.97 15 15 30 19 21 30 15 18 19.9 17.9 29 21 17.9 17.9 13 17.9 15 14.97 15 25 25 30 13.9 19 19.99 19 25 14.97 15 30 18 35 18 15 21 30 20.99 22 24 20 30 19 30 25 19.9 30 30 13.9 19.9 29 29 9.95 30 30 15 19.99 30 19 25 17.9 25 29 9.95 13 30 19.99 9.99 15 9.95 29 149.99 25 23 30 30 24.9 29 35 20.99 17.9 30 13 20 15 30 17 15 25 15 19.9 24.9 17.9 20.99 15 12 25 21 14.97 20.99 21 24.9 22 15 20.99 29 19 14.97 19 25 20.99 20.99 20.99 17.9 15.99 19 149.99 21 29 13.9 12 13 24.9 30 25 9.95 13 9.95 21 19 12 19 14.97 19.99 16 21 9.99 9.99 25 15 25 20 17.9 14.97 28 15 29 30 22 19.99 20.99 20 22 30 19.9 19 21 30 15 14.97 30 25 20.99 25 20.99 30 35 15 30 19 15 20 20.99 13.9 12 35 19.9 17 20.99 24 25 17.9 19.9 24.9 15 19.9 21 20 21 30 19 9.95 9.95 26 30 19.9 12 24.9 30 15 17 25 24.9 24 30 17.9 19.9 21 14.97 19 15 19 19.99 30 12 26 17.9 19 19.99 15 19 15 30 15 15 19.9 18 15 19.9 15 17 30 18 21 17 19 20.99 
