4 20
23.94 30.0 24.33 29.13 
44.9 15.0 16.0 15.04 
24.33 26.0 29.99 25.22 
30.0 26.0 29.0 26.91 
69.99 129.99 59.99 57.0 
17.9 21.99 14.1 17.0 
14.12 11.69 21.99 20.52 
34.76 38.25 38.0 36.78 
100.0 103.0 129.99 94.44 
23.94 53.0 19.0 29.0 
77.0 52.49 49.0 58.0 
70.36 49.9 65.0 79.0 
47.01 42.9 49.47 42.99 
38.0 49.99 36.78 39.99 
64.82 86.0 67.35 89.99 
29.13 27.0 35.5 25.39 
71.7 59.0 66.0 69.8 
39.69 34.9 44.99 47.0 
25.22 27.68 29.9 27.0 
56.0 40.5 45.0 44.0 
20.99 14.97 21.0 24.9 15.0 35.0 19.99 13.9 26.0 25.0 19.0 17.9 19.9 30.0 149.99 9.95 13.0 16.0 9.99 29.0