4 20
32.9 32.11 31.0 20.83 
79.0 72.74 79.9 89.9 
110.0 175.89 109.0 119.0 
73.0 55.61 73.19 68.99 
40.89 39.99 42.0 39.0 
51.44 79.0 51.0 64.99 
25.22 28.0 30.0 26.0 
15.0 16.9 16.02 19.99 
29.0 31.56 28.0 26.0 
40.92 47.01 46.0 35.0 
43.0 28.91 29.99 30.51 
44.0 51.0 45.0 49.99 
18.0 17.99 44.9 15.0 
19.0 33.99 15.67 17.0 
39.0 34.0 25.0 36.5 
32.28 29.0 27.99 28.22 
19.0 20.76 10.39 17.0 
132.38 118.0 131.0 118.99 
105.93 100.19 64.99 110.84 
34.5 19.99 17.0 18.0 
20.99 13.0 21.0 13.9 19.0 19.9 14.97 149.99 24.9 19.99 29.0 30.0 26.0 35.0 24.0 15.0 25.0 9.99 16.0 15.99