4 20
49.47 45.0 54.98 55.99 
57.0 57.27 69.99 59.0 
39.99 49.9 22.25 15.0 
57.01 50.0 47.8 55.0 
51.0 59.99 40.18 34.99 
47.0 49.0 49.99 43.0 
89.0 89.99 90.09 88.9 
14.34 22.25 19.0 20.76 
17.0 16.75 14.74 16.63 
16.9 22.25 16.02 14.72 
39.87 79.99 47.0 62.0 
13.28 19.9 4.7 6.08 
56.46 67.0 61.54 59.8 
34.18 16.0 15.32 42.99 
19.0 15.67 17.0 18.0 
49.0 48.89 43.79 46.0 
26.05 34.18 19.99 35.0 
28.0 34.99 26.99 25.22 
29.0 26.0 113.75 27.45 
22.57 26.05 39.0 18.0 
19.9 25.0 20.99 21.0 14.97 13.9 26.0 24.9 15.0 9.99 19.0 13.0 30.0 149.99 24.0 17.9 19.99 18.0 35.0 15.99