4 20
29.99 26.0 29.0 24.62 
26.0 29.91 31.56 24.59 
16.99 13.65 18.0 15.0 
30.0 29.0 25.22 26.0 
64.99 51.0 69.9 53.0 
39.0 35.0 33.9 14.74 
43.0 25.88 32.9 29.99 
34.18 19.0 30.0 29.0 
28.0 29.99 25.9 26.0 
26.89 34.99 27.0 28.35 
18.0 35.9 19.0 36.0 
15.66 15.0 17.0 23.0 
18.0 16.49 16.9 16.02 
89.0 51.0 86.9 43.0 
51.0 49.08 54.0 51.54 
49.0 44.99 44.22 42.99 
108.0 106.95 107.0 96.95 
55.0 49.47 45.0 54.08 
24.0 34.0 26.5 28.99 
103.98 102.0 119.99 97.0 
20.99 19.99 15.0 21.0 24.0 24.9 35.0 16.0 19.9 13.9 26.0 25.0 19.0 13.0 149.99 14.97 30.0 17.9 9.95 18.0