4 20
39.69 44.77 52.0 42.19 
28.0 29.99 26.0 24.79 
39.9 54.08 54.99 54.0 
55.61 69.0 43.35 64.18 
91.91 99.0 94.0 90.41 
69.99 43.0 57.84 51.0 
55.0 47.01 43.41 49.0 
11.54 20.76 11.69 19.9 
25.52 27.0 30.0 26.08 
45.9 29.0 49.99 49.47 
61.0 27.0 25.39 61.18 
42.99 47.01 49.89 49.9 
99.9 104.55 86.72 79.0 
19.68 17.0 14.52 14.34 
39.99 48.76 53.43 29.99 
49.9 20.76 10.39 14.39 
31.68 30.41 32.0 30.19 
16.0 15.0 17.99 38.0 
49.31 47.01 41.99 59.99 
89.99 84.99 93.99 93.69 
19.99 21.0 19.0 25.0 14.97 13.9 24.9 20.99 19.9 149.99 9.99 30.0 15.0 24.0 18.0 26.0 13.0 17.9 9.95 16.0