4 20
26.31 29.91 28.0 29.99 
17.0 9.99 125.0 15.41 
49.0 61.0 77.0 62.35 
19.9 45.57 49.47 46.75 
29.9 30.41 30.19 32.0 
26.0 29.0 31.56 25.9 
16.02 20.76 16.99 16.9 
19.9 11.69 19.0 10.39 
53.0 49.9 55.0 51.6 
17.0 14.74 22.03 39.0 
20.76 15.0 20.0 29.0 
51.44 43.0 52.49 56.05 
99.9 103.98 99.04 103.0 
55.0 52.0 44.22 49.89 
23.36 22.73 27.0 29.99 
118.5 104.99 79.9 119.9 
65.0 64.82 74.32 94.99 
57.0 52.47 51.0 59.99 
73.0 74.93 69.6 72.42 
119.0 78.74 62.85 64.9 
13.9 21.0 14.97 30.0 24.9 20.99 24.0 25.0 16.0 19.9 13.0 9.99 19.99 19.0 35.0 15.0 149.99 26.0 9.95 18.0