4 20
49.0 44.99 51.0 44.0 
77.0 77.2 89.0 142.0 
32.9 39.0 46.6 49.99 
68.29 65.0 64.47 73.9 
59.99 52.99 57.0 57.45 
99.99 58.41 57.16 82.0 
54.9 73.0 79.99 78.24 
34.0 28.99 29.9 25.22 
89.0 95.99 76.3 68.84 
42.99 26.57 27.06 49.9 
85.0 79.39 84.99 99.9 
15.0 16.99 22.25 25.9 
14.74 20.0 18.49 19.0 
31.0 27.68 24.09 26.0 
47.0 39.87 44.99 55.43 
18.0 14.1 19.0 11.69 
34.99 29.0 27.0 29.99 
18.45 86.0 15.21 18.0 
122.81 149.0 115.0 107.37 
34.9 19.0 27.0 31.9 
21.0 14.97 24.9 13.9 20.99 25.0 24.0 26.0 19.99 149.99 19.9 19.0 13.0 29.0 9.99 9.95 16.0 15.0 30.0 35.0