4 20
15.0 19.68 17.32 17.0 
19.68 22.25 15.0 10.39 
26.0 29.9 29.0 25.22 
51.9 51.0 55.99 51.54 
26.64 113.75 30.0 27.45 
35.04 51.0 32.61 79.99 
20.76 19.99 18.45 22.25 
99.9 99.0 142.0 109.0 
44.22 49.2 49.0 43.45 
48.0 86.0 69.99 44.77 
46.11 49.99 49.47 45.0 
18.0 22.25 14.74 19.99 
172.0 131.0 124.67 120.0 
16.0 6.08 14.99 13.28 
20.76 19.0 13.39 17.0 
32.9 42.99 16.8 39.0 
34.99 29.9 29.99 26.0 
26.19 29.9 56.23 26.0 
20.0 17.0 22.03 29.0 
44.9 15.04 20.52 18.0 
21.0 20.99 9.99 13.9 19.9 24.9 19.99 24.0 26.0 14.97 19.0 35.0 15.0 17.9 30.0 25.0 13.0 16.0 149.99 9.95