4 20
28.0 24.21 26.0 65.0 
115.0 79.99 120.0 119.0 
47.01 49.0 51.0 46.3 
59.8 64.99 60.0 61.0 
103.0 95.0 119.99 100.0 
53.06 49.0 54.99 52.0 
98.02 98.01 155.0 179.99 
35.0 43.6 44.99 38.58 
76.0 82.93 78.26 49.0 
18.0 17.0 15.03 11.69 
49.47 47.0 53.8 40.83 
18.0 20.76 11.69 19.0 
30.0 27.05 26.29 29.99 
129.9 23.94 31.56 25.0 
49.0 44.99 56.0 42.99 
25.99 19.0 10.39 39.99 
51.0 59.0 51.54 54.0 
35.99 29.0 26.0 26.29 
34.18 22.0 16.8 16.53 
40.5 49.99 48.5 42.0 
21.0 19.9 19.99 19.0 14.97 24.9 13.9 20.99 30.0 26.0 9.99 24.0 25.0 13.0 15.0 35.0 16.0 149.99 17.9 9.95