4 20
95.68 103.0 108.0 109.38 
53.61 54.99 59.99 45.0 
95.0 108.0 99.9 142.0 
79.0 65.0 69.9 62.0 
41.0 28.99 42.0 39.0 
49.47 51.0 49.89 49.0 
54.0 62.0 51.54 48.31 
39.99 35.5 56.05 35.04 
51.9 51.0 51.54 48.31 
26.0 19.99 9.99 18.0 
74.0 90.0 75.64 73.0 
59.99 77.99 54.0 73.9 
14.17 18.0 17.9 19.0 
51.0 51.54 55.61 52.47 
49.31 44.22 47.01 46.99 
49.08 53.0 51.0 54.0 
25.0 35.67 32.98 36.5 
74.0 69.52 75.47 139.0 
53.8 51.0 47.0 45.85 
59.0 49.47 29.0 55.0 
21.0 19.0 14.97 20.99 19.9 149.99 24.0 24.9 15.0 26.0 19.99 15.99 13.9 17.9 35.0 30.0 25.0 9.99 13.0 9.95