4 20
23.23 16.8 34.18 18.0 
18.0 10.39 20.91 17.0 
99.99 75.0 74.99 88.5 
11.54 11.69 22.25 19.0 
79.0 74.98 78.0 74.0 
16.0 15.0 15.04 38.0 
79.0 29.0 26.0 26.31 
27.72 29.0 25.4 32.99 
24.99 22.99 20.0 16.9 
43.99 35.99 41.0 38.99 
251.0 99.9 109.0 114.12 
18.45 20.52 15.0 17.0 
32.67 18.0 31.0 41.53 
79.99 69.98 69.0 41.25 
14.34 9.99 14.0 11.69 
32.99 79.0 39.99 27.87 
55.0 51.0 34.0 52.32 
116.77 123.0 122.81 116.87 
25.78 29.99 28.99 26.0 
59.9 49.07 41.98 49.9 
20.99 21.0 24.9 35.0 19.0 14.97 24.0 19.99 19.9 18.0 13.0 25.0 13.9 149.99 29.0 9.95 26.0 15.0 9.99 17.9