4 20
115.0 125.42 117.99 119.0 
16.02 16.99 15.0 14.34 
24.33 31.0 28.0 39.0 
33.0 30.0 32.99 28.91 
55.0 51.0 29.0 56.05 
49.99 56.9 39.99 41.0 
44.0 44.77 49.0 47.0 
55.61 73.0 73.06 115.0 
54.0 49.0 59.0 59.99 
45.0 29.99 39.54 11.29 
26.0 30.0 34.0 24.78 
18.0 13.0 16.8 18.91 
123.0 107.37 115.0 116.77 
99.0 160.16 98.02 98.01 
109.38 114.0 99.9 108.0 
32.0 39.9 67.47 69.8 
41.99 29.99 34.99 41.55 
49.99 65.0 129.99 49.0 
67.0 63.0 59.99 64.47 
16.75 19.99 14.74 16.0 
21.0 19.99 20.99 19.0 13.9 9.95 15.0 13.0 14.97 24.0 24.9 35.0 26.0 25.0 19.9 149.99 17.9 16.0 9.99 29.0