4 20
36.33 45.66 45.0 69.0 
122.99 115.0 122.81 107.37 
52.47 59.0 59.99 51.0 
54.0 49.0 52.47 46.16 
14.39 19.0 39.99 44.9 
37.0 59.0 116.35 114.0 
13.34 18.45 10.63 17.0 
42.9 53.0 47.01 55.0 
24.33 29.0 26.0 30.0 
80.81 76.99 79.0 67.8 
109.9 65.0 105.0 109.0 
119.99 127.59 119.31 139.99 
39.0 31.0 18.0 39.9 
14.34 15.0 20.76 10.39 
18.45 25.9 20.0 19.99 
38.0 39.6 34.99 34.76 
109.38 103.0 89.99 99.9 
19.99 20.76 13.0 19.0 
50.76 59.99 46.12 49.31 
19.0 52.45 47.0 30.0 
21.0 19.0 13.9 20.99 19.9 24.0 26.0 24.9 14.97 15.0 17.9 25.0 13.0 19.99 35.0 9.99 149.99 30.0 18.0 9.95