4 20
60.22 69.99 55.37 113.65 
54.0 49.08 48.31 55.0 
18.0 19.99 22.25 18.45 
19.0 11.69 22.25 15.0 
47.03 49.0 48.0 49.99 
59.9 49.07 59.0 47.0 
22.25 20.0 14.34 18.0 
110.7 118.0 139.99 114.0 
60.91 64.99 61.0 69.9 
48.0 59.99 49.0 34.0 
33.0 27.87 34.0 39.99 
135.0 140.99 119.99 90.0 
59.99 55.0 45.0 49.99 
45.0 49.99 48.5 42.0 
49.9 79.0 41.5 36.8 
38.0 46.0 18.49 42.93 
15.0 14.99 14.05 18.0 
19.9 13.13 47.0 69.99 
18.0 13.26 17.9 15.04 
69.98 43.35 41.25 79.99 
13.9 19.9 20.99 19.99 24.9 19.0 14.97 26.0 21.0 9.99 15.0 30.0 24.0 25.0 18.0 13.0 16.0 35.0 29.0 17.9