4 20
31.91 24.79 33.95 32.98 
20.76 14.49 11.69 18.45 
49.08 54.0 53.0 51.0 
22.25 13.74 19.0 14.99 
34.99 34.0 30.0 27.0 
54.99 57.0 59.9 59.99 
100.0 103.99 89.0 119.99 
18.0 16.9 22.25 10.39 
18.0 13.53 20.76 11.54 
55.0 59.99 54.99 49.9 
30.37 49.9 39.0 44.9 
40.92 55.0 46.9 41.99 
19.0 17.79 19.9 18.0 
31.0 11.29 34.18 29.99 
19.0 15.41 18.45 22.25 
13.11 30.0 13.1 34.18 
59.99 34.9 52.0 49.0 
47.0 46.99 42.99 53.0 
26.9 26.19 27.0 28.0 
140.0 86.0 144.0 151.4 
19.9 21.0 25.0 14.97 19.0 20.99 24.9 15.0 13.9 13.0 24.0 9.99 35.0 19.99 30.0 9.95 16.0 18.0 26.0 149.99