50 240
36	23.19	108	142	42	70	113.04	146	117	35	78	96.68	51	52	129.62	28	92	16	97	20.24	26	13	84	15	53.52	47	34	126.34	109	91	139	44	1.86	31	55	125	87	98.48	105	122	99.5	23	45	29	97	3.06	146	128	72	61																																																																																																																																																																																														
51	49.17	28	113	89	10	82.35	32	95	99	71	40.18	1	79	96.81	79	80	82	40	39.54	133	70	74	146	110.62	92	88	72.59	108	82	127	41	112.41	144	123	2	83	7.02	19	141	10.98	101	109	144	51	33.98	59	65	121	149																																																																																																																																																																																														
147	32.37	106	4	72	20	109.93	6	74	84	62	31.33	2	142	83.06	108	103	16	75	5.08	62	108	10	54	29.2	24	42	139.62	111	82	24	4	49.37	29	25	15	145	78.59	21	109	91.55	60	60	37	52	3.25	61	70	141	67																																																																																																																																																																																														
6	35.6	72	84	75	133	86.68	42	108	147	124	10.01	99	48	68.07	50	37	127	9	119.49	44	49	14	79	49.98	9	29	67.45	81	103	50	12	8.85	73	101	50	89	46.79	132	57	43.79	2	76	49	51	41.71	5	77	33	128																																																																																																																																																																																														
45	15.66	109	4	67	92	1.29	101	117	104	63	84.92	113	114	20.27	121	17	92	130	105.84	150	143	84	136	54.04	38	81	130.03	123	34	88	148	25.85	12	91	55	75	56.02	148	88	15.38	3	67	126	118	91.04	62	98	51	61																																																																																																																																																																																														
112	4.32	45	128	135	84	137.55	70	35	12	5	47.62	87	41	125.91	70	92	101	16	131.65	108	43	82	105	130.12	109	57	126.66	21	18	78	25	81.15	123	2	73	113	65.99	146	93	139.47	50	15	149	106	101.19	102	108	14	102																																																																																																																																																																																														
80	116.64	29	129	40	57	132.47	121	35	37	35	31.03	107	127	69.83	29	23	12	23	67.7	91	73	58	145	53.2	27	149	93.17	105	99	90	86	33.64	114	19	125	92	119.3	66	86	88.19	47	84	27	124	62.04	115	90	126	63																																																																																																																																																																																														
123	36.25	50	76	147	5	17.13	128	112	68	98	66.17	124	53	11.39	23	97	42	54	89.1	9	7	125	127	13.05	64	93	39.76	134	50	12	61	5.33	77	44	12	100	9.51	27	70	54.74	135	137	84	21	44.68	112	94	60	111																																																																																																																																																																																														
69	46.7	104	57	48	108	21.57	98	20	14	7	33.69	96	147	26.79	15	112	32	57	99.62	51	87	124	30	90.08	64	112	128.25	13	43	31	103	26.14	88	22	96	78	8.13	60	7	3.3	51	124	109	107	122.96	96	127	37	79																																																																																																																																																																																														
6	104.76	44	34	123	4	82.85	95	71	109	56	28.76	51	146	139.24	141	32	30	6	111.53	100	46	23	54	41.39	113	12	5.23	5	101	12	112	85.62	78	59	138	1	136.25	21	61	30.26	103	111	122	30	112.68	148	99	150	7																																																																																																																																																																																														
83	24.28	73	108	65	19	100.93	123	146	132	40	114.16	63	137	86.58	120	6	18	79	94.75	52	1	13	5	105.33	50	71	96.82	5	40	75	83	10.08	87	30	43	66	85.88	51	69	134.77	44	69	122	100	61.82	100	64	130	74																																																																																																																																																																																														
1	7.21	71	92	92	76	149.54	32	103	16	35	134.42	63	102	30.39	146	140	77	32	9.63	115	64	103	133	99.37	56	106	139.22	144	28	138	108	78.14	45	58	34	68	95.66	22	99	143.98	21	103	63	32	35.42	60	25	92	86																																																																																																																																																																																														
71	84.92	48	70	49	99	7.16	59	23	129	101	73.07	61	80	62.43	85	37	104	133	35.11	94	27	107	119	49.72	38	31	30.16	92	114	53	56	114.77	62	87	90	105	140.51	135	77	113.7	2	118	134	117	52.58	99	69	104	56																																																																																																																																																																																														
84	125.1	36	63	92	121	37.02	92	84	103	72	106.83	112	112	63.33	59	42	46	45	6.86	91	32	93	58	85.87	134	99	29.54	105	3	136	15	117.14	42	87	110	51	135.17	16	73	90.32	123	78	130	143	20.42	92	149	41	92																																																																																																																																																																																														
81	12.95	38	96	138	19	103.74	78	43	69	26	3.51	54	142	111.77	82	44	111	7	114.28	106	135	52	110	41.77	1	70	125.67	97	15	55	129	75.94	79	29	4	148	81.36	81	8	113.19	8	47	150	30	79.02	50	144	94	79																																																																																																																																																																																														
135	67.29	100	23	96	90	71.07	77	44	134	108	110.16	86	97	59.21	7	124	27	135	69.51	11	79	93	134	67.16	14	136	97.31	89	40	102	40	97.59	47	65	110	67	32.29	51	89	89.53	83	6	108	55	7.6	119	103	89	127																																																																																																																																																																																														
93	8.29	100	56	95	124	135.28	68	68	133	146	97.36	59	13	48.55	112	88	12	75	21.81	5	45	16	55	1.36	97	1	128.72	131	137	57	110	113.03	35	54	76	110	125.28	71	123	4.83	126	147	117	98	95.46	45	10	126	1																																																																																																																																																																																														
137	95.2	37	19	130	77	140.27	138	92	104	93	30.71	36	10	59.3	89	89	37	83	65.2	19	132	89	136	89.38	67	37	128.39	90	60	133	83	73.44	51	59	126	143	3.97	66	32	102.48	98	143	33	63	106.8	146	111	131	97																																																																																																																																																																																														
131	96.68	9	37	58	53	40.75	123	114	146	40	115.1	133	33	90.72	145	90	142	82	96.42	51	39	74	145	45.1	134	32	95.87	102	50	31	78	141.3	92	104	57	25	16.01	12	44	37.96	124	80	56	68	110.5	4	133	15	91																																																																																																																																																																																														
107	91.56	126	51	64	3	54.55	51	41	96	79	67.65	45	12	131.19	47	110	82	56	87.51	33	31	107	50	105.92	2	26	84.21	28	16	63	116	8.28	55	102	129	118	39.69	106	70	15.11	92	77	144	92	75.54	69	97	122	49																																																																																																																																																																																														
138	35.08	150	2	1	109	95.24	77	140	135	56	42.85	19	121	123.33	119	91	115	75	54.91	64	93	101	54	18.26	10	121	31.34	65	100	144	33	148.33	48	108	25	147	138.56	93	118	141.03	66	48	88	24	68.6	38	71	73	59																																																																																																																																																																																														
55	139.35	119	33	39	86	1.22	37	25	89	9	80.85	80	136	48.23	113	56	43	31	26.27	49	8	138	145	68.74	121	30	56.51	68	100	146	96	61.26	72	103	3	77	20.44	137	35	41.16	4	75	46	130	32.94	131	122	98	22																																																																																																																																																																																														
60	7.84	138	91	21	86	60.7	149	116	110	54	59.27	139	14	9.24	120	33	77	31	126.94	92	105	4	94	58.33	101	92	66.51	112	74	121	146	80.41	142	135	116	3	53.09	49	124	50.71	131	20	15	91	18.85	50	47	124	145																																																																																																																																																																																														
137	131.94	15	32	17	92	10.82	117	134	111	110	147.35	147	7	127.65	100	59	141	124	76.73	72	145	55	70	131	93	9	116.88	69	92	21	78	42.21	52	31	112	43	43.15	21	90	56.93	127	15	97	115	52.16	28	41	142	125																																																																																																																																																																																														
51	82.93	49	38	96	96	7.61	58	23	93	50	136.03	143	75	137.81	62	142	43	145	66.18	4	83	57	85	63.46	5	10	19.18	126	133	20	62	59.86	43	105	120	109	69.83	65	67	46.88	148	143	106	41	99.37	84	109	67	49																																																																																																																																																																																														
6	129.12	119	88	62	25	22.01	138	132	126	115	67.32	86	146	131.64	103	10	49	117	116.03	71	24	55	97	25.03	4	15	68.17	100	116	98	107	127.25	144	106	89	146	57.03	139	97	135.99	104	120	55	73	93.89	88	122	6	114																																																																																																																																																																																														
60	135.72	1	121	141	82	103.69	32	116	99	88	138.13	68	48	122.6	144	73	59	42	102.42	138	22	9	82	9.63	109	87	9.23	48	75	128	11	141.9	76	117	39	26	10.42	102	122	129.44	33	74	124	38	96.18	44	113	142	124																																																																																																																																																																																														
102	25.51	92	50	23	18	83.48	36	127	19	66	14.79	48	141	54.41	91	67	58	17	62.63	73	44	140	104	5.37	19	132	63.78	111	122	69	21	126.86	144	47	95	142	134.32	119	52	70.51	42	69	138	36	10.81	7	57	6	134																																																																																																																																																																																														
39	64.27	130	139	45	51	45	147	58	34	114	137.04	60	110	135.06	94	37	134	41	46.92	117	85	66	74	68.24	10	22	2.83	31	101	47	113	4.89	16	39	134	129	8.08	3	105	84.87	82	97	16	112	99.38	27	36	89	117																																																																																																																																																																																														
100	105.88	19	107	142	121	109.26	1	126	96	103	42.48	37	104	30.89	118	134	133	100	134.75	146	133	68	111	79.62	131	87	52.93	92	107	79	121	72.27	92	19	95	41	90.38	103	100	78.72	101	36	122	69	70.52	42	8	120	15																																																																																																																																																																																														
8	27.06	95	135	16	41	143.64	7	28	84	93	101.15	61	7	127.19	16	149	128	116	86.54	48	135	133	89	42.98	65	43	71.45	112	34	129	133	48.44	70	111	40	54	92.02	120	23	42.41	87	91	86	79	77.03	130	54	137	46																																																																																																																																																																																														
18	121.6	17	53	114	64	147.79	144	144	53	13	109.83	59	48	29.84	48	150	68	46	28	56	146	9	50	147.47	118	116	16.78	28	98	102	11	136.15	47	97	149	15	24.12	123	127	112.8	68	97	68	92	82.82	59	42	130	30																																																																																																																																																																																														
59	3.55	59	75	9	56	99.74	88	105	79	88	23.1	148	111	59.74	13	122	60	118	109.76	109	104	124	91	146.61	20	52	59.4	23	90	122	127	121.31	42	120	32	30	58.01	4	93	51.31	23	6	143	137	60.66	2	25	112	123																																																																																																																																																																																														
28	145.53	69	52	119	51	14.82	102	31	88	147	95.59	140	37	92.76	64	101	41	110	141.41	23	82	79	61	90.79	24	80	134.08	111	11	64	147	81.36	95	79	29	108	47.48	50	136	9.62	82	49	120	84	149.67	123	145	117	32																																																																																																																																																																																														
136	56.04	65	138	135	93	3.31	48	94	67	29	127.03	62	78	140.42	44	16	18	62	113.76	27	100	75	75	140.96	125	2	25.77	30	142	89	49	92.43	147	49	40	13	130.39	6	33	5.51	33	51	62	138	134.73	94	96	129	102																																																																																																																																																																																														
37	31.23	15	73	120	129	77.2	140	51	69	125	14.98	4	85	35.53	99	141	80	144	78.49	58	145	127	55	4.16	54	69	128.68	13	104	78	137	98.14	113	35	27	6	11.88	29	75	54.05	102	145	109	17	64.9	12	116	7	11																																																																																																																																																																																														
132	14.6	107	74	42	68	93.1	124	100	19	100	76.42	127	140	118.65	51	20	99	118	111.48	119	140	117	29	88.59	94	128	45.5	119	66	10	69	103.06	99	54	65	32	140.42	25	125	90.86	37	125	34	26	136.77	127	97	139	35																																																																																																																																																																																														
6	50	80	63	102	122	113	90	143	5	88	89.24	111	53	77.93	140	61	72	129	132.35	146	142	76	107	145.96	90	18	68.47	30	85	147	138	97.18	14	128	133	17	31.55	72	59	33.27	124	61	15	111	63.85	130	35	21	11																																																																																																																																																																																														
89	96.63	31	74	111	80	145.7	147	131	120	36	126.49	65	87	39.49	120	16	52	61	82.92	65	115	127	49	115.58	36	122	134.46	149	20	110	136	136.14	122	24	102	55	98.41	1	74	1.5	27	9	94	51	134.92	2	99	106	6																																																																																																																																																																																														
102	105.43	53	51	45	121	25.12	81	117	19	97	52.98	8	8	42.92	111	59	38	22	44.94	105	150	56	46	135.2	129	45	17.51	46	13	52	115	80.78	63	76	133	59	116.95	116	42	125.67	100	125	108	124	75.17	118	4	54	117																																																																																																																																																																																														
31	123.03	135	92	135	118	137.08	12	26	106	103	26.87	3	116	93.69	75	73	14	46	20.06	72	123	10	139	2.24	119	76	31.43	102	23	23	77	79.32	34	49	69	52	20.34	83	29	31.62	110	43	43	12	143.5	131	68	127	101																																																																																																																																																																																														
91	32.65	8	74	114	14	76.29	84	77	90	62	148.61	89	54	80.46	104	126	52	118	123.96	23	40	102	60	99.48	113	115	94.12	64	118	51	119	139.1	95	96	15	104	53.77	145	63	84.1	130	148	139	121	37.65	120	31	133	126																																																																																																																																																																																														
47	25.07	57	135	77	41	43.71	60	13	119	69	138.19	7	82	92.41	96	5	142	21	103.27	2	122	34	75	89.71	95	118	138.56	61	121	135	91	58.1	87	110	65	117	59.14	113	56	102.36	125	37	36	65	67.27	138	107	143	90																																																																																																																																																																																														
37	67.67	32	71	4	23	29.2	34	12	121	106	38.93	121	32	107.9	3	102	133	41	149.42	95	116	27	65	20.02	149	145	131.02	102	146	74	117	33.33	107	126	37	38	135.01	92	107	53.44	112	52	97	129	121.19	71	79	43	62																																																																																																																																																																																														
96	15.41	98	102	112	125	89.94	40	25	138	48	93	45	32	114.7	96	100	148	150	131.52	138	73	78	64	90.9	8	15	39.89	30	73	1	123	48.67	10	45	16	21	102.12	62	97	26.54	108	57	133	92	134.08	39	27	75	30																																																																																																																																																																																														
60	77.12	72	83	20	119	112.34	51	56	139	94	128.71	80	106	137.96	21	85	120	29	106.43	23	89	89	10	1.48	57	43	78.73	27	103	141	75	69.95	83	44	127	62	140.74	132	142	110.4	112	13	3	50	33	6	138	103	84																																																																																																																																																																																														
2	124.56	102	84	58	45	46.5	113	123	98	59	86.12	90	18	22.08	88	145	49	138	139.36	130	125	12	137	95.87	93	105	28.89	46	65	124	65	33.8	36	137	22	91	90.3	27	97	98.21	42	88	12	108	116.51	143	78	104	46																																																																																																																																																																																														
96	63.53	129	95	84	57	52.97	18	9	65	105	60.99	119	46	11.42	35	141	49	124	60.36	33	46	24	99	72.17	97	42	43.47	73	57	84	31	21.22	71	133	58	63	9.41	64	27	55.24	19	117	127	26	144.74	32	61	86	73																																																																																																																																																																																														
47	127.25	15	17	82	119	88.6	120	38	33	8	51.98	150	13	95.24	16	114	115	53	2.75	37	10	122	59	32.79	31	55	85.92	64	34	144	45	44.32	23	110	140	33	81.07	35	31	30.32	42	43	102	120	148.46	135	24	72	98																																																																																																																																																																																														
47	37.3	144	67	8	46	99.43	149	46	123	130	133.47	121	18	6.35	37	126	119	26	124.06	115	74	28	150	37.3	104	32	121.68	9	90	89	31	135.4	63	11	22	88	6.23	32	105	49.11	72	53	59	3	118.42	10	31	73	150																																																																																																																																																																																														
75	86.19	92	78	97	130	35.61	60	40	144	118	90.18	103	17	45.22	18	109	121	95	111.5	95	144	129	105	79.04	120	95	69.16	68	137	41	29	142.83	32	26	20	72	47.81	78	32	134.81	120	119	78	135	128.02	124	75	84	64																																																																																																																																																																																														
43	63.64	146	133	80	57	125.34	2	122	79	56	27.57	68	146	106.88	53	122	16	53	135.1	71	43	6	64	100.5	61	143	88.26	126	137	107	6	121.5	113	128	131	74	64.05	121	68	123.94	118	22	9	44	90.37	102	128	19	35																																																																																																																																																																																														
27	41.77	57	4	69	126	104.44	25	132	35	94	67.28	95	38	83.72	3	30	40	66	127.56	135	28	90	14	57.71	41	7	4.51	133	142	80	99	107.78	91	53	7	26	80.41	64	100	51.03	55	123	69	46	22.58	121	136	114	96																																																																																																																																																																																														
128	101.96	94	16	112	78	114.72	34	80	24	9	47.92	40	51	81.62	9	43	129	90	122.29	79	16	65	127	147.05	130	72	81.09	104	62	36	138	108.02	12	136	57	122	60.08	77	127	36.2	125	62	9	53	105.72	111	109	55	53																																																																																																																																																																																														
139	76.84	32	94	94	141	118.47	28	108	49	76	65.28	57	77	77.18	58	14	26	90	51.91	142	134	32	52	77.08	113	114	76.85	97	108	74	70	26.18	134	120	11	87	147.72	43	41	60.04	12	19	88	120	57.9	34	44	32	88																																																																																																																																																																																														
19	34.23	51	93	51	103	71.54	81	150	83	95	19.72	118	14	119.95	101	24	136	82	100.6	89	143	121	133	107.67	31	10	6.83	37	101	112	135	88.03	9	24	6	113	33.61	126	41	71.34	68	21	104	36	115.52	105	37	69	52																																																																																																																																																																																														
2	84.87	78	147	92	126	31.09	57	78	104	46	131.77	7	55	76.59	36	33	118	40	116.74	141	114	119	132	34.97	140	57	143.34	40	145	8	48	132.08	8	62	119	141	8.17	93	116	1.74	134	84	1	6	101.44	71	51	73	131																																																																																																																																																																																														
147	89.77	49	143	114	94	120.12	28	69	106	90	105.72	105	39	9.75	39	139	142	116	56.69	22	12	137	69	136.08	20	10	14.65	47	60	3	24	69.55	18	74	146	65	19.64	127	90	121.37	33	96	49	95	92.5	63	85	64	47																																																																																																																																																																																														
118	136.49	33	56	148	21	54.69	44	59	83	96	107.59	2	94	28.09	44	142	36	8	79.03	128	148	107	23	100.75	2	109	51.04	39	135	24	147	129.29	9	78	70	104	28.19	66	78	118.37	115	15	107	42	38.1	60	87	36	72																																																																																																																																																																																														
131	33.69	36	68	24	46	65.41	99	20	16	36	86.09	31	144	81.51	120	143	59	138	125.66	58	54	88	112	75.85	43	58	20.5	3	24	134	88	78.1	57	140	1	63	134.62	58	29	70.71	68	24	26	83	18.35	1	140	41	120																																																																																																																																																																																														
70	146.75	23	55	148	39	108.36	43	94	139	109	34.78	125	86	13.94	101	136	147	147	3.42	106	99	52	129	98.88	14	21	35.53	71	83	143	116	96.27	89	17	96	120	91.57	82	136	145.48	70	125	14	67	69.92	98	109	141	112																																																																																																																																																																																														
139	1.24	74	135	90	122	136.1	75	5	142	52	80.78	99	115	27.61	3	6	75	44	121.9	103	82	53	97	110.19	47	62	122.99	65	84	112	132	133.05	134	142	19	62	45.19	39	37	90.87	150	116	66	16	132.75	67	39	93	14																																																																																																																																																																																														
37	100.12	13	104	59	64	116.71	86	125	36	53	15.46	10	75	71.98	78	122	108	51	96.96	43	98	55	146	147.07	142	24	63.52	59	112	52	6	140.48	42	80	21	150	51.56	93	3	35.4	5	135	47	137	89.48	117	89	146	149																																																																																																																																																																																														
4	45.28	121	84	60	122	119.39	136	48	40	123	142.52	34	1	84.08	8	113	59	31	70.65	137	95	6	99	94.31	104	136	7.45	18	2	138	145	96.51	87	110	2	94	40.91	26	53	65.34	66	50	62	75	39.66	143	89	3	36																																																																																																																																																																																														
83	130.29	31	42	87	123	133.71	6	119	12	36	84.49	23	146	33.48	114	44	116	85	59.26	66	49	44	97	32.02	130	90	148.43	111	146	12	20	141.56	109	125	104	25	42.84	6	117	36.79	27	18	10	50	86.35	114	130	129	59																																																																																																																																																																																														
104	146.74	61	131	39	103	18.04	40	142	5	14	104.89	141	40	29.36	134	2	26	47	132.67	68	44	145	101	26.57	62	116	58.7	19	113	3	130	46.86	62	127	24	72	23.62	127	100	10.88	14	42	61	35	147.86	135	88	28	16																																																																																																																																																																																														
31	109.69	74	81	94	130	134.28	76	64	21	97	72.04	92	94	97.3	1	129	64	27	139.97	60	111	93	36	37.13	83	37	56.56	125	140	80	144	3.02	74	73	125	108	16.89	17	117	14.6	109	75	111	7	103.98	41	65	6	3																																																																																																																																																																																														
96	35.36	65	59	44	58	55.13	40	25	66	149	51.56	79	68	126.22	148	49	122	55	52.55	131	55	60	39	65.27	92	103	117.89	29	92	92	61	129.5	60	37	90	94	55.14	3	93	9.5	53	97	120	101	56.77	136	70	78	49																																																																																																																																																																																														
128	148.15	41	60	53	40	38.07	13	108	109	81	28.77	148	58	72.75	38	6	95	144	74.13	122	72	95	27	96.4	28	8	65.45	115	32	20	135	2.98	147	85	57	125	25.75	21	9	113.37	95	13	25	5	147.87	140	88	144	64																																																																																																																																																																																														
126	135.58	128	132	63	42	119.66	53	75	85	19	15.04	59	119	2.25	66	36	55	120	121.86	43	36	134	49	91.24	85	81	137.68	70	22	100	34	136.6	30	11	106	120	20.1	45	68	82.51	133	106	64	109	45.73	140	117	102	42																																																																																																																																																																																														
141	108.5	97	15	2	59	129.93	34	50	115	116	91.23	82	48	54.98	21	28	122	112	37.25	70	1	56	107	89.42	146	87	83.52	144	149	40	88	126.56	29	29	37	7	102.34	79	140	142.92	93	56	119	108	117.54	51	98	3	50																																																																																																																																																																																														
33	72.55	89	146	7	14	117.43	81	37	62	49	57.72	45	3	69.87	147	44	120	23	32.56	34	115	111	141	73.02	39	101	24.1	89	102	45	99	19.75	14	58	76	70	105.93	137	73	24.11	119	142	69	149	92.56	117	40	34	92																																																																																																																																																																																														
31	49.33	119	70	77	50	33.22	26	146	33	93	103.75	50	34	52.41	80	19	73	16	2.59	66	113	44	123	103.34	53	38	145.82	74	44	60	23	50.17	24	92	91	94	120.73	46	12	129.89	111	53	3	93	71.98	2	67	145	105																																																																																																																																																																																														
75	100.49	80	40	50	113	2.86	72	27	96	52	80.63	23	91	99.89	94	33	14	99	112.15	88	10	109	39	91.58	124	125	20.56	70	150	102	108	125.43	102	90	104	99	93.51	16	95	1.36	19	122	48	55	112.87	69	10	52	21																																																																																																																																																																																														
143	81.87	103	70	12	131	89.64	127	150	53	134	91.01	48	54	36.02	133	76	9	44	108.19	114	32	70	106	136.17	9	144	117.07	141	139	34	76	3.77	30	18	149	74	115.35	20	113	43.11	111	72	139	23	62.82	97	96	57	70																																																																																																																																																																																														
62	41.46	89	88	116	41	24.54	103	126	17	21	69.37	60	137	55.81	42	122	102	133	13.37	40	43	141	115	80.11	70	116	96.3	149	70	36	148	76.44	103	82	133	140	26.45	82	67	26.39	100	95	76	84	68.03	141	118	127	47																																																																																																																																																																																														
49	52.74	1	119	90	115	132.75	102	95	122	79	35.85	36	147	24.25	125	23	132	139	132.66	51	125	108	2	84.3	64	15	125.74	72	66	72	137	103.56	106	107	136	92	144.4	35	38	2.68	12	25	101	133	98.05	101	3	18	76																																																																																																																																																																																														
101	54.44	121	149	70	13	129.51	47	129	137	17	42.73	14	125	65.85	17	89	44	150	83.67	99	40	64	33	81.72	101	41	61.83	87	9	36	48	58.07	2	27	73	4	55.98	62	113	37.06	136	118	3	145	53.55	126	104	8	95																																																																																																																																																																																														
44	41.47	125	30	79	48	5.39	89	84	119	46	58.99	29	122	44.81	9	96	52	55	18.61	18	115	17	7	7.32	16	149	35.56	6	128	118	41	109.64	93	58	66	8	58.8	52	53	63.05	67	146	112	50	81.39	109	71	100	28																																																																																																																																																																																														
49	32.06	41	57	116	83	88.12	89	10	4	46	122.76	41	121	128.22	111	75	133	67	62.87	26	13	75	80	28.92	44	141	59.8	105	25	41	65	133.7	128	39	38	46	58.33	68	53	51.87	127	142	7	22	6.19	28	141	146	25																																																																																																																																																																																														
91	46.33	134	145	105	50	106.87	114	83	86	137	32.79	91	31	45.43	36	102	106	117	60.98	49	111	141	47	82.8	58	55	16.35	146	145	19	31	135.28	79	64	71	50	117.56	58	83	99.57	15	85	27	118	125.39	114	39	63	106																																																																																																																																																																																														
51	108.94	79	5	104	45	57.12	60	13	94	101	10.34	32	134	118.24	56	91	4	6	107.47	124	94	74	11	36.57	82	11	29.92	31	88	95	21	109.65	63	143	70	10	78.25	145	54	48.1	42	128	55	71	129.24	46	18	142	3																																																																																																																																																																																														
49	59.43	18	91	121	15	44.36	41	103	80	60	60.73	90	141	36.72	50	69	84	119	103.06	4	126	122	116	134.93	15	41	13.54	138	7	124	78	110.28	82	7	146	7	2.35	84	73	16.55	146	74	53	17	87.46	33	32	146	133																																																																																																																																																																																														
95	126.25	60	65	64	57	96.75	35	45	67	137	73.09	107	101	146.46	5	147	9	77	38.61	139	92	103	28	8.63	134	43	22.82	60	4	95	148	132.38	127	97	48	137	79.45	9	108	20.65	102	46	124	83	88.98	114	146	28	22																																																																																																																																																																																														
97	143.09	131	93	99	28	123.33	71	42	59	53	58.11	73	105	119.89	9	124	60	46	105.62	90	25	95	87	46.76	105	113	60.15	37	68	40	5	38.74	3	77	61	10	29.21	73	15	104.54	85	24	92	28	100.96	48	13	130	25																																																																																																																																																																																														
59	46.07	32	143	110	87	109.77	119	27	96	99	105.63	27	59	100.66	121	79	12	35	27.31	63	42	59	36	111.13	75	1	91.27	121	27	91	22	47.8	5	32	47	103	27.78	97	55	30.14	41	90	1	61	49.4	33	146	142	78																																																																																																																																																																																														
133	69.01	148	101	107	102	148.18	111	53	111	71	50.84	29	18	62.25	130	105	7	123	121.41	93	89	129	57	85.73	90	11	81.82	21	45	37	99	37.54	148	124	69	5	3.96	96	113	61.51	98	13	114	20	121.5	15	68	67	79																																																																																																																																																																																														
13	37.48	47	126	6	62	2.04	35	123	145	118	89.29	89	40	62.93	109	117	150	18	13.39	28	74	84	17	63.42	139	140	33.36	121	114	99	48	22.53	146	77	84	43	109.56	126	105	59.3	7	133	104	98	74.02	136	34	134	117																																																																																																																																																																																														
63	58.33	130	14	3	97	102.12	30	131	11	84	114.24	31	7	103.07	65	38	34	34	78.85	20	51	12	135	82.64	17	82	33.74	141	92	38	52	101.48	43	107	61	24	114.46	35	39	94.71	140	145	75	94	88.63	28	145	28	29																																																																																																																																																																																														
141	114.46	76	4	98	144	134.07	48	48	33	78	143.69	33	80	5.58	99	21	83	7	74.71	10	119	51	55	128.84	97	39	29.72	97	116	107	86	27.19	46	148	143	133	95.2	138	27	110.71	150	106	127	10	133.16	143	72	24	37																																																																																																																																																																																														
92	69.25	91	46	23	150	118.3	94	13	85	48	122.19	69	23	141.32	5	140	1	103	22.46	101	2	87	81	26.5	75	115	86.75	133	124	93	75	54.05	6	112	108	83	67.28	53	80	28.01	149	76	15	25	127.17	75	50	147	61																																																																																																																																																																																														
51	115.36	91	122	69	136	141.78	134	67	87	68	63.69	130	32	85.44	143	2	19	31	23.32	135	20	14	37	85.45	26	128	20.75	132	112	92	53	90.05	14	95	70	112	6.92	145	92	147.62	2	99	40	122	72.03	123	86	38	149																																																																																																																																																																																														
126	70.35	93	127	85	14	55.06	22	33	44	97	58.93	142	14	37.68	127	149	70	59	79.4	22	66	99	110	25.36	135	41	125.09	42	84	129	99	66.66	91	105	92	135	108.24	114	120	6.39	16	98	129	92	76.66	69	10	121	21																																																																																																																																																																																														
116	99	70	53	141	61	30.74	90	94	32	18	71.88	108	12	1.39	72	89	35	66	78.67	64	5	69	39	19.67	83	141	108.68	59	135	75	63	123.55	10	124	111	106	59.11	128	83	8.29	54	126	7	25	43.89	119	112	110	143																																																																																																																																																																																														
52	141.56	119	22	138	97	17.97	4	133	93	37	53.75	82	130	60.08	51	15	111	110	65.48	133	84	143	85	21.87	33	107	80.4	36	106	99	10	89.36	32	150	35	8	142.1	95	29	34.74	115	2	118	94	114.6	55	13	21	146																																																																																																																																																																																														
53	101.12	130	39	82	34	63.51	43	58	63	103	64.87	75	45	15.37	125	113	48	15	129.44	75	59	117	79	93.3	5	82	61.61	72	137	89	141	149.29	43	23	30	139	61.82	43	79	122.42	137	40	44	91	52.35	36	150	70	5																																																																																																																																																																																														
87	73.18	56	85	25	21	99.32	70	148	35	116	53.39	88	129	33.88	30	20	85	38	131.68	65	86	83	6	129.38	114	31	51.83	9	16	147	24	112.9	62	104	11	28	132.51	17	93	137.11	68	134	142	17	145.72	39	81	62	88																																																																																																																																																																																														
37	85.22	85	57	71	75	115.34	36	62	9	112	96.12	121	17	89.93	16	86	104	92	94.82	102	95	94	87	111.08	84	23	146.17	43	42	77	30	55.58	106	59	56	2	112.06	121	143	108.32	74	77	139	37	109.63	102	121	73	81																																																																																																																																																																																														
103	60.7	2	129	17	30	124.29	139	64	60	8	23.52	79	32	44.31	71	23	38	104	146.21	78	138	41	133	29.25	149	90	3.81	149	21	119	89	148.33	67	82	108	145	22.15	132	36	37.32	117	149	112	118	57.7	83	110	42	43																																																																																																																																																																																														
141	144.24	141	150	57	37	40.57	84	14	94	52	42.98	32	58	75.27	33	34	120	134	56.59	133	48	139	134	65.53	149	124	71.03	86	139	79	39	125.76	34	144	106	115	46.05	42	29	133.34	140	80	91	125	76.84	144	41	58	26																																																																																																																																																																																														
4	119.03	96	61	90	94	136.29	13	58	74	144	54.75	78	36	1.54	3	97	106	30	25.09	113	91	147	103	22.54	132	112	18.24	71	21	50	84	87.52	100	63	101	89	144.48	85	131	69.31	24	133	70	72	14.53	28	30	8	17																																																																																																																																																																																														
126	4.12	121	6	23	48	80.2	11	5	58	113	127.12	50	66	135.34	118	105	111	103	124.56	50	146	87	47	95.28	12	101	44.87	15	27	64	79	24.63	52	148	57	132	125.97	122	96	58.35	8	80	16	87	126.84	61	111	93	15																																																																																																																																																																																														
118	7.5	67	128	53	73	6.8	18	101	50	17	138.07	5	60	11.1	100	124	39	138	57.01	87	70	90	134	30.42	131	26	73.31	50	67	23	112	123.86	150	8	138	114	130.87	61	41	21.22	134	112	67	100	90.59	17	15	39	15																																																																																																																																																																																														
7	86.81	82	85	73	109	12.69	30	109	64	75	148.4	140	22	63.08	9	112	115	57	130.52	44	19	35	141	140.28	105	58	142.72	142	104	109	102	146.7	54	54	56	36	113.83	37	62	114.08	59	136	119	99	100.55	11	74	83	43																																																																																																																																																																																														
105	104.69	61	27	100	102	104.16	142	4	58	121	35.34	129	75	19.95	64	52	66	62	32.13	70	98	110	104	30.84	99	84	135.26	85	67	102	114	131.51	108	70	91	56	58.97	94	28	122.83	20	61	20	140	34.09	46	136	124	100																																																																																																																																																																																														
81	116.05	46	39	45	126	132.25	57	83	80	2	126.96	137	125	17.59	92	12	147	3	5.01	76	17	29	78	15.3	76	132	22.15	74	73	81	133	45.33	77	97	147	146	107.89	17	60	147.82	17	95	29	10	50.04	130	11	68	5																																																																																																																																																																																														
18	102.89	122	46	37	85	74.45	110	31	66	111	71.98	61	10	121.83	53	55	57	110	22.97	62	124	11	105	96.7	36	59	57.47	33	89	92	68	140.89	69	104	9	84	63.88	98	53	27.93	41	129	92	33	73.94	15	119	77	34																																																																																																																																																																																														
89	88.76	141	15	131	103	129.94	44	74	99	70	46.63	12	20	51.14	146	17	103	22	110.69	105	19	64	102	1.45	63	58	3.03	32	8	27	129	70.27	38	69	127	58	89.59	99	43	147.51	62	89	42	59	75.03	61	18	119	139																																																																																																																																																																																														
130	139.17	46	83	127	134	11.73	41	59	14	90	114.89	93	143	66.02	105	147	83	54	128.77	45	13	112	93	14.79	20	115	104.34	36	98	129	100	54.44	134	80	81	31	107.22	138	35	94.14	19	126	17	114	133.54	94	119	134	42																																																																																																																																																																																														
72	45.99	64	25	149	43	107.83	49	71	45	114	38	93	104	140.43	33	7	141	116	107.5	117	17	132	52	135.6	9	138	104.59	126	49	69	44	8.64	101	57	34	59	80.33	58	65	89.81	121	41	28	48	53.83	123	23	47	130																																																																																																																																																																																														
83	114.99	47	49	133	40	16.06	108	44	99	80	16.02	49	85	114.45	80	119	40	79	129.2	53	32	18	128	8.15	86	58	71.18	26	150	118	50	62.02	114	63	16	20	136.63	91	51	128.14	4	13	94	128	36.86	20	13	93	7																																																																																																																																																																																														
46	143.63	102	64	140	43	66.36	2	112	65	126	20.85	109	64	14.68	8	90	4	44	46.81	2	129	69	103	123.93	91	38	69.93	117	38	147	75	5.99	110	26	21	72	82.39	133	30	37.49	38	125	46	101	137.25	68	34	57	116																																																																																																																																																																																														
107	120.17	76	100	95	129	146.42	122	117	5	51	41.63	20	116	3.64	72	62	93	73	129.02	79	131	34	135	33.2	4	105	117.49	20	145	125	149	133.26	126	140	131	104	102.08	27	50	34.15	88	9	53	8	24.4	62	4	83	73																																																																																																																																																																																														
12	26.15	132	59	72	60	109.76	22	147	111	103	146.42	21	145	32.25	15	21	17	74	60.37	126	135	47	3	130.15	3	86	30.94	115	52	46	50	117.91	23	124	85	120	111.52	54	45	59.05	89	50	12	84	82.36	79	113	94	52																																																																																																																																																																																														
60	26.99	123	41	19	15	51.68	60	117	130	91	39.51	74	131	145.19	58	49	123	121	137.19	119	98	52	84	45.23	136	19	57.39	57	68	33	128	99.96	76	92	130	36	105.81	13	27	140.06	22	12	52	74	125.05	14	114	7	55																																																																																																																																																																																														
141	107.26	31	21	124	92	116.75	120	98	4	32	56.82	80	18	72.76	9	139	46	74	105.07	80	98	79	62	30.7	99	107	75.07	28	50	66	149	137.57	47	144	128	60	36.66	41	48	20.75	9	56	138	137	113.77	100	93	85	125																																																																																																																																																																																														
141	126.33	111	7	117	33	28.2	96	9	44	28	118.04	6	5	114.54	33	143	112	119	54.24	36	131	21	67	4.66	87	95	88.46	19	59	51	22	103.6	150	133	139	69	101.01	116	31	87.13	20	137	16	46	143.79	131	150	9	46																																																																																																																																																																																														
79	67.64	128	2	149	130	118.68	110	147	137	93	37.17	50	114	147.31	33	146	91	138	56.27	38	108	86	122	120.35	46	112	139	134	12	76	69	72.86	87	54	67	56	108.36	36	93	65.98	61	7	121	2	44.64	118	81	105	85																																																																																																																																																																																														
20	122.84	103	98	42	37	12.06	112	121	22	110	108.5	147	39	92.6	17	87	15	101	8.85	83	78	138	24	134.62	41	136	43.58	31	132	136	91	23.39	61	49	109	71	122.06	7	26	9.9	134	9	113	10	100.09	33	145	84	142																																																																																																																																																																																														
60	139.53	46	81	96	149	12.2	62	129	132	32	11.27	106	57	53.9	11	57	104	143	31.1	140	115	70	93	64.73	125	4	33.58	141	97	16	103	86.66	131	11	26	136	77.19	72	43	118.23	83	30	118	32	28.65	150	13	126	24																																																																																																																																																																																														
44	98.15	63	78	77	7	119.58	17	6	14	82	109.46	127	89	59.58	24	6	18	8	131.56	47	143	102	119	24.46	68	43	50.58	50	95	84	78	16.67	39	56	27	141	82.59	102	69	129.06	42	56	27	7	58.71	13	55	111	148																																																																																																																																																																																														
76	65.88	141	5	72	17	36.41	91	138	13	88	29.88	128	39	67.44	17	112	113	103	48.15	117	78	42	9	103.76	85	16	19.77	41	143	86	86	47.64	137	110	62	92	128.54	21	103	19.45	77	32	23	80	37.61	11	124	90	1																																																																																																																																																																																														
29	116.19	122	9	81	72	88.73	28	6	8	90	27.04	18	79	80.74	36	53	42	8	117.36	90	26	44	138	129.97	25	18	6.72	61	14	41	20	123.04	1	63	38	105	149.68	123	58	137.75	35	88	22	106	75.65	140	125	101	111																																																																																																																																																																																														
73	26.26	47	57	99	11	75.38	13	36	11	53	31.14	103	76	137.11	60	39	148	115	95.6	112	142	6	41	108.67	132	127	118.01	69	96	108	14	54.08	17	20	107	7	21.81	60	51	10.77	143	108	47	144	91.56	75	6	105	126																																																																																																																																																																																														
11	116.17	3	21	89	26	21.79	81	100	122	149	116.68	2	117	76.18	150	143	132	74	13.18	129	34	81	62	119.35	37	7	120.17	58	145	124	2	102.45	52	79	49	64	148.39	102	28	114.78	120	137	99	19	83.51	20	101	79	148																																																																																																																																																																																														
25	126.22	1	7	45	34	103.98	114	33	109	56	56.63	142	78	88.78	91	36	20	123	120.35	48	40	74	121	17.9	103	71	134.64	104	79	104	62	122.85	118	97	43	57	100.13	51	144	25.34	83	85	141	114	143.61	149	130	58	113																																																																																																																																																																																														
110	8.34	139	135	122	45	47.28	14	79	141	17	71.44	96	62	106.01	76	92	18	31	6.35	97	5	101	105	26.42	86	72	148.84	25	34	133	46	102.68	79	33	112	116	68.89	88	48	73.9	80	121	22	54	94.57	67	74	112	25																																																																																																																																																																																														
103	81.54	44	10	66	31	133.64	101	124	63	150	107.1	67	31	65.99	75	1	104	125	103.67	84	14	111	88	146.75	136	43	140.49	29	51	82	2	61.17	142	73	26	140	132.38	58	150	65.02	49	88	81	88	109.59	2	37	35	141																																																																																																																																																																																														
114	26.91	47	134	147	142	126.45	39	50	80	101	115.38	113	75	80.21	55	74	41	116	46.4	117	118	12	89	92.44	114	146	120.74	95	46	128	50	30.06	52	102	145	33	128.58	83	62	16.17	94	9	32	68	93.96	98	124	105	79																																																																																																																																																																																														
95	8.69	77	131	105	107	15.26	73	131	125	63	44.17	107	27	107.87	80	98	71	37	24.14	103	26	52	70	88.11	35	120	73.9	134	79	110	39	122.49	110	112	13	21	121.4	134	97	43.8	81	28	8	33	133.63	82	60	19	70																																																																																																																																																																																														
55	61.39	63	27	83	101	93.62	75	19	17	147	60.51	6	95	31.17	95	91	67	142	42.54	92	56	26	51	115.85	137	31	116.81	84	79	113	125	117.11	32	9	133	88	16.39	98	78	94.84	3	61	9	128	142.52	76	5	46	45																																																																																																																																																																																														
19	112.79	138	131	83	118	119.84	13	135	72	41	101.19	123	108	11.78	148	123	51	61	133.62	115	124	34	115	4.8	141	115	3.77	111	140	66	136	50.59	99	65	11	25	46.64	135	76	92.65	92	59	148	78	126.74	18	28	30	134																																																																																																																																																																																														
141	115.6	130	141	141	59	17.24	117	128	118	78	48.67	76	83	128.51	54	66	27	147	80.29	62	46	53	133	144.31	86	53	71.58	108	66	22	30	24.92	33	146	37	110	55.25	59	78	90.24	18	75	21	124	128.12	106	41	14	66																																																																																																																																																																																														
87	28.42	8	128	143	49	39.56	7	116	6	98	54.25	74	138	33.05	33	26	81	9	95.13	84	34	20	109	145.1	127	147	55.16	127	10	35	97	28.82	1	2	89	65	11.97	63	132	23.97	81	15	117	149	78.53	87	69	74	102																																																																																																																																																																																														
19	57.87	93	114	116	85	6.19	147	94	28	134	58.55	74	11	33.98	71	117	114	99	29.15	134	131	43	145	102.54	4	148	42	132	97	145	7	120.45	80	2	31	74	109.38	4	94	80.78	41	70	21	91	102.58	6	38	26	141																																																																																																																																																																																														
105	25.9	140	94	97	115	79.22	137	36	33	111	14.23	124	107	51.81	15	67	143	16	77.16	83	102	19	32	74.9	34	58	87.5	40	124	132	75	119.78	125	51	119	75	1.43	119	77	7.22	131	109	10	111	66.45	147	60	61	10																																																																																																																																																																																														
114	137.24	133	83	36	41	106.96	145	96	68	122	146.53	125	68	148.52	136	104	5	82	87.65	51	41	29	64	118.71	138	70	57.25	109	123	101	134	96.5	81	138	9	61	38.82	93	141	125.23	20	114	50	4	6.85	142	58	44	139																																																																																																																																																																																														
129	14.71	69	121	52	96	137.63	82	46	106	63	84.18	99	145	138.66	125	113	69	125	141.66	107	117	108	140	58.93	70	35	33.79	96	19	101	53	120.42	18	65	45	96	62.92	92	115	79.77	66	2	10	67	123.19	54	68	45	69																																																																																																																																																																																														
34	42.17	117	108	5	139	18.96	15	124	101	47	39.47	37	27	142.01	113	134	141	81	27.8	122	79	98	136	84.2	106	97	99.59	14	20	63	67	71.16	140	134	79	125	98.93	75	53	115.21	83	114	93	95	128.21	99	60	135	55																																																																																																																																																																																														
60	95.44	116	139	130	55	72.46	112	58	88	84	12.87	91	20	123.92	117	149	7	46	32.53	90	29	124	100	146.73	32	116	126.08	135	6	25	42	117.55	26	13	115	99	72.79	75	18	92.61	16	49	30	10	66.46	123	105	84	148																																																																																																																																																																																														
11	86.15	112	101	53	8	39.77	85	44	92	96	70.85	11	147	132.11	88	38	123	132	131.8	79	49	120	96	43.03	106	75	26.48	146	141	80	122	7.52	13	85	68	32	44.85	93	39	113.78	22	110	47	123	17.35	110	130	126	81																																																																																																																																																																																														
120	38.23	80	98	11	28	73.55	96	1	2	43	12.94	42	32	117.95	120	64	109	121	47.9	125	100	132	144	87.22	73	62	84.46	41	76	143	53	77.18	119	96	37	132	30.79	43	133	43.68	23	28	63	79	111.8	8	84	90	130																																																																																																																																																																																														
137	88.47	130	149	123	30	40.62	92	17	54	108	95.22	139	1	91.45	139	20	13	57	104.78	5	10	122	119	127.66	33	33	148.68	123	129	31	20	90.54	125	142	101	42	89.01	134	60	22.93	109	29	55	63	23.87	26	107	107	135																																																																																																																																																																																														
142	64.97	17	40	17	50	60.46	26	39	42	134	21.38	123	47	31.48	104	66	22	23	102.72	27	142	150	58	89.8	95	122	58.74	16	72	1	109	40.53	129	8	4	99	41.56	84	20	10.37	49	88	133	76	65.08	82	142	72	6																																																																																																																																																																																														
48	35.64	8	19	16	66	31.07	128	86	18	32	13.44	123	85	143.35	77	27	90	32	94.79	117	47	82	57	1.67	99	147	65.3	89	139	126	85	129.44	93	8	115	72	66.77	10	1	34.13	78	112	74	27	64.7	103	103	83	7																																																																																																																																																																																														
40	132.9	47	57	149	143	105.31	94	50	113	86	25.22	122	104	47.26	50	36	129	12	85.27	25	114	50	41	117.08	105	44	46.58	132	67	17	67	64.23	49	91	118	93	15.17	24	87	101.24	144	130	38	98	143.84	64	102	72	59																																																																																																																																																																																														
90	94.36	88	22	139	19	96.3	122	124	136	51	133.86	129	46	48.74	149	75	91	12	134.11	55	102	142	130	60.04	8	64	13.6	73	73	135	96	120.74	70	103	31	4	49.22	110	8	36.3	45	126	81	63	5.15	91	36	127	7																																																																																																																																																																																														
17	27.07	68	64	45	31	113.23	40	23	66	63	71.54	142	121	110.7	116	147	74	136	133.07	2	120	1	72	19.59	91	90	138.79	30	94	37	119	49.19	116	137	44	149	13.51	85	54	12.83	101	5	56	103	71.82	84	10	137	124																																																																																																																																																																																														
7	38.85	126	55	147	88	29.72	53	81	35	34	110.88	27	144	55.18	134	149	101	114	31.52	106	147	121	51	107.19	75	142	74.92	37	46	139	79	99.89	50	81	127	53	54.15	96	69	62.07	26	127	10	37	52.47	140	99	8	25																																																																																																																																																																																														
29	27.93	134	27	76	81	66.44	111	68	150	94	102.25	5	15	49.75	22	124	128	19	29.56	124	100	12	88	144.71	21	124	19.56	148	50	64	59	131	95	99	90	109	118.84	71	7	107.4	128	18	7	144	14.15	46	70	17	119																																																																																																																																																																																														
105	119.37	115	8	126	100	137.2	63	93	106	82	24.94	41	48	64.11	19	146	34	61	66.9	21	103	74	94	75.32	117	140	95.09	30	124	32	76	112.86	50	90	141	136	107.61	113	141	90.87	41	116	60	45	6.51	111	72	20	72																																																																																																																																																																																														
91	144.31	63	118	140	144	24.28	47	40	20	84	49.55	36	100	87.54	47	23	55	10	124.98	143	146	46	137	53.42	59	39	134.28	25	118	38	88	132.33	20	66	3	30	58.63	77	94	82.19	137	89	78	116	52.43	62	77	144	5																																																																																																																																																																																														
97	62.11	8	109	32	121	47.17	56	49	127	40	53.39	19	43	95.11	141	83	87	45	84.21	93	11	75	77	55.97	119	99	142.15	70	131	15	49	104.59	76	20	76	89	126.37	81	132	98.86	91	21	124	64	5.46	26	86	48	41																																																																																																																																																																																														
37	98.93	22	90	125	108	129.49	43	48	128	53	33.99	112	33	97.82	89	20	10	85	92.27	86	1	72	104	72.07	21	50	44.34	47	105	87	49	56.89	141	131	144	80	10.7	104	108	70.59	96	74	50	97	134.27	81	23	13	116																																																																																																																																																																																														
74	85.51	122	142	146	148	114.44	123	107	34	118	53.35	113	95	12.38	2	12	95	34	123.02	9	62	47	144	14.84	129	146	18.94	88	78	64	137	19.46	120	80	61	147	143.29	104	76	117.89	106	142	80	84	56.83	41	17	59	140																																																																																																																																																																																														
127	8.96	101	146	147	110	135.96	46	113	127	116	142.86	124	81	106.05	76	122	58	100	7.43	66	150	112	72	83.27	85	34	134.17	59	68	120	9	25.4	112	16	40	147	5.77	2	76	33.99	68	1	92	117	80.22	137	92	2	111																																																																																																																																																																																														
44	103.66	109	86	53	64	66.22	127	148	22	37	85.79	139	26	35.6	128	138	63	117	134.15	43	12	117	23	25.35	127	34	47.58	73	131	108	38	24.14	31	26	26	102	53.37	6	144	80.73	33	51	65	32	124.78	31	34	114	44																																																																																																																																																																																														
17	24.45	124	89	74	25	95.4	39	147	59	39	28.45	60	54	12.71	87	4	10	52	101.41	89	118	86	81	123.04	84	15	118.31	21	84	105	16	84	97	41	95	132	124.81	121	15	53.07	43	121	147	52	68.87	113	94	32	37																																																																																																																																																																																														
26	12.09	12	69	31	29	139.42	150	34	69	103	116.9	14	137	10.76	93	80	28	138	113.52	10	142	4	83	95.3	58	31	35.54	89	103	44	8	112.71	18	93	49	99	24.96	5	98	129.98	66	7	4	46	69.7	49	37	117	118																																																																																																																																																																																														
132	90.34	39	140	124	34	73.65	125	33	143	101	78.8	100	116	142.91	149	63	135	41	6.06	55	51	102	3	2.1	142	3	109.55	149	94	55	83	48.9	110	79	12	25	55.94	3	25	79.3	95	2	60	10	38.05	141	54	102	88																																																																																																																																																																																														
41	57.58	43	133	65	89	114.88	54	4	141	60	129.86	146	144	76.07	13	96	95	148	69.97	95	36	16	150	64.39	95	81	142.31	18	102	19	65	84.14	5	148	61	72	119.43	139	111	24.55	1	115	32	88	86.24	71	61	62	101																																																																																																																																																																																														
75	45.06	41	87	82	110	148.02	97	57	10	75	131.28	3	110	116	146	57	59	36	88.35	88	67	15	77	86.23	107	108	120.64	28	54	72	121	33.44	119	7	23	112	48.81	137	142	8.55	74	25	38	65	38.87	105	110	110	126																																																																																																																																																																																														
43	120.57	43	28	123	134	94.29	80	5	39	57	107.6	34	103	110.86	8	114	23	110	62.45	81	47	25	149	90.45	122	54	8.72	65	50	38	105	98.9	32	64	80	35	64.96	133	45	136.41	100	69	25	30	38.08	145	118	99	4																																																																																																																																																																																														
139	77.51	38	109	43	73	16.67	42	22	61	117	10.08	17	124	62.5	35	116	135	70	57.51	108	40	49	92	93.49	101	69	27.3	119	70	35	48	120.8	24	123	129	41	29.19	149	16	12.01	8	149	73	105	56.81	115	129	1	138																																																																																																																																																																																														
146	70.54	55	51	123	114	70.14	24	19	23	148	62.26	44	8	9.65	39	8	20	128	67.43	36	86	46	119	145.77	148	37	45.97	143	12	72	26	128.26	23	41	138	27	75.62	63	7	123.12	87	122	38	19	114.66	134	18	113	78																																																																																																																																																																																														
106	80.06	62	90	128	15	111.1	123	76	103	68	96.22	67	23	40.69	119	58	32	48	107.87	90	89	126	9	67.01	25	128	24.47	70	55	34	52	49.29	29	140	144	13	103.77	80	65	10.24	82	148	126	30	145.46	89	93	68	34																																																																																																																																																																																														
3	120.41	62	34	125	83	27.81	81	68	31	139	116.99	142	30	110.65	77	9	22	33	101.51	114	147	130	146	20.54	71	132	118.05	93	2	123	85	23.04	100	21	68	117	60.03	60	18	35.02	104	66	58	125	148.2	13	113	28	79																																																																																																																																																																																														
44	22.47	130	86	47	93	50.95	77	115	90	14	89.86	149	101	34.97	107	21	26	55	46.63	109	148	116	92	52.81	121	80	22.46	38	41	17	51	60.35	91	59	120	50	69.59	127	19	90.52	71	21	61	115	51.78	150	15	65	113																																																																																																																																																																																														
9	33.24	142	138	3	130	68.97	89	126	13	79	65.53	76	24	25.3	10	127	22	50	48.46	74	18	81	58	85.01	109	101	71.16	90	32	75	119	48.06	20	103	74	121	138.47	146	149	24.43	12	140	36	58	49.74	139	110	117	25																																																																																																																																																																																														
75	27.03	25	40	123	115	75.47	88	102	22	17	145.27	28	83	142.05	58	114	97	73	4.27	14	80	83	63	128.26	10	7	80.73	115	32	108	25	35.07	23	35	22	99	99.23	63	59	107.75	53	88	122	17	20.93	137	106	3	78																																																																																																																																																																																														
107	55.11	32	103	71	120	6.52	30	5	84	39	128.69	62	55	112.91	38	104	119	26	71.32	11	116	105	119	137.81	104	135	42.66	108	3	49	31	10.86	64	127	138	46	11.79	66	126	64.55	112	28	135	15	136.41	91	134	47	7																																																																																																																																																																																														
137	35.62	120	2	12	80	120.83	135	1	80	22	126.2	11	38	50.51	143	68	25	135	117.44	98	37	126	93	16.85	12	73	103	86	94	52	32	130.77	104	97	27	48	149.23	20	126	141.91	135	78	80	45	43.65	112	8	90	119																																																																																																																																																																																														
115	123.79	12	39	52	130	58.1	52	81	102	77	56.47	18	58	129.82	51	87	111	75	113.34	46	38	99	117	32.87	120	84	95.33	44	47	81	46	20.16	117	126	88	66	139.99	113	71	3.66	7	44	29	81	9.53	88	56	37	104																																																																																																																																																																																														
133	26.32	79	38	29	94	113.7	69	37	95	149	53.86	12	114	101.66	23	66	112	75	55.68	2	46	146	33	64.03	104	77	12.23	139	38	150	37	134.41	42	20	94	24	92.83	107	19	67.86	139	28	14	94	46.52	140	110	146	135																																																																																																																																																																																														
30	110.59	133	133	60	127	6.05	58	93	125	44	94.61	51	44	116.05	38	123	103	132	126.66	114	39	32	126	141.77	79	137	18.79	25	5	94	141	82.2	70	81	49	148	105.2	4	144	117.47	79	109	75	150	50.92	147	127	53	129																																																																																																																																																																																														
48	48.78	38	128	16	95	112.85	47	142	51	20	111.24	60	136	56.63	43	60	88	14	38.26	79	94	38	65	98.8	45	145	24.27	22	74	42	106	9.73	65	102	107	35	71.34	2	51	60.98	16	16	138	117	59.69	136	93	71	125																																																																																																																																																																																														
111	19.07	31	119	123	150	24.63	104	143	28	69	76.48	99	76	145.55	11	32	120	63	131.8	26	85	81	118	106.13	32	142	132.39	125	116	57	113	96.83	105	49	47	107	70.37	101	140	133.26	107	135	6	91	78	17	2	14	113																																																																																																																																																																																														
51	88.56	52	144	21	92	42.69	39	67	79	41	101.52	71	65	2.85	42	149	136	11	35.36	23	108	148	49	114.04	51	46	47.78	148	66	16	60	126.56	59	99	136	133	100.42	138	68	91.37	22	50	2	31	35.5	144	82	30	70																																																																																																																																																																																														
47	45.24	129	99	145	149	82.93	135	103	28	42	133.02	135	14	123.18	103	73	97	16	73.17	130	23	64	34	122.52	73	106	30.31	52	31	62	139	138.58	150	77	114	128	133.4	79	147	28.29	143	102	11	11	120.64	137	128	6	102																																																																																																																																																																																														
125	99.76	5	44	70	111	29.12	67	139	113	137	54.89	139	29	121.45	91	113	114	39	139.16	99	150	7	133	3.82	144	42	18.12	36	24	124	50	113.93	30	84	26	94	54.34	120	7	94.13	58	8	142	73	26.47	88	68	140	142																																																																																																																																																																																														
32	126.23	51	37	129	57	71.28	49	91	72	61	48.64	35	110	18.95	129	129	122	80	38.71	139	76	62	82	17.9	63	93	127.05	44	63	129	110	32	71	57	66	134	103.24	14	53	61.37	136	9	145	89	124.84	128	49	76	129																																																																																																																																																																																														
135	48.61	18	49	87	63	34.92	87	77	24	142	148.55	108	99	72.18	51	74	91	83	20.52	147	118	30	27	66.32	92	54	89.43	99	136	117	43	68.02	44	50	57	117	42.54	46	29	70.13	128	100	97	17	78.7	122	92	131	56																																																																																																																																																																																														
46	34.78	1	143	73	8	97.37	23	110	87	143	46.53	102	25	71.59	50	17	2	112	24.82	3	101	132	119	131.38	37	29	74.2	26	45	141	9	82.05	62	50	54	3	85.73	141	65	135.89	65	130	123	92	111.32	88	59	126	10																																																																																																																																																																																														
66	119.53	92	124	84	43	3.18	65	16	127	13	59.67	15	90	130.78	84	70	5	81	55.36	67	98	125	74	18.93	29	105	60.01	84	73	144	86	12.79	149	66	37	119	118.51	55	122	3.77	80	97	119	97	21.28	102	139	68	104																																																																																																																																																																																														
50	54.54	36	124	10	33	52.05	82	82	34	104	124.68	106	82	7.71	94	100	38	80	80.5	135	120	25	23	51.18	44	93	119.48	61	67	60	114	69.98	32	18	147	17	100.77	13	30	67.21	103	128	43	147	149.53	48	53	26	87																																																																																																																																																																																														
42	73.55	108	114	92	44	54.27	130	101	29	31	34.15	10	83	147.17	14	86	87	94	16.5	122	124	99	94	123.08	68	24	134.2	119	72	40	83	121.61	68	42	64	29	36.39	63	82	136.47	9	63	127	128	74.35	32	104	30	18																																																																																																																																																																																														
14	128.87	21	8	107	103	97.01	19	43	143	97	4.4	113	66	64.67	98	36	34	76	143.08	30	4	57	98	108.3	29	40	80.67	1	76	15	47	93.86	52	120	117	43	95.76	74	44	140.36	140	130	28	88	33.68	85	80	69	39																																																																																																																																																																																														
88	81.42	84	122	92	126	102.87	74	98	106	149	70.32	12	62	3.35	48	29	124	46	4.47	134	98	17	2	83.33	51	27	115.27	13	124	38	128	67.74	12	53	50	56	146.73	85	136	56.26	99	47	75	84	91.72	59	23	108	56																																																																																																																																																																																														
17	86.51	100	128	121	89	12.47	121	111	60	5	148.44	111	46	119.51	3	67	76	26	14.54	39	64	99	128	47.58	69	84	47.55	71	100	13	111	94.08	32	54	95	144	120.38	54	138	60.25	131	129	123	119	54.59	25	106	21	55																																																																																																																																																																																														
13	58.71	98	99	139	136	112.89	5	41	108	21	126.87	14	63	90.58	44	69	44	54	144	81	119	84	149	124.06	108	15	28.89	119	1	90	64	145.48	105	57	108	86	121.29	80	111	111.36	13	111	100	95	141.75	126	126	130	72																																																																																																																																																																																														
7	6.55	122	131	54	137	57.53	72	124	103	68	62.08	15	121	38.48	141	110	23	110	104.37	20	46	37	100	81.06	53	88	122.64	60	86	117	106	8.13	72	82	16	17	91.62	105	139	134.8	82	108	56	32	88.01	113	2	72	81																																																																																																																																																																																														
122	116.95	74	91	147	115	65.26	52	83	38	128	89.43	45	17	110.42	20	24	27	37	4.08	11	86	20	145	55.42	74	131	11.81	92	82	136	129	57.19	9	53	141	124	133.21	94	71	45.77	70	125	148	69	127.82	131	30	100	86																																																																																																																																																																																														
49	99.22	123	46	125	107	49.8	73	67	143	2	1.71	78	89	71.32	50	125	23	53	6.19	63	61	106	88	115.65	79	141	40.3	48	45	85	29	92.29	79	98	76	128	79.88	61	126	39.35	35	37	126	35	76.35	124	58	147	18																																																																																																																																																																																														
18	28.29	119	38	64	116	44.06	81	77	2	116	12.64	34	91	32.77	29	4	125	71	88.96	136	98	8	121	43.61	66	117	111.14	71	96	24	142	125.95	61	95	75	76	53.61	114	121	75.97	53	120	142	62	51.25	84	114	135	95																																																																																																																																																																																														
76	11.98	27	9	93	105	68.34	37	1	138	127	12.3	74	143	69.47	86	39	138	22	44.97	129	82	71	47	149.22	60	128	89.01	85	124	47	107	51.96	73	109	102	84	105.98	108	82	39.27	122	65	20	72	119.2	81	127	90	97																																																																																																																																																																																														
128	137.92	41	93	8	6	52.7	59	36	59	11	30.13	31	21	135.02	117	124	129	1	6.56	102	7	9	145	36.7	35	42	145.38	39	122	53	97	79.49	38	62	143	129	43.68	63	7	119.94	62	43	150	140	60.66	135	94	64	140																																																																																																																																																																																														
110	123	89	18	12	51	65.22	108	27	145	18	118.73	60	8	67.7	19	83	143	99	117.39	41	116	140	66	112.46	127	93	56.83	20	67	106	44	46.01	122	41	138	49	125.72	43	102	73.66	46	104	51	143	118.39	72	35	118	149																																																																																																																																																																																														
115	37.59	11	116	135	84	49.28	82	103	117	115	52.68	14	105	88.65	90	40	144	46	76.53	19	132	118	128	16.96	78	116	131.77	31	118	51	54	74.79	58	84	14	45	26	89	106	116.27	12	91	89	22	90.37	25	37	96	110																																																																																																																																																																																														
30	121.68	139	129	74	57	113.58	54	140	12	111	134.74	46	72	102.65	101	49	130	94	84.53	98	58	110	144	83.8	18	120	111.15	135	11	62	9	137.08	81	60	83	108	81.32	114	106	67.44	118	56	76	18	75.66	93	53	141	107																																																																																																																																																																																														
29	82.09	112	49	1	70	22.73	60	132	8	112	100.81	70	52	102.14	95	110	64	117	145.47	133	146	140	37	62.9	16	63	6.69	45	30	27	131	73.85	48	130	7	91	91.52	87	109	130.18	143	64	29	18	124.46	124	58	56	37																																																																																																																																																																																														
7	142.16	136	51	47	56	3.17	106	31	59	111	122.17	60	43	100.33	39	37	50	101	111.97	29	125	146	121	110.99	95	39	85.69	31	33	97	47	132.37	96	14	95	142	106.25	118	42	88	3	65	114	77	90.86	24	25	150	59																																																																																																																																																																																														
84	43.2	80	110	51	41	12.72	28	67	90	30	56.03	63	122	125.28	81	88	136	8	141.4	121	82	128	142	122.94	5	81	18.66	17	109	102	28	81.65	56	133	51	30	140.58	143	9	123.9	3	94	70	144	22.79	131	46	99	120																																																																																																																																																																																														
147	115.02	126	91	69	58	75.89	4	137	15	10	108.72	85	140	29.34	62	1	32	6	15.73	8	17	61	67	85.11	141	77	58.64	81	29	101	12	38.59	101	116	8	22	34.09	27	129	126.15	72	145	58	46	42.66	72	103	133	1																																																																																																																																																																																														
47	36.67	122	145	13	137	24.39	73	113	9	101	4.66	4	19	50.3	31	15	86	25	35.12	105	134	49	110	77.53	95	59	144.22	26	9	2	58	115.2	79	32	8	4	26	91	62	104.18	5	59	25	115	88.49	144	104	3	139																																																																																																																																																																																														
5	93.61	126	128	57	45	1.07	103	77	92	71	17.48	106	138	54.32	40	144	7	55	62.52	27	95	65	96	78.23	40	27	121.31	25	79	11	65	47.14	95	15	42	138	74.7	114	7	30.56	137	111	118	31	93.1	112	104	103	85																																																																																																																																																																																														
64	22.13	7	122	70	103	94.66	3	22	25	139	95.68	149	9	14.69	129	141	9	102	87.01	79	131	112	45	118.34	6	81	70.35	40	102	77	45	143.72	98	127	7	1	135.43	116	12	66.45	143	25	148	111	116.95	109	135	144	1																																																																																																																																																																																														
102	70.99	8	102	87	47	24.49	146	21	32	106	91.72	144	74	87.31	65	123	60	42	21.13	146	95	27	98	32.09	3	145	146.07	83	16	56	35	35.62	138	62	38	149	107.95	54	142	65.57	76	46	13	144	11.1	150	146	38	88																																																																																																																																																																																														
82	28.71	115	70	145	35	3.48	37	47	67	39	34.66	46	112	133.47	94	134	100	63	48.17	12	4	122	78	30.84	108	119	100.42	137	21	28	105	90.61	146	93	49	82	79.9	124	118	82.11	41	131	142	42	143.16	143	34	124	86																																																																																																																																																																																														
126	135.04	61	132	68	100	10.59	137	17	25	120	39.41	115	99	53.56	63	110	72	108	5.33	137	4	133	55	46.11	47	73	73.43	146	3	4	72	29.76	25	55	148	32	36.08	9	118	74.56	145	102	78	21	15.6	138	90	28	113																																																																																																																																																																																														
22	50.63	11	63	113	116	102.19	110	86	41	9	121.13	17	6	25.56	81	126	100	145	2.49	130	134	133	52	30.14	148	34	89.1	36	60	30	143	125.88	98	58	83	65	84.37	63	111	137.83	55	64	72	107	146.28	33	82	3	87																																																																																																																																																																																														
35	137.78	27	127	89	27	47.11	97	10	43	65	68.15	80	13	13.43	102	139	59	136	26.4	8	12	95	24	103.34	129	3	125.79	2	79	7	22	101.09	57	106	13	130	59.44	3	72	48.92	18	52	21	68	115.22	49	72	86	12																																																																																																																																																																																														
27	70.5	126	47	23	69	47.6	82	20	112	111	55.53	34	46	12.03	125	17	110	65	96.39	75	1	21	137	123.88	19	23	57.85	130	148	20	90	3.44	52	4	143	10	114.33	115	87	17.01	75	127	135	147	45.45	124	51	5	105																																																																																																																																																																																														
59	134.43	117	88	49	133	29.71	5	2	75	81	142.83	62	128	52.47	103	70	118	134	66.97	82	5	44	77	23.25	47	97	56.72	51	124	8	45	97.27	102	15	41	13	32.23	128	110	92.09	35	97	112	101	51.48	34	70	1	4																																																																																																																																																																																														
13	4.71	83	85	80	73	51.61	50	37	132	36	140.61	129	136	8.79	93	10	22	97	96.88	88	121	15	97	27.5	99	119	125.71	36	57	113	68	103.63	20	130	93	70	69.61	14	142	114.53	131	143	81	114	141.97	126	36	8	121																																																																																																																																																																																														
35	77.29	123	136	70	90	39.35	135	33	101	67	74.43	145	81	59.37	3	13	84	127	9.31	69	116	39	90	130.01	64	24	115.18	109	16	68	26	66.03	115	44	101	145	61.79	103	127	34.59	38	4	135	89	110.33	142	96	59	31																																																																																																																																																																																														
11	110.42	66	116	21	109	21.39	6	60	12	71	110.6	3	15	123.63	111	19	118	38	87.05	60	59	59	144	147.06	30	40	85.32	136	98	51	56	93.93	29	30	29	70	14.59	135	43	17.52	23	78	74	76	51.05	61	40	147	111																																																																																																																																																																																														
22	87.6	131	34	89	62	128.33	64	35	149	62	123.58	46	2	73.78	26	20	124	15	112.41	89	95	47	127	140.36	57	128	123.04	110	138	91	13	121.79	131	39	5	101	86.28	91	123	16.37	85	84	115	123	64.85	44	95	119	78																																																																																																																																																																																														
93	36.11	30	141	136	85	100.98	71	147	108	55	68.67	71	52	101.04	23	54	112	81	125.99	61	19	137	44	52.54	126	82	106.13	132	117	126	47	60.84	104	35	20	47	147.86	77	93	121.81	20	54	138	11	10.03	75	54	26	9																																																																																																																																																																																														
144	39.31	149	83	22	144	56.08	84	49	9	147	108.44	123	48	108.47	68	68	136	32	43.24	55	81	97	10	68.43	4	149	146.35	113	86	90	3	105.17	117	37	98	27	83.91	51	4	47.86	35	111	16	55	46.66	35	74	126	42																																																																																																																																																																																														
80	118.61	52	130	24	23	93.12	49	56	58	110	91.98	6	34	92.71	131	44	133	73	130.35	147	1	86	59	63.43	79	107	134.12	131	100	131	23	134.8	63	45	137	62	111.35	106	20	33.95	21	93	91	136	52.31	2	149	101	138																																																																																																																																																																																														
48	81.18	27	61	101	8	4.4	2	123	40	126	78.55	91	11	117.24	35	102	118	113	100.39	69	66	9	119	15.98	90	130	108.78	83	104	54	21	85.21	112	129	54	49	57.95	96	45	145.23	78	109	109	43	143.7	49	3	55	11																																																																																																																																																																																														
45	133.99	140	82	83	150	118.8	3	130	129	119	19.36	90	81	66.93	37	100	141	47	17.39	47	126	53	43	57.77	73	82	10.73	88	80	91	126	32.78	68	96	66	87	52.52	56	118	67.83	109	130	100	32	42.62	114	16	148	96																																																																																																																																																																																														
29	144.12	34	136	47	5	142.91	130	48	16	87	115.13	135	24	42.01	131	109	99	2	95.47	66	4	51	111	110.01	1	82	68.93	88	80	32	69	125	103	127	72	110	91.96	51	115	106.1	66	63	100	71	92.82	29	82	88	115																																																																																																																																																																																														
121	90.28	131	4	46	109	30.52	90	46	115	1	64.21	132	142	129.9	84	14	9	12	60.96	21	14	29	3	74.14	46	115	77.62	65	69	88	112	75.14	4	16	18	28	24.82	20	103	119.79	88	96	125	150	30.75	13	137	97	32																																																																																																																																																																																														
41	52.99	88	126	5	92	121.32	12	39	65	52	130.2	7	25	107.83	92	40	57	131	35.27	6	44	65	70	148.25	112	64	39.8	58	99	17	54	86.36	35	51	78	47	140.72	120	139	66.17	95	72	31	55	78.96	21	10	64	60																																																																																																																																																																																														
34	90.97	108	111	117	68	138.53	115	69	136	120	121.93	138	100	107.08	6	19	105	111	4.33	26	18	120	68	73.42	104	123	123.18	100	127	144	71	37.53	63	138	69	16	124.58	58	104	137.86	101	132	44	139	134.23	48	75	71	126																																																																																																																																																																																														
102	109.21	57	121	124	28	144.44	82	61	76	73	129.35	146	100	65.46	63	139	32	56	146.16	109	22	28	16	86.18	150	122	96.69	1	75	149	44	122.83	147	102	84	7	67.05	140	138	82.21	136	57	40	55	67	104	76	69	127																																																																																																																																																																																														
25	66.86	17	87	3	25	65.67	102	25	59	93	142.31	57	141	15.11	116	133	6	103	102.98	35	113	29	117	11.2	48	131	62.12	128	150	10	63	124.26	124	71	54	59	79.73	142	28	143.06	22	92	124	21	11.83	39	117	102	47																																																																																																																																																																																														
113	59.33	7	23	104	15	142.84	62	5	137	113	18.03	35	59	5.41	129	46	44	39	18.25	56	62	8	134	135.11	61	107	17.17	107	16	81	132	55.25	50	83	90	48	69.15	119	81	104.82	28	71	37	78	91.93	95	62	52	9																																																																																																																																																																																														
32	18.49	145	73	10	72	147.2	15	38	4	138	23.51	7	96	83.49	75	56	25	46	21.97	6	95	2	147	97.58	11	17	54.51	17	1	81	78	27.27	134	76	82	45	56.58	100	57	100.46	93	105	65	36	141.15	126	136	48	33																																																																																																																																																																																														
130	37.19	146	141	142	130	7.32	134	99	35	98	69.09	130	37	30.46	106	11	107	128	102.23	4	29	82	26	12.91	141	98	97.84	146	11	13	134	23.04	99	14	107	137	96.46	63	6	67.31	28	141	107	69	78.53	150	107	123	128																																																																																																																																																																																														
13	50.52	66	40	13	65	108.83	23	55	150	32	4.61	14	30	49.02	94	104	73	149	37.75	65	145	94	119	20.06	32	23	95.55	37	36	113	114	42.77	2	12	1	9	59.85	56	59	149.9	20	14	8	101	145.97	131	45	16	80																																																																																																																																																																																														
58	38.92	124	137	104	77	149.13	138	54	50	59	18.95	42	88	17.79	128	111	7	138	12.86	146	20	78	45	84.7	64	14	35.64	140	76	35	61	17.09	25	71	51	18	106.26	69	138	55.46	89	34	45	119	147.87	84	89	73	107																																																																																																																																																																																														
86	4.38	128	92	46	107	86.91	85	139	58	8	139.37	7	56	58.14	119	62	119	27	77.96	93	96	75	20	51.76	27	150	114.15	14	60	147	17	19.19	98	84	91	124	59.69	127	117	109.64	88	103	139	133	9.44	108	14	86	73																																																																																																																																																																																														
2	62.41	99	82	104	60	1.44	129	60	19	5	45.79	74	130	36.12	90	62	37	16	109.76	104	53	5	9	17.96	146	1	113.73	74	99	71	134	60.22	61	121	3	15	33.04	113	95	9.16	99	29	29	79	97.92	61	113	139	79																																																																																																																																																																																														
67	14.88	89	14	113	29	65.31	136	38	40	22	127.68	133	95	114.16	96	103	143	87	23.39	100	39	136	46	138.48	41	63	139.98	63	75	9	90	46.41	38	57	135	147	84.8	120	79	66.96	22	120	9	141	56.45	84	115	28	55																																																																																																																																																																																														
105	18.55	146	97	108	11	33.69	131	70	126	6	135.91	147	107	86.58	122	44	132	60	32.74	36	60	59	67	15.38	38	53	16.71	114	64	90	139	106.3	41	104	46	102	118.84	124	56	55.15	2	110	77	67	99.95	86	36	8	70																																																																																																																																																																																														
125	113.65	143	87	10	45	5.06	37	43	36	118	24.38	37	56	82.37	96	69	61	88	11.83	125	125	10	12	98.26	10	71	85.85	118	67	139	90	48.12	93	110	124	22	100.18	38	97	100.14	147	138	85	140	39.61	56	60	69	6																																																																																																																																																																																														
124	118.86	121	43	126	60	51.4	46	47	148	28	36.72	72	139	23.32	19	110	82	114	119.25	47	131	133	115	101.72	13	137	86.24	130	117	33	146	30.15	34	79	57	52	92.39	68	123	135.39	45	26	71	70	45.28	39	85	119	38																																																																																																																																																																																														
33	97.41	12	149	123	57	60.75	83	128	112	133	19.45	30	15	127.07	96	77	14	145	88.74	51	6	72	82	135.51	47	95	98.91	48	62	82	65	34.61	31	29	49	125	18.16	90	64	50.53	98	149	30	100	123.72	77	40	60	100																																																																																																																																																																																														
146	145.8	127	136	149	105	92.52	100	95	123	146	130.66	63	15	80.84	148	67	38	70	86.46	102	103	34	9	26.32	51	39	102.82	26	124	150	128	109.75	122	35	9	24	34.23	45	144	86.2	120	73	25	122	18.65	11	41	145	93	77	74	69	145.75	4	143	99	17	13.37	125	127	2	54	35.64	149	4	56	84	86.64	133	90	28	124	90.19	82	106	133	63	66.7	10	6	8	136	112.32	14	71	24	130	4.05	1	140	69	2	64.51	54	122	18	105	144.85	113	106	42	139	58.14	73	114	83	144	46.85	52	39	69	2	100.37	67	16	128	95	34.21	31	47	123	42	92.42	34	17	90	55	139.24	134	67	126	140	107.44	26	7	83	129	34.3	1	93	43	12	128.49	95	34	4	38	44.91	86	92	103	64	8.41	76	68	110	148	112.65	46	69	20	62	83.43	19	47	20	38	39.11	90	24	96	136	2.4	72	98	30	10	23.65	28	116	111	103	98.81	137	142	105	145	30.07	23	18	137	60	91.68	131	132	88	58	85.58	105	143	34	13	52.5	139	113	110	1	27.24	45	36	29	28	13.48	135	52	53	126	106.68	79	75	92	80	22.58	103	30	62	129	2.02	98	47	16	106	70.64	147	128	51	147	60.9	17