50 240
21	99.27	84	111	29	107	136.35	148	112	40	87	18.02	72	132	29.39	64	125	147	96	113.43	57	125	76	80	102.98	36	96	4.63	84	3	146	107	60.69	139	119	30	1	78.85	52	43	46.1	107	12	140	79	21.1	51	144	55	55																																																																																																																																																																																														
128	100.99	39	133	110	22	110.68	70	19	12	79	7.4	41	24	41.05	109	81	105	80	26.95	50	14	87	111	72.94	34	57	109.68	34	27	57	18	99.51	36	146	23	6	8.8	112	18	119.84	78	123	128	46	51.23	107	63	73	71																																																																																																																																																																																														
79	105.2	98	65	22	115	25.06	95	19	55	8	63.99	146	8	22.75	79	39	88	58	34.09	96	136	3	72	125.38	134	148	51.89	122	49	28	58	9.16	26	103	83	40	111.86	43	140	149.65	77	106	93	74	132.69	48	19	35	111																																																																																																																																																																																														
87	97.29	86	129	137	48	58.11	88	86	117	149	99.93	84	64	129.44	15	63	126	127	29.92	36	77	135	105	48.1	76	37	21.44	49	69	23	5	65.34	20	13	121	127	49.06	126	113	35.92	145	101	143	23	34.31	86	63	22	31																																																																																																																																																																																														
142	23.93	31	112	59	52	13.2	35	87	10	111	46.72	14	108	86.94	120	96	149	64	126.58	132	74	19	67	130.9	117	48	56.7	57	17	48	27	61.06	58	149	137	27	8.85	107	114	148.32	102	105	121	131	21.49	70	140	70	80																																																																																																																																																																																														
29	65.2	75	9	81	110	138.72	11	29	37	146	63.56	80	112	69.34	108	71	89	96	41.19	63	44	6	145	130.69	51	60	16.32	145	76	131	66	72	22	64	96	66	58.68	79	99	21.39	47	24	67	114	143.05	130	136	11	13																																																																																																																																																																																														
126	83.8	73	5	43	54	114.76	121	121	117	103	74.85	60	77	42.67	116	45	57	107	127.83	95	56	3	18	127.48	77	83	125.2	33	70	130	27	43.07	119	126	14	113	51.44	63	38	41.42	98	115	115	4	146.99	34	35	29	129																																																																																																																																																																																														
120	116.72	60	110	17	87	46.14	5	78	124	116	114.98	61	61	96.67	78	112	119	27	63.68	107	134	62	106	131.08	134	147	34.33	31	52	81	63	70.43	28	19	41	120	25.71	55	71	2.4	30	104	27	49	129.61	28	3	33	45																																																																																																																																																																																														
74	52.9	50	21	95	44	48.4	26	18	66	3	57.85	54	113	77.07	109	101	121	90	97.86	43	60	55	27	102.1	24	3	6.12	7	38	39	81	136.26	21	54	49	22	6.34	95	67	42.18	69	31	42	106	12.66	123	71	40	4																																																																																																																																																																																														
2	145.98	69	71	129	36	99.49	122	123	111	57	43.76	110	140	8.79	30	124	3	79	128.32	5	81	138	134	25.33	149	136	11.85	89	44	26	80	63.51	104	28	92	145	129.49	98	140	148.95	150	71	146	102	67.17	137	43	15	141																																																																																																																																																																																														
35	38.08	115	83	132	12	82.04	104	110	110	7	27.6	109	48	23.05	121	20	43	29	103.37	29	5	38	10	24.06	121	145	57.61	149	87	29	31	31.7	141	147	27	87	84.69	111	147	77.11	96	58	149	111	55.61	141	138	60	62																																																																																																																																																																																														
46	73.12	18	47	108	9	25.86	36	50	6	29	53.12	57	93	21.52	37	61	57	136	24.92	133	64	9	52	116.2	18	11	137.84	96	119	71	20	93.7	69	105	14	10	108.73	93	148	64.56	87	141	22	71	85.36	14	14	32	75																																																																																																																																																																																														
91	29.36	123	7	9	22	59.49	15	69	104	56	101.02	67	87	122.07	118	59	20	95	44.19	134	130	149	68	19.06	49	143	97.57	122	74	76	88	138.14	87	69	41	17	75.61	149	115	133.4	63	82	122	26	41.2	80	105	59	13																																																																																																																																																																																														
120	127.23	141	32	62	17	38.22	86	41	84	49	80.23	77	13	63.89	111	56	139	51	131.13	1	87	59	134	129	36	35	63.13	33	110	4	55	52.41	61	37	140	81	88.82	129	110	106.53	58	148	113	135	132.12	120	82	26	78																																																																																																																																																																																														
89	91.19	85	128	112	32	58.86	44	4	98	75	109.43	122	71	33.94	52	43	39	58	107.29	87	66	76	79	126.62	86	29	139.11	122	141	83	115	84.9	140	143	20	10	107.17	77	139	144.28	134	4	120	112	19.05	79	53	46	70																																																																																																																																																																																														
92	79.65	120	133	149	142	133.21	81	109	150	100	79.66	84	61	73.82	65	30	121	50	85.56	51	101	5	44	11.7	80	65	89.92	130	133	48	42	86.25	138	43	72	137	92.55	24	51	145.48	17	25	104	99	10.97	78	107	63	38																																																																																																																																																																																														
95	4.28	22	36	98	125	63.48	49	112	124	30	118.68	130	124	132.96	113	101	117	126	127.26	91	71	36	13	50.25	134	59	23.8	140	90	20	139	119.34	95	119	78	10	63.95	10	103	64.05	53	22	31	11	22.98	140	104	134	127																																																																																																																																																																																														
48	130.22	129	146	124	52	35.46	76	42	149	146	35.93	114	37	146.62	1	70	115	130	104.66	104	137	89	98	10.93	55	77	48.97	143	108	118	101	28.57	17	47	5	94	105.89	30	10	12.47	120	41	98	125	40.94	104	19	9	123																																																																																																																																																																																														
115	72.08	63	7	60	7	54.27	64	53	29	91	146.02	65	57	48.32	101	102	141	106	136.1	90	107	35	85	46.38	86	102	61.34	42	98	143	128	113.82	63	85	27	150	74.87	105	48	63.99	114	101	24	107	80.31	8	54	79	102																																																																																																																																																																																														
49	148.98	75	12	94	123	106.21	27	64	115	60	129.47	109	111	83.21	150	36	66	136	108	125	72	78	3	45.69	86	121	137.09	101	88	88	139	7.39	135	30	87	15	17.59	40	126	125.09	2	100	12	98	25.01	131	55	4	97																																																																																																																																																																																														
1	129.49	29	75	83	134	92.26	87	124	35	69	35.05	5	42	60.98	83	24	62	31	110.06	4	82	7	124	73.16	136	46	136.35	150	120	84	110	119.6	88	62	41	144	126.01	56	25	107.45	9	150	134	66	104.59	70	129	121	92																																																																																																																																																																																														
143	28.22	29	109	20	112	89.71	107	134	95	33	103.96	55	17	34.77	21	10	143	100	122.67	103	143	73	72	48.08	12	87	103.95	25	17	12	41	140.11	122	114	46	57	58.11	82	31	94.86	93	54	84	134	5.32	143	102	17	132																																																																																																																																																																																														
75	66.03	121	103	109	76	40.51	80	92	40	43	5.5	132	34	140.03	126	19	52	11	75.63	105	35	76	7	108.18	19	18	93.31	143	107	55	64	113.15	110	74	74	59	117.1	7	62	115.61	45	24	10	115	99.75	94	11	43	48																																																																																																																																																																																														
94	25.33	38	5	38	48	33.89	78	74	113	77	59.54	76	88	70.71	89	38	37	126	58.4	31	32	40	96	1.6	125	81	50.71	93	95	141	136	116.16	41	34	85	45	95.22	86	140	141.12	125	52	122	16	90.49	76	9	103	125																																																																																																																																																																																														
73	117.18	12	48	56	108	8.42	87	123	139	136	7.45	98	14	81.31	147	76	122	75	124.89	111	110	133	65	13.28	55	70	101.75	111	92	75	131	81.82	71	138	121	14	85.03	103	48	121.53	113	120	19	18	114.68	42	129	82	143																																																																																																																																																																																														
6	16.78	137	94	143	96	128.27	81	46	24	115	60.1	31	128	117.34	4	36	126	30	23.12	11	41	144	91	127.54	37	94	142.81	69	112	26	34	23.75	135	108	50	85	126.16	63	25	55.25	24	53	26	73	16.29	150	147	128	85																																																																																																																																																																																														
24	104.13	28	8	24	25	25.05	132	45	35	118	67.72	47	81	67.79	145	87	45	63	124.41	102	74	48	90	66.73	93	149	34.58	130	31	18	65	92.18	144	25	41	17	125.75	89	91	9.75	92	102	25	122	35.57	9	90	53	1																																																																																																																																																																																														
41	38.1	51	98	106	54	85.41	44	25	112	97	77.97	56	103	8.83	42	51	52	44	28.17	72	147	112	50	39.47	69	68	82.48	20	112	132	117	117.99	83	14	91	116	38.28	76	22	17.42	34	132	104	18	91.3	10	142	121	66																																																																																																																																																																																														
128	23.52	70	41	78	139	110.7	139	137	145	32	62.33	20	19	28.91	110	103	74	20	45.91	66	108	47	55	120.33	33	88	36.77	68	102	107	41	95.31	43	5	56	107	124.99	50	146	113.25	112	17	42	36	67.16	52	30	115	94																																																																																																																																																																																														
130	41.4	142	109	83	32	11.91	76	97	49	11	131.32	23	39	142.31	74	136	65	105	29.52	1	133	50	104	34.25	143	150	34.12	99	72	8	84	7.54	112	13	120	60	37.53	31	140	93.98	79	84	5	27	7.18	39	104	106	19																																																																																																																																																																																														
136	44.05	51	63	49	120	103.96	35	59	28	36	26.19	74	146	73.56	135	50	9	76	138.26	119	117	15	27	90.68	143	108	77.58	71	131	47	71	59.45	55	74	55	108	134.44	3	101	112.18	61	121	143	111	84.65	49	124	86	22																																																																																																																																																																																														
85	96.07	71	26	34	46	93.92	78	121	6	41	6.76	79	71	132.06	58	42	61	123	105.5	53	40	35	38	107.53	79	84	96.07	28	48	18	135	135.58	9	141	103	112	65.11	78	58	83.72	74	82	11	64	49.11	18	41	22	88																																																																																																																																																																																														
59	74.22	51	149	123	61	24.27	86	134	131	147	138.04	8	79	65.79	79	80	23	141	129.85	1	48	88	94	54.4	83	23	129.89	144	150	146	57	76.19	126	17	47	32	140.77	52	100	111.03	85	149	51	16	81.67	54	110	36	92																																																																																																																																																																																														
25	10.68	13	66	23	75	77.88	36	83	13	56	119.2	91	141	15.51	78	2	143	22	73.33	62	45	147	81	104.51	121	101	105.42	64	150	104	125	133.24	26	39	60	37	105.42	136	94	80.9	122	79	112	101	94.67	20	57	50	80																																																																																																																																																																																														
137	48.91	131	14	146	83	21.27	134	43	65	89	19.67	117	129	129.5	148	36	112	150	35.87	4	65	109	72	89.27	115	147	32.31	83	142	5	15	118.21	54	50	54	70	120.49	26	76	123.55	37	45	125	144	68.1	77	58	76	125																																																																																																																																																																																														
124	142.94	83	97	105	99	4.82	69	67	57	35	1.53	55	115	48.9	112	88	90	101	83.6	96	21	47	139	56.02	13	36	66.22	74	127	55	11	17.64	105	139	41	36	10.39	142	73	26.77	6	90	40	25	79.42	76	81	45	22																																																																																																																																																																																														
138	48.66	72	73	84	72	144.79	36	16	114	137	133.79	16	41	136.31	67	40	114	37	102.76	5	105	72	82	74.27	117	8	112.27	103	62	5	144	41.76	24	63	22	115	22.89	90	114	127.26	5	18	95	32	48.91	32	37	16	45																																																																																																																																																																																														
118	41.95	50	17	116	140	67.84	97	12	87	14	91.43	42	110	99.15	46	123	1	23	122.63	79	132	18	56	102.38	83	57	76.18	116	80	4	108	143.62	54	91	6	64	108.76	3	13	4.92	118	99	32	30	94.16	75	118	109	65																																																																																																																																																																																														
43	75.36	90	71	1	86	28.94	5	61	117	62	1.78	24	75	21.09	81	103	141	40	106.7	101	102	25	43	50.25	112	46	47.63	74	36	28	20	149.62	113	134	80	106	46.68	141	84	10.72	145	119	130	1	116.59	138	58	78	95																																																																																																																																																																																														
137	133.18	84	61	23	83	41.24	57	31	109	37	30.35	145	102	83.91	106	106	138	150	48.36	82	78	59	30	16.72	132	33	81.95	17	138	62	84	112.75	118	94	100	58	149.28	34	67	81.35	85	8	139	135	65.14	77	8	32	123																																																																																																																																																																																														
64	142.65	80	25	71	101	17.3	89	105	89	131	55.38	67	50	66.77	86	3	87	34	42.23	103	140	59	66	82.33	111	1	136.07	67	91	81	76	136.1	114	51	2	51	115.04	62	41	125.05	112	148	80	46	58.28	97	7	128	80																																																																																																																																																																																														
21	49.63	150	94	49	58	124.28	46	69	54	45	32.7	38	51	78.65	115	6	69	48	88.64	115	24	85	6	141.55	54	137	136.3	9	66	59	110	3.72	121	54	145	61	114.63	42	103	56.47	56	43	96	28	37.38	73	93	102	120																																																																																																																																																																																														
54	46.51	46	83	73	124	23.16	148	6	95	51	116.21	55	150	87.99	92	37	1	118	21.3	30	72	7	19	124.81	118	54	147.33	45	105	54	3	19.09	48	27	98	59	29.62	105	23	79.45	108	5	134	38	80.07	37	19	25	60																																																																																																																																																																																														
29	111.49	107	81	76	98	42.34	18	32	97	68	60.74	59	84	108.35	122	133	63	9	55.73	57	150	46	142	66.99	85	73	6.4	116	138	18	20	2.23	132	142	63	27	91.56	24	47	97.89	114	103	6	107	103.58	109	141	12	37																																																																																																																																																																																														
127	77.11	25	146	121	14	117.99	108	98	41	141	133.98	114	67	71.64	54	103	9	45	107.22	57	39	46	19	106.81	87	112	51.01	36	131	49	106	39.18	25	43	145	130	60.44	95	22	104.97	70	128	5	60	3.94	145	34	11	50																																																																																																																																																																																														
66	106.27	149	57	60	119	19.49	55	17	124	130	42.88	4	26	103.32	69	84	148	140	122	32	115	8	19	68.61	63	30	123	60	138	31	42	49.25	128	13	90	62	53.13	2	121	69.75	144	122	136	45	17.5	125	9	53	103																																																																																																																																																																																														
5	112.56	102	46	90	26	149.06	90	12	143	58	128.58	37	96	133.79	148	114	143	84	67.89	47	116	28	74	101.43	100	98	58.31	113	96	141	122	93.21	132	93	123	73	103.49	64	114	113.88	89	80	105	32	119.88	136	15	58	131																																																																																																																																																																																														
147	48.95	68	68	108	55	109.4	75	42	112	71	128.24	69	41	102.52	74	101	133	114	142.98	7	96	15	38	16.57	101	24	43.02	87	64	48	32	50.71	75	143	62	100	80.92	135	146	44.11	75	39	76	66	82.79	60	105	62	111																																																																																																																																																																																														
143	107.93	69	3	55	99	119.02	120	120	36	94	106.1	32	74	135.78	46	12	41	105	23.84	6	134	31	49	9.55	1	27	121.13	149	55	78	130	26	88	101	103	38	30.4	81	18	122.55	72	86	125	87	122.8	94	9	54	110																																																																																																																																																																																														
9	34.04	69	97	44	9	99.63	111	132	116	36	87.23	66	23	48.46	53	103	145	78	136.26	44	121	149	64	64.25	104	15	85.82	135	35	91	59	111.35	149	10	119	79	101.62	23	145	55.65	132	114	54	45	39.08	100	61	20	40																																																																																																																																																																																														
48	23.21	35	67	132	114	39.05	83	78	19	25	1.04	116	150	128.57	4	17	27	19	64.61	46	10	59	88	137.9	101	30	63.71	63	40	54	107	45.76	126	94	116	35	20.12	148	39	1.24	67	84	61	98	87.86	86	83	18	135																																																																																																																																																																																														
66	28.07	95	74	39	16	26.43	149	31	37	55	80.46	97	103	147.06	105	68	140	148	61	62	127	24	25	8.14	35	149	103.82	92	51	2	101	140.74	97	108	145	37	109.04	70	124	117.69	39	121	108	24	55.51	11	13	79	116																																																																																																																																																																																														
85	61.79	68	132	149	53	9.27	56	124	142	75	48.9	11	121	89.34	75	44	71	140	24.15	122	40	143	100	4.82	146	54	118.79	129	102	18	59	3.11	29	5	38	103	69.53	127	16	19.14	4	60	20	117	11.86	45	112	34	123																																																																																																																																																																																														
37	108.9	2	14	97	140	100.78	77	103	137	71	14.79	114	94	97.99	86	59	94	138	66.07	12	53	90	128	47.57	101	129	80.45	20	75	43	71	137.87	36	32	32	1	73.65	141	6	64.57	70	78	132	126	4.26	98	143	107	64																																																																																																																																																																																														
24	71.27	104	53	12	111	106.61	11	101	95	98	61.26	71	19	86.68	120	147	111	39	59.32	39	78	74	1	66.75	116	138	112.89	133	58	114	137	68.06	60	16	36	118	11.19	85	12	141.38	52	33	125	33	14.33	47	116	74	104																																																																																																																																																																																														
88	47.25	42	69	115	42	122.46	33	121	131	147	100.27	14	107	135.63	106	132	24	119	70.16	67	74	68	146	92.19	98	62	8.91	31	79	28	89	145.64	83	106	53	28	89.1	28	90	36.62	131	43	20	7	16.03	52	69	1	35																																																																																																																																																																																														
71	43.75	97	80	18	68	91.27	117	52	91	114	84.97	75	26	140.63	28	129	15	121	24.85	76	75	93	74	35.96	13	135	81.19	24	22	122	118	121.16	21	115	92	70	149.3	25	126	13.78	42	71	131	92	46.54	135	143	112	103																																																																																																																																																																																														
140	89.84	85	131	69	24	82.73	114	136	119	120	16.85	39	22	5.69	135	148	40	131	147.22	48	119	64	13	102.07	53	149	128.96	27	14	19	140	40.84	93	13	82	60	42.89	77	46	75.38	83	135	129	146	101.14	12	3	105	145																																																																																																																																																																																														
139	83.23	120	14	72	74	45.86	30	130	12	63	68.24	88	81	75.67	100	40	142	119	113.85	73	144	42	131	67.38	11	39	119.5	148	99	59	107	23.03	44	45	17	66	147.62	78	30	108.59	69	52	29	29	136.03	31	25	81	68																																																																																																																																																																																														
59	122.07	90	68	116	67	75.15	15	58	54	83	103.55	68	13	78.33	100	56	61	116	107.02	78	126	73	143	104.14	93	137	58.61	73	26	43	147	19.93	57	99	44	57	71.86	145	107	9.87	6	111	65	55	18.97	125	106	107	36																																																																																																																																																																																														
46	84.84	85	29	91	56	99.99	64	8	48	92	148.24	79	78	104.05	83	23	11	104	112.1	77	92	84	7	121.76	130	27	143.02	133	62	103	99	140.71	64	143	107	43	21.78	56	113	22.64	88	1	84	96	43.96	127	56	113	85																																																																																																																																																																																														
88	74.81	87	132	10	30	146.36	22	70	68	66	21.65	8	95	72.94	108	16	6	95	98.95	6	113	25	26	6.53	98	25	6.46	146	84	3	112	142.09	67	74	70	100	44.56	125	53	17.13	122	85	41	76	27.3	39	76	136	70																																																																																																																																																																																														
1	44.09	93	1	125	30	50.17	27	146	92	118	128.31	102	20	128.01	11	71	73	116	27.01	54	119	128	149	31.01	77	59	67.81	40	27	33	31	86.15	150	94	148	26	12.62	53	14	31.09	11	109	100	90	98.04	73	91	118	88																																																																																																																																																																																														
84	59.46	109	107	99	8	138.61	28	132	27	128	11.65	117	68	96.68	34	102	131	20	49.35	9	90	37	45	119.86	2	79	100.33	103	81	131	91	22.91	75	149	54	109	97.79	75	90	56.54	46	6	124	125	76.36	130	18	23	56																																																																																																																																																																																														
136	91.53	116	71	16	89	66.64	49	71	141	31	41.98	90	53	74.87	89	45	38	103	127.12	139	125	19	77	32.87	43	3	97.49	80	34	107	47	141.42	117	88	133	8	129.11	16	127	9.29	45	138	70	84	71.79	19	42	128	2																																																																																																																																																																																														
84	121.74	59	27	76	26	45.47	129	139	137	41	89.16	23	39	136.91	73	116	138	25	75.3	112	31	119	58	79.46	135	42	137.25	126	8	123	51	92.71	42	99	53	126	28.05	68	34	148.69	18	32	49	46	108.7	138	44	37	110																																																																																																																																																																																														
137	131.85	8	115	88	135	115.23	68	36	137	38	4.94	103	146	128.79	18	33	97	128	92.44	101	2	142	120	43.03	64	136	33.99	28	84	100	67	54.1	84	109	145	117	82.27	24	45	35.5	79	85	136	31	15.17	109	32	112	17																																																																																																																																																																																														
84	15.94	145	32	40	123	74.2	33	79	109	136	13.24	43	1	134.56	11	13	25	84	75.43	7	50	24	24	147.29	38	16	92.28	44	68	130	1	143.89	10	135	60	36	90.97	127	44	103.57	11	47	32	133	91.35	55	18	139	134																																																																																																																																																																																														
133	82.62	48	84	141	121	66.18	108	66	138	148	128.24	45	150	20.59	44	77	84	12	38.16	33	89	35	34	146.81	129	88	144.1	75	114	134	102	47.11	135	12	147	31	92.75	49	3	139.23	89	86	66	3	34.3	44	31	35	15																																																																																																																																																																																														
120	122.46	31	43	104	107	124.68	66	116	96	103	71.23	29	123	80.2	83	122	2	33	46.38	97	143	37	148	40.82	32	123	43.01	139	148	150	23	44.66	35	34	118	6	134.19	124	70	41.65	2	11	34	139	33.52	105	97	62	75																																																																																																																																																																																														
119	138.53	93	100	41	88	75.69	80	38	1	108	145.48	53	99	147.38	31	98	105	113	9.93	71	20	4	125	46.76	128	55	32.29	126	9	4	22	110.02	115	135	126	5	51.67	127	119	74.82	103	108	95	29	140.51	144	20	35	150																																																																																																																																																																																														
88	38.23	15	80	101	61	25.47	101	20	30	104	26.8	131	61	47.32	111	144	124	55	86.09	79	41	73	12	20.61	91	70	140.55	8	7	67	71	46.57	74	75	83	38	104.03	121	19	115.32	13	58	37	8	1.71	25	129	50	55																																																																																																																																																																																														
51	57.83	130	60	23	72	139.2	21	102	111	126	110.08	133	147	32.43	138	96	134	53	14.41	35	138	83	59	93.17	35	42	80.98	101	103	63	85	80	113	110	79	85	109.25	29	66	118.9	9	44	113	99	63.7	146	44	81	42																																																																																																																																																																																														
138	2.2	114	31	72	53	99.61	4	123	24	86	11.66	125	78	86.55	86	19	17	49	5.76	18	11	94	41	49.32	9	86	103.24	119	112	46	19	24.15	97	68	41	4	77.06	110	54	138.51	77	22	91	139	62.65	30	31	12	101																																																																																																																																																																																														
73	33.63	148	77	78	107	113.21	105	112	65	121	5.46	100	70	16.68	31	141	74	52	35.72	76	147	45	11	33.22	67	110	73.73	92	42	129	117	134.78	125	103	75	74	35.01	22	24	113.55	24	22	127	133	2.34	69	54	105	103																																																																																																																																																																																														
97	9.01	45	18	71	57	60.22	126	91	150	5	104.68	78	99	18.14	53	64	132	58	80.64	54	32	48	78	68.38	133	125	70.08	113	6	72	67	55.89	118	91	113	90	144.56	6	51	136.38	101	76	113	59	144.76	105	148	30	86																																																																																																																																																																																														
121	125.85	51	57	146	96	81.03	111	115	24	143	35.55	14	90	4.44	58	148	81	120	37.05	17	3	144	7	119.59	118	58	108.18	33	60	80	91	81.99	72	57	100	102	85.94	34	141	72.15	129	42	123	33	31.38	147	65	75	116																																																																																																																																																																																														
45	134.95	143	86	60	55	18.27	109	127	94	93	133.82	57	28	22.44	108	104	89	116	143.93	15	11	122	103	101.38	71	102	15.75	35	66	11	105	8.25	142	5	140	41	121.61	31	62	13.65	76	31	77	127	116.45	122	101	98	55																																																																																																																																																																																														
86	42.5	83	83	103	28	148.67	38	34	11	55	120.4	100	106	101.65	123	80	94	87	136.7	122	6	84	88	97.01	60	109	121.95	136	71	123	121	50.63	32	75	20	39	89	132	20	2.11	10	84	129	27	65.4	62	59	109	71																																																																																																																																																																																														
111	10.64	108	103	56	99	106.45	15	99	64	56	81.9	112	35	131.5	37	96	70	60	22.43	81	60	101	12	50.26	135	128	65.25	10	16	56	86	132.29	72	143	40	100	113.67	113	145	64.46	81	114	31	27	140.2	90	28	56	15																																																																																																																																																																																														
60	67.38	53	72	134	67	87.72	9	73	17	16	126.44	109	103	129.08	34	67	30	6	24.91	71	118	10	32	114.89	107	64	38.17	6	149	64	55	97.68	69	39	78	150	32.61	148	42	66.4	104	131	106	71	25.82	103	78	65	96																																																																																																																																																																																														
89	30.02	131	85	66	47	107.92	94	73	69	17	15.72	139	23	130.51	90	28	97	102	27.6	51	144	60	34	113	61	93	119.4	13	104	73	46	106.65	134	93	114	33	112.1	147	128	96.44	131	28	138	83	62.95	94	134	139	121																																																																																																																																																																																														
108	103.01	94	100	104	132	74.15	90	37	80	43	102.45	56	149	36.95	13	42	80	65	39.71	50	123	49	131	124.38	99	75	89.32	79	62	144	150	126.43	66	38	126	132	84.33	135	85	100.12	18	23	130	50	93.83	16	53	138	62																																																																																																																																																																																														
42	17.77	13	80	9	126	136.23	52	138	150	69	87.54	95	23	112.91	51	8	101	13	87.23	96	63	18	80	87.68	81	31	84.85	26	109	7	84	149.29	54	33	148	122	149.91	104	137	114.06	138	99	140	27	88.31	77	96	18	90																																																																																																																																																																																														
150	24.65	37	126	25	4	84.1	50	74	125	65	124.35	100	5	47.25	59	1	21	13	135.36	115	111	120	56	95.72	123	120	122.58	34	33	77	104	145.41	124	31	65	48	55.01	24	126	142.36	134	110	133	149	75.62	9	131	61	50																																																																																																																																																																																														
54	9.48	52	108	57	99	60.68	78	45	139	56	149.34	126	147	71.61	25	62	105	89	82.27	57	119	29	111	13.51	82	54	95.47	116	91	27	45	137.5	16	50	63	38	144.2	44	133	133.67	40	85	57	68	144.76	83	12	128	139																																																																																																																																																																																														
56	121.42	44	22	32	106	88.24	89	54	62	54	113.66	137	116	59.76	64	5	27	125	104.09	81	118	55	45	118.95	128	139	34.71	129	150	21	115	107.65	53	37	46	90	34.7	127	87	140.73	113	21	7	90	40.84	87	126	39	44																																																																																																																																																																																														
58	93.25	110	59	3	85	7.85	134	50	97	147	11.63	17	2	122.55	31	148	16	147	104.48	127	2	3	75	29.7	6	33	51.96	15	60	86	145	56.19	86	43	8	115	139.55	95	83	149.59	71	46	150	142	32.44	87	89	28	89																																																																																																																																																																																														
127	108.26	78	144	130	66	36.66	131	32	115	8	117.35	87	88	26.87	50	138	23	117	54.26	48	92	68	64	19.1	56	150	67.56	135	127	106	56	49.32	137	106	26	98	60.45	20	30	117.62	119	41	125	92	85.3	142	13	24	8																																																																																																																																																																																														
119	33.81	49	78	99	49	42.06	82	130	78	35	141.88	13	143	46.45	10	123	42	114	97.62	129	31	75	22	5.63	119	88	83.59	130	129	53	109	52.89	70	19	99	137	98.67	96	8	18.83	36	41	32	36	69.12	74	42	130	126																																																																																																																																																																																														
67	127.67	140	123	64	148	58.65	87	1	146	9	63.01	144	4	41.52	52	67	39	24	88.8	138	39	27	65	99.32	2	115	98.54	32	12	95	44	105.38	21	133	12	36	77.82	148	103	79.17	144	113	112	53	133.15	125	88	147	49																																																																																																																																																																																														
125	21.97	33	62	134	33	132.61	74	96	73	132	123.04	92	65	31.46	121	9	2	32	24.82	63	37	112	115	92.6	139	120	141.18	19	29	8	54	34.76	23	47	150	29	102.83	75	101	91.75	125	54	9	31	113.27	13	124	23	2																																																																																																																																																																																														
68	121.63	92	104	3	98	42.34	101	4	15	137	76.53	103	84	48.36	125	61	141	104	9.2	122	12	117	11	110.51	58	41	58.3	116	34	40	106	118.47	55	71	34	44	128.36	72	15	30.34	4	131	40	119	29.83	96	84	49	101																																																																																																																																																																																														
106	142.24	120	137	75	24	27.48	11	3	53	15	68.72	43	19	116.39	141	112	35	97	136.57	17	35	103	53	40.08	84	100	88.93	76	29	57	90	23.73	68	11	121	147	79.31	33	64	21.21	114	66	104	20	85.14	73	61	80	56																																																																																																																																																																																														
21	115.05	80	115	40	88	40.77	150	62	29	117	120.69	40	104	57.28	72	53	105	94	33.33	58	25	141	122	25.75	143	132	119.2	76	11	41	139	139.28	18	22	34	130	63.47	10	131	3.94	41	111	136	72	103.77	77	129	39	78																																																																																																																																																																																														
26	9.46	85	58	23	109	75.88	113	38	9	64	124.77	84	41	120.37	71	116	89	128	128.65	109	87	43	102	30.47	24	37	101.53	7	91	122	94	127.5	77	52	67	29	18.55	90	146	9.53	110	111	15	20	66.45	58	37	114	70																																																																																																																																																																																														
13	19.17	54	85	134	60	103.44	28	126	149	135	9.52	138	102	144.26	17	113	85	120	34.87	101	61	14	67	33.48	8	139	125.03	78	28	83	44	140.14	40	147	13	141	38.06	11	47	108.78	28	42	130	129	86.87	8	16	23	52																																																																																																																																																																																														
100	77.52	9	105	18	82	78.48	13	19	71	114	88.82	123	52	16.63	105	5	18	10	4.08	73	16	146	90	33.95	145	97	37.82	60	20	58	19	14.97	85	149	6	88	73.65	134	120	112.59	1	14	69	60	131.31	138	118	4	76																																																																																																																																																																																														
132	81.56	84	50	29	82	35.2	133	19	143	55	5.78	81	33	113.47	17	129	82	35	84.05	134	78	50	106	66.12	86	26	142.93	79	57	75	94	60.23	7	97	56	115	82.08	63	51	9.06	32	105	36	29	84.84	73	15	64	96																																																																																																																																																																																														
94	31.94	76	122	127	72	29.54	101	85	60	44	148.14	51	92	45.89	12	134	92	47	117.62	118	104	114	92	106.43	96	64	92.38	127	9	137	54	34.37	130	114	106	85	94.7	67	90	22.34	38	81	104	120	138.24	16	55	88	109																																																																																																																																																																																														
16	34.37	144	124	49	100	146.96	2	124	80	43	128.15	140	74	122.21	108	104	36	149	118.07	25	117	107	145	91.03	55	68	91.83	69	75	56	68	90.18	65	38	143	6	6.82	144	104	35.19	122	57	1	110	32.91	86	45	84	107																																																																																																																																																																																														
95	79.57	108	119	92	30	52.8	62	145	71	48	44.23	13	134	88.59	31	68	50	23	22.04	23	10	120	55	112.71	45	145	48.25	39	51	120	99	104.93	90	1	67	14	59.16	109	60	31.15	103	55	118	6	136.95	79	119	99	57																																																																																																																																																																																														
69	34.29	1	133	111	12	21.3	90	104	3	27	56.37	136	11	40.82	147	43	103	112	83.58	13	94	8	97	27.28	6	17	64.06	28	114	72	140	116.51	132	144	65	26	70.13	58	119	87.61	30	41	103	86	113.27	31	128	56	117																																																																																																																																																																																														
81	145.79	31	17	74	51	106.49	20	79	146	42	53.33	128	15	103.57	128	141	115	69	126.91	82	76	54	120	95.28	120	23	84.2	91	8	114	118	26.16	61	129	111	137	103.94	77	56	15.01	129	87	61	130	16.17	25	17	21	97																																																																																																																																																																																														
120	1.76	18	73	119	84	124.02	147	145	18	93	139.85	48	85	127.62	97	78	137	60	61.12	109	93	81	82	141.92	32	64	50.53	132	100	51	112	31.5	99	49	92	124	45.99	141	76	45.34	17	3	127	52	13.27	77	26	65	122																																																																																																																																																																																														
115	56.87	116	112	87	110	61.44	118	52	80	148	11.33	80	135	100.8	138	6	23	78	26.51	88	141	117	36	112.18	97	78	43.15	134	36	70	108	85	141	119	102	147	139.09	36	34	92.94	53	51	86	8	98.14	60	53	25	56																																																																																																																																																																																														
79	130.27	67	10	37	14	51.97	104	59	121	111	5.6	48	58	114.2	18	131	136	117	51.14	5	112	139	117	126.41	16	4	120	96	43	111	72	63.32	107	132	69	23	129.12	95	118	77.51	99	35	84	136	135.85	51	80	27	100																																																																																																																																																																																														
50	74.45	91	58	80	42	25.9	93	61	99	90	33.97	106	48	32.84	95	93	75	25	63.59	27	67	71	121	59.69	87	93	123.27	46	77	37	85	67.05	27	20	149	73	115.24	115	74	78.1	23	20	107	41	58.25	37	67	61	150																																																																																																																																																																																														
90	127.12	29	52	8	40	2.23	112	128	58	100	87.68	116	8	79.27	51	54	19	98	48.76	87	40	140	41	28.44	70	123	125.33	59	23	87	117	149.51	44	73	76	71	135.57	141	87	120.58	49	54	81	17	126.28	63	71	81	80																																																																																																																																																																																														
142	92.88	108	113	114	40	90.25	2	33	64	124	36.28	104	91	63.89	39	27	21	79	52.87	101	56	87	113	148.35	66	47	68	81	109	129	50	62.5	38	128	20	113	131.96	121	118	17.86	136	92	137	102	3.01	5	116	53	133																																																																																																																																																																																														
63	89.61	114	37	54	87	58.54	78	5	110	35	99.11	91	26	92.91	111	114	52	42	15.4	27	83	68	1	83.2	82	45	64.34	125	66	43	111	102.83	4	34	34	130	47.06	136	47	101.5	71	127	118	144	6.81	69	146	19	105																																																																																																																																																																																														
14	58.14	18	11	27	96	142.24	104	131	145	77	8.61	66	140	57.94	91	60	64	142	127.75	112	41	90	96	63.88	99	90	84.91	122	112	22	44	102.27	125	110	119	108	107.82	114	14	131.78	63	37	23	60	98.16	47	133	136	77																																																																																																																																																																																														
118	122.53	142	118	140	55	32.62	109	83	51	62	149.64	122	59	112.78	93	50	1	38	9.28	84	87	19	100	52.15	132	140	56.17	27	66	103	129	68.07	21	88	94	10	46.01	60	39	40.99	96	50	74	121	22.14	101	139	27	33																																																																																																																																																																																														
108	42.34	97	11	21	78	147.26	57	36	118	142	16.97	111	45	48.83	115	80	72	120	7.75	110	35	22	132	114.65	116	34	142.76	75	131	99	30	92.33	78	84	76	139	113.85	129	112	123.84	135	121	74	123	10.44	116	67	32	49																																																																																																																																																																																														
140	86.44	119	103	109	126	46.59	36	135	148	90	61.15	114	147	126.18	39	78	107	66	29.36	67	150	42	43	144.99	24	133	43.87	125	46	116	98	132.76	21	145	123	62	149.12	74	39	96.22	90	146	76	128	66.15	40	99	51	69																																																																																																																																																																																														
20	145.72	45	23	123	110	137.77	18	33	17	124	7.44	115	24	129.85	6	104	29	42	47.14	40	5	134	7	6.97	118	18	1.53	86	126	50	92	84.4	87	3	108	67	23.56	48	143	147.4	42	34	128	105	87.97	109	39	66	36																																																																																																																																																																																														
61	101.25	134	5	17	31	99.7	122	146	53	101	88.09	38	21	62.6	72	96	17	61	64.38	51	37	125	150	9.74	58	82	90.77	7	9	136	137	42.15	38	33	48	97	28.85	4	96	50.24	117	106	16	146	25.25	93	11	77	47																																																																																																																																																																																														
112	136.54	91	32	116	14	115.38	4	30	56	131	100.01	77	138	137.72	92	135	107	33	92.37	33	28	104	107	38.34	35	16	84.06	14	83	20	127	136.43	124	127	36	39	13.64	119	73	48.79	60	95	29	62	8.66	124	52	121	56																																																																																																																																																																																														
101	106.39	12	105	141	143	10.04	49	101	64	20	2.13	118	34	2.73	1	93	39	147	109.18	69	56	118	21	98.8	7	115	22.6	18	143	125	34	124.79	102	78	114	82	45.6	86	77	57.75	75	69	78	11	20.92	118	68	130	81																																																																																																																																																																																														
63	107.2	141	19	106	74	111.8	72	111	50	2	51.66	13	31	128.6	132	108	6	41	32.9	125	140	90	93	88.33	150	25	84.44	78	36	102	122	87.64	83	36	91	1	42.13	149	129	61.9	54	111	10	129	84.94	45	66	113	85																																																																																																																																																																																														
96	112.41	139	5	105	81	76.87	62	106	127	117	94.83	18	13	58.09	30	94	129	50	73.23	99	146	14	138	92.35	108	48	34.35	119	109	78	136	39.46	49	103	27	34	49.89	35	3	29.73	5	92	89	142	140.36	48	131	91	136																																																																																																																																																																																														
105	89.95	42	6	19	48	121.79	17	41	37	75	65.31	121	30	64.26	34	136	48	117	7.71	127	8	72	9	81.11	146	52	93.43	129	61	26	110	34.7	107	21	85	108	108.22	48	103	3.1	131	146	63	72	17.92	93	139	29	100																																																																																																																																																																																														
40	7.97	50	138	79	46	81.12	124	66	126	47	48.43	10	115	101.2	8	61	81	134	72.3	133	127	60	10	37.07	12	140	80.27	106	129	81	122	106.49	96	21	104	100	60.28	46	138	130.29	132	31	13	77	46.22	37	69	111	74																																																																																																																																																																																														
28	53.85	148	101	67	70	48.85	74	112	92	19	105.92	58	129	29.13	24	19	81	18	12.29	72	117	65	142	41.18	105	146	54.43	143	52	77	29	111.35	43	55	64	88	114.75	52	56	20.3	33	89	141	72	110.39	110	148	12	143																																																																																																																																																																																														
21	28.53	89	149	7	25	110.48	48	86	133	123	123.57	28	35	122.31	142	51	14	20	145.35	72	39	6	138	39.44	28	19	18.98	101	150	74	81	83.38	82	79	72	88	44.68	121	90	35.37	128	121	108	125	126.91	41	139	45	50																																																																																																																																																																																														
38	148.1	90	59	145	112	11.61	115	122	125	70	25.51	36	115	18.4	24	93	68	17	88.31	106	20	36	33	75.52	126	22	4.09	10	42	108	110	124.43	17	51	39	145	66.46	116	103	116.21	75	51	9	63	13.96	101	8	47	133																																																																																																																																																																																														
36	28.9	136	40	62	2	80.59	59	146	112	116	111.2	36	84	25.29	44	89	90	70	116.38	36	111	133	56	12.33	141	61	2.77	34	4	43	56	37.8	130	97	139	3	50.6	143	40	52.58	46	60	92	83	35.46	52	96	27	104																																																																																																																																																																																														
124	101.04	23	78	76	135	122.49	77	134	37	62	28.65	121	129	136.71	116	96	113	140	7.36	22	46	138	81	53.24	57	36	3.04	147	147	22	115	92.14	83	5	49	79	25.21	5	56	16.2	117	49	85	136	17.71	55	130	27	121																																																																																																																																																																																														
89	35.46	103	82	117	39	31.11	85	52	86	40	49.63	35	1	66.55	21	40	120	48	74.31	54	112	71	123	75.84	126	132	110.79	110	39	148	113	104.8	60	65	147	72	18.9	7	139	4.88	122	88	95	52	139.4	48	54	31	75																																																																																																																																																																																														
107	147.5	16	40	121	70	132.23	59	106	120	86	35.98	143	110	51.23	49	96	88	80	129.61	8	4	82	7	3.72	19	107	39.01	8	30	116	121	131.3	22	22	43	24	133.68	50	24	102.21	33	64	94	133	89.8	104	50	145	124																																																																																																																																																																																														
57	92.45	85	87	28	97	119.33	18	9	52	141	46.16	23	2	99.98	82	75	3	12	105.33	133	63	5	125	114	86	104	1.07	73	23	119	11	87.38	81	42	124	9	46.98	111	68	137.42	55	109	30	62	73.97	36	99	23	149																																																																																																																																																																																														
105	15.01	123	27	137	131	144.02	142	119	62	70	128.84	127	14	126.47	49	5	37	119	100.72	18	108	15	141	36.12	77	69	70.08	24	86	131	137	123.81	61	136	62	4	83.25	125	32	17.19	121	130	109	144	112.52	110	96	138	150																																																																																																																																																																																														
40	37.29	81	23	144	78	95.9	46	11	143	71	71.25	27	70	54.23	124	130	29	134	149.15	7	30	71	64	138.73	97	32	77.69	58	60	27	133	16.84	38	53	63	63	27.13	17	124	3.87	22	135	130	72	64.77	149	66	55	77																																																																																																																																																																																														
19	82.66	148	123	101	44	100.17	53	18	14	114	137.37	15	115	145.81	108	59	92	104	107.18	58	21	58	14	74.51	143	74	116.77	52	11	137	5	142.94	9	32	8	113	102.74	104	45	93.45	26	104	104	18	102.05	20	121	74	136																																																																																																																																																																																														
122	62.03	9	145	27	121	95.36	31	78	79	18	111.57	123	110	37.28	80	40	62	128	49.48	97	42	102	56	32.58	46	52	113.64	115	53	131	126	56.7	24	127	71	40	25.13	90	99	107.5	43	106	51	56	26.82	123	35	111	20																																																																																																																																																																																														
121	84.96	136	7	52	39	94.58	129	21	47	62	83.3	22	65	108.65	125	106	135	129	48.13	21	139	127	55	36.07	52	143	146.27	127	8	91	110	86.14	93	83	147	25	121.22	46	80	16.8	121	13	108	60	135.33	135	82	96	115																																																																																																																																																																																														
37	68.93	11	57	59	149	50.21	22	124	61	18	116.83	114	28	40.39	55	141	115	85	114.44	58	112	93	60	13.62	28	35	72.86	68	42	93	52	24.07	41	45	58	76	141.23	16	68	128.63	65	14	137	139	16.13	4	49	13	31																																																																																																																																																																																														
116	30.82	148	119	148	53	96.53	27	109	99	102	28.26	88	83	104.73	137	72	11	32	135.38	44	25	69	84	66.78	86	15	7.2	38	2	147	45	36.25	13	117	80	109	6.66	84	51	29.22	70	122	146	86	134.37	134	97	76	42																																																																																																																																																																																														
124	75.17	62	119	83	59	3.69	135	144	63	114	68.47	147	131	131.94	120	99	62	99	116.67	25	130	17	89	14.38	71	76	58.36	98	50	47	37	125	6	18	60	149	81.83	148	22	94.65	133	96	112	15	99.37	136	36	123	111																																																																																																																																																																																														
144	115.81	66	9	3	106	24.27	11	29	4	79	40.18	124	58	112.96	20	126	3	15	41.07	27	141	147	25	34.4	43	36	72.2	9	147	93	92	79.47	17	131	25	147	38.1	22	51	24.7	46	32	140	3	83.8	20	137	48	106																																																																																																																																																																																														
26	139.41	150	111	118	19	107.33	117	27	33	24	22.51	5	16	114.84	142	112	26	76	53.52	49	88	114	76	144.97	32	29	6.06	132	81	138	6	125.94	148	95	51	25	11.95	34	94	110.55	99	84	122	60	76.17	121	47	119	15																																																																																																																																																																																														
71	2.69	131	92	59	1	61.53	13	51	43	26	44.47	38	102	133.34	147	16	19	76	64.77	148	73	35	52	51.96	114	52	82.66	135	86	80	1	24.73	94	130	53	30	126.19	138	27	44.95	58	116	90	103	96.57	58	146	69	9																																																																																																																																																																																														
50	77.13	77	13	95	111	21.35	44	5	50	59	140.04	21	41	87.92	20	70	86	81	114.95	16	115	35	84	34.01	12	146	137.12	109	138	101	19	36.73	73	6	53	116	140.41	27	96	39.98	80	120	138	49	70.22	7	128	130	143																																																																																																																																																																																														
126	100.15	21	33	49	41	72.14	11	111	88	9	6.69	103	41	138.73	9	51	92	42	29.81	88	96	115	11	5.27	112	105	93.19	128	33	6	20	148.77	24	113	73	148	29.26	126	101	26.35	74	124	34	93	86.36	40	64	80	149																																																																																																																																																																																														
102	139.38	26	136	31	134	23.91	68	128	4	135	15.52	29	104	69.23	128	45	125	92	67.66	140	119	1	140	4.82	78	116	88.58	23	119	12	34	87.57	24	4	18	75	51.56	106	107	68.02	42	11	29	13	119.77	47	47	134	52																																																																																																																																																																																														
73	95.58	136	144	117	121	58.53	129	29	144	95	18.69	71	124	113.32	120	86	113	127	58.99	141	144	54	70	19.4	26	68	74.24	62	34	114	105	33.7	125	24	143	71	77.64	106	146	143.72	2	56	1	12	86.97	48	115	127	8																																																																																																																																																																																														
14	123.38	55	58	135	98	106.8	15	52	12	87	60.46	66	84	51.27	22	90	113	87	98.28	38	16	53	93	130.73	24	79	68.96	19	46	125	138	82.54	117	126	71	82	34.43	19	48	49.92	119	20	34	56	91.62	115	47	90	82																																																																																																																																																																																														
5	67.24	22	52	96	18	130.27	4	42	43	92	146.12	90	40	103.58	34	44	54	113	91.28	72	145	21	110	99.04	128	127	92.65	134	13	94	89	136	82	130	112	148	83.46	37	80	115.47	110	150	17	56	55.97	118	19	35	99																																																																																																																																																																																														
127	108.22	60	62	103	53	79.02	116	145	59	77	113.69	106	28	38.23	51	139	23	2	110.29	147	46	133	25	85.7	90	116	115.9	63	5	112	43	41.38	40	52	102	98	20.63	55	9	145.69	110	67	65	14	19.56	1	116	18	134																																																																																																																																																																																														
102	103.88	48	102	59	44	124.68	72	102	76	67	24.87	92	64	89.77	19	105	80	54	91.3	27	10	117	74	111.2	45	26	100.31	125	78	12	143	1.43	39	130	105	17	130.97	11	144	46.9	139	116	49	108	65.15	135	42	100	71																																																																																																																																																																																														
79	133.94	59	59	104	149	76.14	124	49	56	39	134.81	27	150	129.11	18	110	32	21	16.25	11	131	34	96	103.57	2	25	107.74	34	26	84	139	59.11	65	105	50	33	93.85	70	131	67.9	145	78	89	17	142.6	21	142	82	116																																																																																																																																																																																														
10	52.93	75	106	104	73	17.18	51	44	124	12	3.35	17	81	116.52	85	51	9	60	96.08	99	12	63	139	79.06	64	150	74.51	95	119	90	125	37.67	72	69	97	38	80.42	63	92	90.56	37	66	134	7	84.84	58	21	10	79																																																																																																																																																																																														
131	140.49	63	146	3	88	76.43	146	58	85	114	44.67	18	105	17.86	27	2	59	138	115.87	51	113	77	27	18.46	106	3	3.48	69	96	146	40	66.82	59	35	24	129	134.83	108	56	148.23	14	58	2	118	50.7	22	86	57	82																																																																																																																																																																																														
12	75.77	127	3	77	127	88.38	60	131	1	11	118.69	50	135	74.98	95	84	95	120	110.92	65	131	102	95	139.95	136	35	83.58	123	86	84	97	44.01	65	26	60	29	50.02	135	54	146.07	21	15	36	12	136.23	26	46	143	139																																																																																																																																																																																														
66	127.21	54	130	132	136	68.2	118	148	138	149	108.18	148	95	107.57	91	104	139	117	129.56	133	108	120	34	131.15	110	113	3.32	63	27	147	74	23.86	4	45	60	18	17.8	14	84	137.4	33	60	51	113	42.43	100	16	47	126																																																																																																																																																																																														
132	120.33	56	93	24	131	48.61	96	90	149	27	2.56	106	46	12.28	121	28	88	143	47.3	144	70	71	22	36.79	61	28	66.41	25	133	115	22	49.34	85	32	60	86	10.78	75	28	11.48	142	121	49	14	116.92	84	52	52	111																																																																																																																																																																																														
37	60.2	128	70	85	75	148.36	105	118	43	111	129.07	70	131	132.31	34	86	121	147	117.15	115	122	96	83	65.77	52	85	98.4	134	140	108	15	49.25	83	34	103	68	54.41	143	125	141.28	22	5	138	54	45.47	92	67	1	98																																																																																																																																																																																														
77	110.73	86	131	56	57	32.23	142	150	34	88	43.59	43	69	140.88	3	7	134	122	107	143	88	30	4	148.19	10	75	120.81	51	3	112	91	139.62	26	36	150	58	85.06	113	11	8.67	27	7	131	136	34.09	3	32	65	137																																																																																																																																																																																														
38	90.13	82	46	50	119	77.51	98	142	148	90	103.38	92	116	30.87	6	106	78	91	52.48	11	130	150	8	149.72	6	6	137.48	135	94	149	2	30.19	129	67	55	44	53.35	19	24	50.64	62	67	39	114	48.5	42	126	40	84																																																																																																																																																																																														
98	146.89	1	150	64	16	35.07	11	143	81	71	133.57	144	90	140.51	58	82	84	100	12.82	49	66	61	107	126.19	11	56	7.59	52	129	62	78	84.18	20	55	67	8	132.63	89	17	121.67	125	6	94	137	41.43	42	15	97	75																																																																																																																																																																																														
43	108.06	116	40	107	96	22.99	67	80	47	48	137.93	39	52	57.99	148	12	71	26	135.61	111	27	81	69	68.33	34	56	83.41	32	26	50	45	111.29	134	139	56	80	102.42	139	95	6.39	59	106	41	49	10.86	86	5	46	85																																																																																																																																																																																														
83	114.31	21	20	61	100	125.41	75	92	20	113	60.95	105	108	96.85	24	123	30	59	59.54	16	137	2	74	32.59	114	60	71.61	135	40	103	32	138.27	52	11	146	56	94.47	6	57	123.07	59	14	63	81	105.18	126	120	61	103																																																																																																																																																																																														
96	108.96	32	54	33	66	102.54	109	21	24	123	93.2	72	150	8.64	38	111	140	97	56.5	73	33	107	28	90.35	120	10	76.32	6	70	12	98	139.47	44	114	25	108	141.03	92	80	46.06	81	4	16	22	63.02	119	114	32	144																																																																																																																																																																																														
100	80.36	83	77	1	62	35.99	77	81	26	12	142.19	141	93	146.83	110	4	87	35	38.79	104	68	101	26	86.54	126	146	55.75	5	55	26	3	127.58	12	113	131	123	29.53	24	143	105.66	72	101	114	124	147.91	126	21	147	10																																																																																																																																																																																														
17	104.45	91	102	52	150	75.6	97	43	146	150	114.6	70	26	58.2	46	38	70	125	33.03	59	30	33	9	64.57	15	81	24.66	147	145	35	49	27.41	107	138	10	142	103.25	107	149	35.99	57	114	100	149	70.44	19	30	43	134																																																																																																																																																																																														
51	79.39	93	110	78	32	112.63	17	111	76	76	56.01	134	52	81.99	6	30	50	81	97.17	128	73	97	136	63.99	59	101	88.82	128	29	147	43	102.21	36	113	126	37	34.21	28	99	57	85	129	103	5	97.63	113	22	86	127																																																																																																																																																																																														
84	28.79	83	52	104	68	126.49	78	110	59	65	95.28	94	67	137.64	23	35	87	28	116.34	59	84	55	125	22.6	136	10	19.1	107	52	6	51	121.55	81	120	18	5	139.52	4	150	18.42	135	9	106	17	106.64	148	70	59	69																																																																																																																																																																																														
18	87.72	60	111	27	60	43.39	126	35	25	64	43.79	34	137	105.39	57	91	61	49	93.87	77	20	11	97	53.97	129	148	113.29	142	53	77	24	53.79	8	39	32	119	99.25	43	78	148.2	106	29	23	66	12.87	2	107	112	136																																																																																																																																																																																														
66	68.48	142	115	24	135	140.12	112	102	31	64	3.14	107	35	107.37	87	127	36	18	107.63	111	135	57	25	71.48	73	84	80.17	117	9	136	79	96.37	108	67	126	87	89.42	44	93	77.8	86	1	30	139	109.47	87	85	117	13																																																																																																																																																																																														
149	62.21	118	140	48	138	143.14	42	2	16	129	31.9	71	39	122.65	78	46	67	66	5.64	3	6	21	115	106.03	147	66	83.59	150	81	9	128	14.55	55	22	13	115	130.8	84	69	130.39	23	54	15	131	136.87	3	20	120	108																																																																																																																																																																																														
74	48.97	116	142	31	9	128.29	142	115	125	96	10.24	44	76	114.98	142	124	133	55	57.47	137	11	93	95	104.69	127	96	17.18	102	105	56	57	92.82	136	68	29	118	127.28	35	101	37.23	2	18	74	16	40.36	78	33	107	57																																																																																																																																																																																														
24	110.87	134	15	145	3	10.14	82	74	95	22	118.59	80	81	146.38	97	23	139	62	131.64	64	85	91	72	3.41	63	118	30.75	113	63	55	105	7.46	114	98	29	147	106.41	71	53	81.3	140	12	74	36	98.19	5	76	6	144																																																																																																																																																																																														
75	137.76	39	80	143	74	75.23	17	128	65	96	108.46	28	85	126.18	145	99	117	109	32.24	6	81	12	34	12.87	3	27	34.6	31	86	114	104	49.12	63	63	127	114	149.63	142	43	102.61	110	65	4	25	52.43	86	123	104	28																																																																																																																																																																																														
25	101.63	79	132	84	2	81.72	93	108	115	83	64.18	129	18	80.77	28	9	50	118	94.27	117	17	76	48	144.19	113	20	5.81	49	77	91	51	75.88	46	94	75	131	80.33	56	6	116.23	93	47	139	139	38.17	24	116	96	89																																																																																																																																																																																														
104	127.01	41	88	120	102	55.83	95	73	26	108	128.58	7	31	47.8	37	106	88	56	57.98	12	66	105	134	114.94	120	64	21.12	75	19	61	92	11.79	67	36	61	11	72.18	74	119	78.74	110	140	100	39	121.31	91	54	101	83																																																																																																																																																																																														
47	7.84	137	57	55	17	131.08	146	118	97	131	120.43	117	37	134.83	52	150	111	85	140.52	149	132	90	1	97.29	82	109	47.93	70	31	35	20	46.96	64	92	73	6	26.77	87	55	76.85	97	121	146	40	92.79	77	110	131	60																																																																																																																																																																																														
122	68.35	92	147	148	45	68.22	55	144	85	67	39.72	110	64	67.07	143	115	76	29	63.9	69	47	138	4	127.01	74	22	41.13	132	4	117	87	111.47	66	87	145	75	42.9	144	104	17.1	90	103	60	150	108.44	84	114	89	98																																																																																																																																																																																														
18	108.36	108	110	37	28	105.49	125	30	43	128	54.32	29	65	32.17	28	45	103	44	113.6	65	79	111	146	39.19	100	104	137.78	25	20	60	147	44.13	53	126	61	96	6.73	38	106	107.89	51	72	33	120	46.76	125	125	101	5																																																																																																																																																																																														
118	122.56	38	101	20	34	58.87	89	126	70	117	148.65	93	74	129.62	44	52	46	97	12.91	48	85	27	96	54.38	55	87	119.13	80	92	115	121	29.05	124	60	64	27	149.56	146	83	36.58	16	127	16	2	54.69	140	61	95	139																																																																																																																																																																																														
84	75.83	62	49	42	36	18.03	148	22	141	27	107.71	11	124	74.87	106	93	111	115	146.2	81	5	86	123	21.54	5	123	126.34	126	143	18	97	44.68	91	58	116	86	12.92	78	100	91.81	45	139	2	57	63.05	143	46	47	61																																																																																																																																																																																														
79	29.58	27	137	12	67	132.77	98	74	111	138	5.7	53	93	146.54	31	52	4	64	45.15	26	120	50	150	47.9	39	58	29.52	30	150	16	124	52.5	82	76	15	75	70.06	81	78	33.63	69	47	123	113	94.09	22	66	110	109																																																																																																																																																																																														
2	83.38	51	146	16	2	45.05	147	111	77	71	68.77	39	28	79.78	16	70	60	42	135.38	147	40	81	127	31.95	35	107	28.1	47	136	12	106	30.19	95	104	2	89	100.5	37	146	84.59	17	90	5	30	2.5	13	81	37	143																																																																																																																																																																																														
105	59.39	27	89	16	149	39.29	24	1	91	113	119.68	149	13	57.7	126	15	122	123	43.22	120	15	41	5	127.24	38	87	18.36	44	5	39	111	137.2	102	122	65	18	131.57	67	22	44.71	101	80	14	53	134.13	65	146	37	131																																																																																																																																																																																														
87	25.8	10	23	143	1	73.46	107	48	34	124	62.65	12	26	19.64	98	96	70	131	30.63	123	74	74	91	70.15	59	18	87.54	45	25	87	56	82.25	46	111	113	28	40.6	129	118	61.45	3	88	40	70	138.5	41	69	50	16																																																																																																																																																																																														
102	113.7	99	72	115	85	35.87	3	18	140	106	118.64	4	81	5.25	14	120	18	89	146.66	77	15	150	130	82.24	129	30	40.69	107	7	56	8	117.03	149	147	74	146	48.76	107	97	100.24	34	96	137	35	45.46	48	47	43	35																																																																																																																																																																																														
20	36.07	51	53	139	93	132.24	94	89	133	135	123.63	51	99	83.3	111	45	136	139	143.96	146	113	112	46	55.68	61	58	74.75	107	31	75	70	85.52	105	19	68	101	109.35	123	27	38.94	104	43	118	74	147.31	107	113	109	62																																																																																																																																																																																														
33	140.65	34	138	102	56	112.01	30	136	148	95	35.47	42	53	128.59	137	113	45	99	88.24	59	137	80	33	98.68	82	3	83.63	75	25	57	10	144.07	118	34	81	78	146.32	85	1	57.3	95	11	67	36	35.06	126	46	123	12																																																																																																																																																																																														
78	68.46	8	117	41	59	56.71	1	91	50	50	91.19	64	142	17.19	122	50	31	114	22.61	63	135	60	59	97.46	62	21	15.72	39	19	91	130	12.49	29	46	143	132	25.97	134	52	13.79	101	45	93	68	101.63	49	12	32	80																																																																																																																																																																																														
57	43.6	4	134	44	105	116.18	64	62	63	112	25.34	117	122	58.58	80	12	90	84	131.25	107	43	17	75	42.63	51	134	16.18	116	82	37	110	116.97	68	14	97	7	148.65	84	125	114.34	102	72	139	75	49.67	19	64	77	63																																																																																																																																																																																														
136	91.78	92	128	144	104	92.43	64	70	85	29	73.27	65	141	86.99	99	81	80	118	138.8	144	34	108	124	60.4	66	8	94.45	85	53	63	36	68.65	115	95	42	137	122.53	82	16	58.16	35	51	42	28	110.48	88	39	35	26																																																																																																																																																																																														
25	133.89	130	50	33	101	61.12	126	102	99	87	2.17	35	63	17.21	40	85	108	109	67.18	41	113	94	86	2.14	95	119	43.54	98	73	128	21	19.35	30	83	85	5	4.72	40	120	31.91	35	32	22	129	22.11	123	12	28	42																																																																																																																																																																																														
62	70.16	93	134	118	111	49.88	71	16	116	149	118.7	5	98	42.99	101	147	51	92	5.1	95	58	65	19	31.46	48	55	50.15	119	59	20	129	116.79	7	145	88	56	103.81	117	67	14.37	139	20	56	116	41.71	38	111	124	11																																																																																																																																																																																														
41	75.81	33	10	111	67	64.17	101	66	134	75	52.01	40	136	76.7	15	45	85	78	128.26	101	49	44	104	62.84	133	56	23.92	109	135	15	97	76.38	51	133	140	86	83.76	82	134	30.67	142	101	104	70	69.73	57	41	101	95																																																																																																																																																																																														
31	137.34	100	140	112	70	57.96	5	60	30	82	52.17	1	119	48.82	150	72	28	95	32.12	104	12	109	107	132.48	1	130	98.53	58	11	148	93	81.78	122	146	102	99	44.03	41	146	9.13	34	143	38	67	31.12	128	103	74	140																																																																																																																																																																																														
130	143.31	17	131	132	109	63.58	147	141	64	35	71.28	106	145	25.88	70	2	94	85	120.15	69	63	12	57	77.84	21	11	135.89	78	143	67	114	104.07	96	9	79	94	141.46	24	75	97.02	150	137	53	121	34.81	31	27	112	143																																																																																																																																																																																														
145	84.62	149	19	122	22	140.34	8	52	116	92	17.75	139	129	76.93	119	11	71	92	32.23	49	77	49	98	59.68	78	91	116.05	32	57	80	86	104.87	124	68	86	53	43.96	105	121	16.34	62	104	19	14	28.35	11	137	57	76																																																																																																																																																																																														
11	2.28	119	75	99	106	24.79	149	48	33	123	110.3	116	98	8.48	37	26	139	31	142.09	16	62	144	78	9.08	63	104	10.65	19	27	80	97	18.82	43	141	39	2	143.08	54	20	20	79	48	129	115	113.67	24	147	12	112																																																																																																																																																																																														
28	63.94	124	39	24	56	146.04	28	43	145	41	44.06	142	77	24.97	131	56	22	135	121.71	39	104	29	21	93.97	142	113	22.46	31	132	45	46	63.62	79	1	10	90	53.76	69	99	126.39	150	84	19	136	145.56	24	59	103	99																																																																																																																																																																																														
9	74.45	120	80	134	12	85.71	86	123	36	74	83.95	35	59	98.94	62	111	31	30	32.61	24	3	147	115	13.98	144	68	80.97	72	16	106	114	73.2	52	64	57	26	8.43	142	31	117.83	122	95	131	18	64.51	80	147	27	66																																																																																																																																																																																														
38	4.48	27	110	17	136	149.69	62	103	83	59	15.68	84	66	1.3	6	110	53	133	147.38	45	7	138	49	2.7	22	74	121.8	106	24	7	148	15.06	54	143	8	55	26.88	126	22	108.25	127	122	121	142	51.98	20	4	17	12																																																																																																																																																																																														
111	96.52	14	54	132	1	125.66	131	110	85	83	25.23	77	1	39.07	1	84	95	58	35.98	135	129	94	110	89.38	114	40	80.95	93	86	48	136	60.34	23	56	118	49	133.84	56	137	118.16	119	92	8	43	138.21	95	78	56	14																																																																																																																																																																																														
52	118.25	41	33	141	90	116.4	43	86	47	41	143.65	94	92	124.89	4	73	28	8	44.79	147	137	121	82	33.56	102	89	18.9	146	120	143	96	27.97	62	130	137	112	133.07	150	37	145.69	2	60	110	85	107.6	80	148	149	113																																																																																																																																																																																														
114	36.67	123	22	149	78	21.16	90	29	57	103	78.07	150	62	87.27	88	95	103	21	60.25	43	95	33	34	103.59	47	123	64.03	53	24	42	32	45.62	106	66	114	11	6.82	108	34	6.96	111	113	65	124	91.62	68	29	99	71																																																																																																																																																																																														
113	10.02	37	59	124	25	103.24	135	30	45	115	140.59	52	85	8.36	124	32	123	12	32	2	136	73	50	115.87	124	122	52.39	22	72	112	55	111.75	105	109	83	29	39.05	54	98	84.22	138	137	29	84	28.8	28	105	7	77																																																																																																																																																																																														
149	107.15	105	34	125	111	143.43	127	134	15	97	27.86	9	44	76.05	102	36	84	56	69.52	55	78	114	34	126.86	137	145	60.25	81	45	60	142	132.23	54	15	3	140	26.97	18	127	118	5	39	26	86	19.12	118	150	22	44																																																																																																																																																																																														
27	34.41	21	46	116	125	106.97	80	116	123	121	14.74	147	48	91.7	63	14	132	61	63.61	144	61	129	71	148.35	71	123	14.29	102	149	39	63	110.05	60	1	128	2	100.2	103	73	42.74	127	18	110	64	96.35	104	36	146	74																																																																																																																																																																																														
137	20.04	83	103	14	30	56.14	90	110	22	149	68.95	16	61	110.81	144	120	21	15	81.18	1	44	121	2	1.77	3	64	96.89	57	26	17	71	104.22	108	40	47	140	25.28	10	87	44.58	125	136	144	94	59.92	90	22	71	143																																																																																																																																																																																														
13	28.85	87	8	115	58	71.87	27	134	125	135	27.43	78	131	26.33	23	147	80	108	120.78	34	52	42	71	76.28	86	74	108.11	91	84	34	50	86.27	64	31	12	58	27.38	75	40	143.73	36	63	30	82	83.68	91	96	79	16																																																																																																																																																																																														
106	142.89	128	21	36	33	42.83	81	16	56	54	40.32	109	144	22.29	126	58	134	149	80.4	137	143	149	16	97.62	70	12	116.97	90	90	74	113	94.9	60	46	71	40	75.62	134	23	31.25	2	51	70	149	98.91	88	26	7	95																																																																																																																																																																																														
130	146.56	115	122	27	134	135.54	32	5	88	135	116.54	84	131	76.94	74	119	150	129	106.72	2	80	84	60	121.85	105	85	105.08	79	56	31	2	64.2	80	130	127	78	7.4	36	92	91.06	111	56	142	60	30.61	72	59	80	80																																																																																																																																																																																														
87	114.31	149	70	2	12	31.9	143	72	18	5	55.45	101	86	83.65	21	90	53	92	3.69	77	94	47	118	79.51	32	85	42.12	75	127	97	83	110.44	54	130	131	12	100.03	112	136	11.88	142	147	102	134	125.97	123	19	72	69																																																																																																																																																																																														
9	134.3	80	27	68	92	85.88	67	43	127	32	142.18	1	106	91.12	16	146	64	148	34.33	3	79	13	129	124.27	60	150	4.11	122	86	53	106	149.67	5	56	18	133	4.91	83	94	10.23	148	4	123	65	55.38	118	5	133	69																																																																																																																																																																																														
115	92.35	61	94	97	95	148.37	147	113	133	62	18.68	19	56	33.54	148	25	56	126	12.35	75	146	100	95	149.89	95	133	2	8	55	57	112	91.14	22	53	97	81	110.38	90	23	57.25	11	19	32	30	10.57	66	104	36	110																																																																																																																																																																																														
8	147.7	19	32	97	73	135.21	72	50	55	18	138.39	103	17	82.56	113	131	79	48	115.53	60	108	10	143	134.68	118	12	106.93	115	57	2	115	78.15	148	85	76	11	120.86	28	72	53.99	146	18	83	89	54.3	144	30	50	6																																																																																																																																																																																														
23	109.98	24	107	138	18	52.39	24	32	113	45	67.79	65	51	9.25	17	67	77	1	93.5	28	85	48	45	51.56	88	84	39.22	62	124	40	77	127.91	13	49	143	11	28.83	42	93	113.45	33	132	40	98	57.25	3	28	105	126																																																																																																																																																																																														
49	106.36	73	85	124	126	67.85	118	91	129	68	125.02	38	39	75.12	98	81	12	14	34.04	98	95	91	93	106.79	37	126	125.23	96	1	48	28	108.45	13	73	133	42	59.53	145	77	57.89	118	72	27	57	57.95	145	86	2	71																																																																																																																																																																																														
22	41.7	79	98	72	51	88.65	104	31	15	85	54.49	113	128	41.9	108	32	41	86	59.91	120	105	62	78	147.78	121	106	27.2	57	93	73	57	49.37	19	54	106	110	109.32	2	65	21.75	148	1	34	142	56.8	52	12	52	75																																																																																																																																																																																														
14	99.86	61	11	127	35	41.55	131	100	40	109	43.3	139	139	40.06	129	135	116	53	40.61	4	116	7	14	37.34	135	141	46.61	48	4	129	133	44.46	120	85	1	26	37.9	81	24	6.14	50	35	105	104	106.8	81	117	52	10																																																																																																																																																																																														
8	124.35	121	86	143	56	145	135	10	96	141	76.13	34	113	128.3	144	87	20	13	28.29	110	139	60	149	120.7	28	56	91.55	49	78	88	115	1.58	41	78	25	53	90.22	18	121	8.43	69	92	50	120	124.84	95	20	122	138																																																																																																																																																																																														
42	39.38	115	88	90	104	106.5	107	96	71	130	42.2	56	102	121.81	53	47	67	51	72.96	148	31	5	101	4.72	62	10	109.29	30	30	102	70	2.2	92	88	46	66	79.61	24	67	25.13	104	53	70	2	134.99	42	78	89	142																																																																																																																																																																																														
135	137.08	109	46	88	142	108.34	8	89	76	60	137.08	35	44	24.92	35	58	12	13	127.03	142	71	148	67	29.23	25	55	50.57	74	137	89	11	80.96	70	59	35	112	134.76	85	5	43.23	31	100	13	38	17.91	73	7	65	74																																																																																																																																																																																														
130	1.8	129	64	113	102	5.43	78	124	33	95	149.84	1	100	17.5	45	33	4	1	49.37	128	115	128	81	125.24	118	32	41.26	46	46	102	147	85.22	98	34	94	79	92.08	29	127	22.52	136	127	26	96	132.92	138	76	98	48																																																																																																																																																																																														
111	136.29	80	121	87	79	102.6	80	84	93	109	107.23	71	1	60.24	37	150	93	114	139.38	115	106	72	16	130.76	14	129	112.89	110	110	139	64	53.42	49	144	133	104	11.9	35	11	35.33	83	133	31	90	111.6	79	116	104	60																																																																																																																																																																																														
17	96.81	133	118	110	140	26.46	82	21	63	10	51.4	29	150	20.96	40	139	31	2	115.11	90	39	117	125	21.71	48	93	30.35	84	75	69	4	88.77	77	127	64	35	128.44	97	53	9.59	51	139	126	139	13.02	58	64	136	71																																																																																																																																																																																														
143	16.17	120	26	107	147	31.41	111	47	110	27	145.7	146	62	100.75	136	103	62	76	105.58	18	142	106	51	90.38	50	115	50.44	34	96	65	45	48.35	32	73	109	138	125.55	103	80	86.14	8	120	43	108	76.82	43	91	133	50																																																																																																																																																																																														
33	59.93	100	85	68	4	100.68	104	61	3	6	7.18	81	20	14.01	63	60	98	132	126.3	116	80	64	68	117.23	82	87	94.28	115	143	57	119	92.72	73	42	7	4	22.09	34	125	135.23	143	11	97	117	17.19	122	87	30	53																																																																																																																																																																																														
50	39.73	143	85	72	38	88.43	18	91	87	63	58.07	75	128	5.09	127	140	148	7	144.94	136	114	73	108	49.99	75	83	13.73	121	10	86	40	6.27	62	145	47	93	73.79	68	26	141.31	140	113	148	91	15.63	13	143	75	43																																																																																																																																																																																														
46	19.81	16	144	106	86	131.12	61	112	36	77	4.32	135	100	27.8	25	131	128	46	78.42	4	33	32	134	73.04	45	94	67.81	87	125	41	132	37.16	31	143	99	82	17.3	133	145	112.87	7	86	45	16	117.18	111	71	100	125																																																																																																																																																																																														
86	127.11	8	99	38	45	94.88	146	115	51	144	39.79	38	84	15.32	23	19	68	129	2.39	124	35	106	80	78.87	31	11	36.11	142	85	141	131	31.76	89	60	6	31	7.04	143	27	116.24	107	83	135	42	138.12	11	7	11	150																																																																																																																																																																																														
128	68.67	98	137	131	87	42.49	45	22	69	68	53.31	102	57	75.88	1	148	59	127	103.92	79	130	120	67	136.1	66	130	101.4	74	23	41	76	18.96	93	72	117	17	124.56	116	19	27.54	25	41	138	98	138.74	113	6	9	18																																																																																																																																																																																														
55	39.08	120	117	27	11	138.16	128	97	78	116	4.85	30	142	139.42	145	100	48	74	4.15	90	54	136	80	109.89	48	41	36.72	39	36	135	85	149.21	25	112	48	75	47.67	145	33	77.51	108	146	97	27	82.78	105	101	34	28																																																																																																																																																																																														
148	44.67	97	23	29	79	130.73	7	50	145	126	67.48	80	119	109.88	93	141	23	89	62.11	104	34	39	67	79.64	9	42	102.83	66	99	143	124	10.42	44	118	93	39	65.42	89	138	108.77	89	117	61	42	95.08	72	64	29	34																																																																																																																																																																																														
104	143.99	73	96	20	149	31.41	149	143	119	121	46.76	6	121	56.53	89	64	84	39	19.64	102	118	96	40	107.06	134	8	146.91	124	33	94	88	62.53	150	24	129	73	58.09	2	123	1.89	19	55	2	45	92.55	97	56	9	86																																																																																																																																																																																														
118	110.42	56	87	51	148	35.55	100	15	8	44	95.45	16	1	130.18	61	24	68	87	149.9	88	139	22	2	49.06	36	150	126.95	5	95	55	83	92.38	24	145	54	131	90.94	30	94	64.02	75	93	84	124	50.53	22	10	120	4																																																																																																																																																																																														
86	126.95	38	134	105	125	7.08	72	69	85	103	141.64	29	33	44.48	33	27	52	107	134.52	5	135	15	138	86.38	89	81	149.94	38	67	84	26	84.91	104	66	115	71	18.94	32	72	116.82	131	23	126	29	149.83	120	24	50	45																																																																																																																																																																																														
14	138.5	72	132	57	24	71.65	144	133	94	63	123.06	125	4	136.15	31	105	49	134	136.03	57	145	83	90	17.44	27	48	62.71	28	89	30	1	139.3	29	116	93	141	50.23	145	100	60.29	35	124	118	130	97.45	23	98	106	19																																																																																																																																																																																														
81	52.23	19	56	40	35	12.89	75	85	11	110	75.84	20	133	133.02	138	118	82	101	44.42	100	150	108	47	73.48	145	64	26.01	90	105	8	136	73.39	19	51	133	141	2.46	124	22	57.35	137	86	128	92	125.14	3	104	126	108																																																																																																																																																																																														
67	145.16	40	127	138	57	61.89	126	65	21	68	60.79	110	74	103.39	36	15	62	141	22.32	135	7	2	44	137.34	139	40	51.68	38	54	87	63	83.06	145	99	105	47	84.56	107	6	44.99	89	65	64	107	54.79	24	76	79	116																																																																																																																																																																																														
12	85.3	39	66	91	130	88.19	15	108	114	114	45.3	104	39	55.33	96	110	97	119	78.64	100	2	52	49	99.82	72	28	136.55	67	131	95	101	94.8	117	10	89	87	55.1	8	93	15.4	56	85	33	136	37.27	5	95	23	69																																																																																																																																																																																														
41	112.06	24	4	14	84	134.1	67	58	61	142	44.07	129	62	74.16	102	134	30	73	23.73	81	23	92	59	70.24	147	120	87.5	126	22	99	144	76.07	143	148	61	57	23.77	68	125	143.22	109	81	89	76	106.16	52	147	61	87																																																																																																																																																																																														
65	83.99	124	71	20	94	66.51	18	121	130	95	66.92	120	94	50.87	123	62	44	2	91.77	31	144	21	138	67.22	12	81	123.67	19	103	58	41	51.57	29	117	24	130	141.28	94	114	4.97	66	123	98	135	125.36	125	113	137	87	64	126	139	37.67	25	70	116	88	73.22	87	137	5	29	50.81	63	64	111	125	143.86	52	138	149	53	25.63	69	88	81	102	90.5	92	68	149	8	18.03	137	92	29	85	20.96	88	57	117	76	23.22	133	54	79	127	62.56	97	41	22	109	83.28	83	103	36	29	49.06	61	115	134	12	24.04	81	18	96	51	47.36	96	49	92	38	135.32	123	33	60	65	2.61	142	145	124	90	111.21	135	77	49	45	35.02	68	145	69	118	48.95	124	139	114	81	145.22	109	15	57	30	46.48	141	96	140	118	22.42	49	129	24	76	1.77	61	86	89	83	8.85	126	99	122	20	111.58	122	94	1	43	24.27	99	118	73	37	91.14	81	76	88	6	126.47	44	39	57	73	87.77	28	137	117	47	53.5	57	123	111	97	78.21	23	57	20	119	57.61	44	30	85	65	73.19	107	15	65	78	54.36	124	146	100	134	49.61	8	113	67	31	35.35	66	130	125	32	92.56	11	83	30	2	9.77	99