50 240
98	125.97	141	60	138	143	109.99	57	70	142	118	99.74	22	53	50.69	16	17	38	131	95.09	124	130	66	67	69.59	137	54	141.53	84	73	128	18	26.14	128	144	31	98	69.31	137	80	126.21	46	47	119	104	126.26	109	118	127	7																																																																																																																																																																																														
49	148.13	132	150	23	33	85.4	132	71	60	94	47.89	28	135	110.53	121	40	8	69	113.63	82	25	61	126	137.9	14	131	68.54	143	58	21	88	16.3	63	40	86	143	13.97	135	131	144.61	97	87	5	84	101.88	33	93	47	140																																																																																																																																																																																														
89	126.88	62	62	138	61	91.14	148	101	103	147	145.53	74	4	149.59	125	7	97	88	34.17	11	47	17	53	68.82	4	110	7.57	145	143	115	149	53.09	57	24	112	114	62.94	147	26	18.44	122	99	6	118	135.56	63	6	127	108																																																																																																																																																																																														
41	133.12	71	115	5	24	72.43	14	34	132	33	105.63	40	89	118.54	65	92	21	84	109.2	9	141	133	147	2.2	76	145	73.04	149	28	66	43	49.25	70	64	118	101	71.61	132	61	18.7	27	13	45	24	52.83	34	68	143	116																																																																																																																																																																																														
72	15.55	68	127	149	2	35.77	136	36	117	134	32.27	32	6	62.39	86	27	72	16	148.5	144	118	142	42	85.94	64	57	28.49	150	135	48	2	134.21	130	69	14	130	119.55	2	22	78.55	8	150	64	134	84.88	44	70	76	13																																																																																																																																																																																														
143	11.57	118	135	112	41	8.86	26	144	141	50	41.35	19	119	72.35	90	117	47	83	104.65	112	21	32	69	23.2	49	80	54.03	55	111	71	16	100.72	148	26	109	149	145.18	133	107	47.65	82	80	140	7	146.53	17	48	81	46																																																																																																																																																																																														
36	65.12	92	19	145	19	82.26	140	80	62	137	58.86	10	107	18.81	17	87	97	105	142.81	21	129	117	71	52.72	103	21	55.87	46	47	149	125	107.94	17	45	74	48	24.79	115	15	62.98	101	75	100	118	120.02	135	35	26	144																																																																																																																																																																																														
74	144.29	36	110	75	94	113.67	33	25	87	48	139.96	52	8	123.25	3	148	127	75	22.49	29	65	88	56	90.73	36	103	95.86	136	112	59	144	57.05	32	18	118	50	5.32	59	143	21.2	148	72	26	112	52.35	12	17	8	142																																																																																																																																																																																														
115	41.24	2	141	10	109	59.67	150	133	17	21	17.03	60	25	4.33	105	53	60	125	46.45	7	100	71	9	65.46	65	99	96.25	24	59	148	16	62.8	36	2	119	147	77.62	69	118	89.53	87	26	67	84	87.96	25	135	119	60																																																																																																																																																																																														
144	85.06	28	133	59	71	9.5	59	38	19	145	81.21	81	40	78.68	144	60	6	103	32.63	119	123	71	103	13.21	33	60	90.91	42	62	29	46	93.76	40	110	137	15	59.17	90	13	4.59	70	76	141	85	81.47	119	98	34	109																																																																																																																																																																																														
8	146.13	122	126	105	110	61.68	16	136	65	46	94.55	121	129	101.95	16	1	83	90	111.63	15	147	141	122	33.64	54	17	135.38	81	69	146	77	86.48	95	37	76	87	105.49	106	35	128.19	146	144	69	112	134.07	69	97	75	130																																																																																																																																																																																														
18	6.33	61	89	113	114	118.94	54	75	77	58	114.92	55	68	132.99	52	68	1	122	78	23	121	52	131	111.22	100	30	40.1	65	17	9	88	42.93	96	130	114	31	124.87	74	77	130.22	140	74	139	42	135.06	86	113	28	130																																																																																																																																																																																														
100	126.27	69	88	108	117	73.54	43	110	14	100	14.97	138	129	132.61	98	31	143	29	124.46	81	130	19	77	38.58	3	55	108.7	143	36	82	122	107.73	59	147	143	6	127.49	22	67	2.11	127	18	83	48	57.23	73	67	70	61																																																																																																																																																																																														
135	129.66	16	137	139	38	139.54	102	139	122	88	53.44	44	87	118.02	73	57	130	111	103.75	109	91	89	138	21.33	38	61	141.95	131	42	53	33	141.44	135	87	50	9	50.42	72	56	79.35	49	82	29	137	51.28	32	62	62	3																																																																																																																																																																																														
48	30.35	104	111	122	126	55.3	145	150	129	11	106.13	146	42	141.62	106	99	16	57	72.53	38	97	70	52	104.98	79	147	82.6	52	22	63	91	46.07	122	15	31	85	102.74	30	102	63.38	46	30	135	81	67.39	34	16	141	69																																																																																																																																																																																														
13	51.86	41	26	56	109	106.85	81	149	41	119	104.23	134	91	135.24	6	105	106	133	72.5	148	148	37	98	47.64	8	126	1.4	9	118	23	134	2.49	106	40	9	125	33.41	101	65	66.47	47	39	44	106	106.47	35	41	63	125																																																																																																																																																																																														
6	81.25	14	49	56	33	49.12	99	3	4	47	118.01	114	90	48.9	132	20	141	45	9.43	136	6	103	46	146.75	145	71	9.72	60	32	32	102	25.41	98	61	23	145	22.68	40	26	87.43	52	82	145	18	118.9	77	60	79	53																																																																																																																																																																																														
118	50.2	85	38	130	83	33.97	134	147	58	94	5.94	3	58	79.78	111	139	84	90	53.15	97	24	126	88	80.59	95	20	75.87	130	50	143	17	49.25	14	17	56	45	36.8	72	36	65.28	140	44	46	45	75.31	46	93	59	130																																																																																																																																																																																														
29	27.18	62	92	107	144	37.73	14	3	87	33	13.3	39	149	143.35	112	95	124	110	32.85	4	7	45	83	96.9	64	50	91.65	84	141	32	97	55.68	45	134	101	88	45.33	69	27	106.29	121	95	24	77	1.12	135	96	61	35																																																																																																																																																																																														
119	141.87	82	116	42	73	40.02	52	22	83	50	22.26	134	94	6.97	68	23	149	66	44.75	93	78	11	116	74.83	131	128	46.9	45	130	46	116	65.17	99	9	106	113	79.05	115	38	30	79	95	111	77	28.48	7	63	142	37																																																																																																																																																																																														
22	83.1	137	71	135	1	66.3	45	17	104	73	126.81	51	40	62.91	65	102	144	18	17.07	75	147	8	104	85.03	120	138	99.49	35	62	62	103	66.46	31	119	77	12	15.45	20	69	86.76	143	79	126	132	82.96	2	32	127	112																																																																																																																																																																																														
68	81.18	58	135	86	67	1.92	67	72	92	41	31.57	143	113	91.08	12	138	33	74	142.51	139	32	50	46	18.99	128	137	43.2	19	133	117	80	3.29	71	131	107	111	100.57	105	43	137.87	128	66	73	2	43.51	143	65	77	52																																																																																																																																																																																														
5	147.34	126	84	139	122	131.45	59	109	150	64	60.19	100	140	111.54	133	112	67	111	61.58	127	56	2	101	113.38	136	94	65.86	124	140	54	27	117.72	38	141	106	3	61.79	3	70	17.81	42	56	38	49	142.96	123	50	72	2																																																																																																																																																																																														
17	55.94	31	23	12	102	122.52	11	85	9	101	13.08	85	11	46.01	100	117	63	102	62.53	100	28	79	142	54.76	25	144	70.8	87	46	76	90	127.23	10	49	78	4	108.33	23	81	16.42	55	24	30	13	100.65	55	80	54	86																																																																																																																																																																																														
11	22.73	118	40	86	76	39.84	52	60	124	110	48.04	33	36	130.63	70	38	24	96	71.33	101	91	54	150	132.01	23	121	56.32	106	89	33	80	22.25	56	6	3	7	117.19	13	107	17.03	90	24	27	15	101.67	43	21	51	22																																																																																																																																																																																														
2	12.83	93	129	34	63	147.38	50	57	103	4	48.29	6	103	53.02	138	39	8	45	124.08	9	70	47	23	6.51	148	58	82.88	65	126	77	24	117.77	124	20	105	95	3.59	53	147	51.39	19	76	145	5	41.01	52	40	14	107																																																																																																																																																																																														
103	29.21	103	34	47	76	119.56	129	77	70	88	24.38	84	26	142.48	15	94	11	97	48.37	50	56	135	137	11.19	63	86	124.38	42	126	75	4	43.28	130	69	19	4	146.36	102	41	111.47	114	122	54	54	31.2	40	48	73	86																																																																																																																																																																																														
95	93.77	40	75	53	50	85.65	9	144	66	48	148.95	80	2	109.42	31	90	26	43	37.69	89	119	21	104	65.3	127	59	54.46	50	136	32	138	94.82	17	75	132	79	130.68	80	135	4.06	142	136	38	2	97.12	43	11	88	21																																																																																																																																																																																														
143	102.89	134	76	17	118	7.41	111	54	139	71	109.13	90	141	12.35	34	119	34	30	25.5	21	145	48	3	34.34	9	14	24.53	130	126	128	51	72.06	62	24	106	17	43.17	37	116	62.24	57	7	76	122	58.85	85	112	143	94																																																																																																																																																																																														
34	119.92	23	2	65	74	53.62	61	24	31	106	144.42	145	141	21.07	112	111	148	54	31.84	102	8	13	144	52.27	57	76	24.35	80	149	121	47	41.87	114	84	120	58	99.54	30	54	147.21	48	14	122	108	144.67	48	124	57	138																																																																																																																																																																																														
79	49.69	109	66	3	120	72.09	138	12	34	39	146.56	128	15	44.16	69	85	127	106	63.18	88	124	131	83	82.37	68	8	148.51	41	42	98	77	35.31	58	25	14	116	27.22	42	59	49.55	75	106	27	31	116.62	137	113	52	111																																																																																																																																																																																														
101	58.77	10	100	57	56	129.14	129	125	143	29	107.23	10	93	84.14	128	91	86	125	1.37	81	57	41	46	20.05	24	20	95.22	104	95	2	69	93.36	129	100	17	104	18.84	109	29	60.72	74	50	63	144	39.4	133	42	3	51																																																																																																																																																																																														
51	36.31	83	89	67	58	23.64	57	26	138	46	143.36	118	138	104.22	110	84	10	7	120.86	12	28	89	85	54.76	36	74	115.58	114	104	99	75	35.72	49	102	2	89	95.62	140	61	28.26	150	74	36	23	16.18	116	94	106	73																																																																																																																																																																																														
135	14.94	82	33	30	98	2.49	3	113	78	92	150	124	93	60.9	41	84	113	30	90.48	54	64	48	22	28.2	87	74	96.56	31	83	64	77	98.4	105	82	42	126	111.99	10	34	38.79	99	139	55	14	125.97	146	119	79	137																																																																																																																																																																																														
53	37.82	8	58	2	6	90.46	26	120	101	141	108.8	105	127	47.78	124	51	10	97	43.52	63	33	90	143	136.21	82	90	149.05	2	27	97	54	136.26	31	137	84	7	5.15	138	112	65.4	20	30	38	20	47.74	6	8	95	147																																																																																																																																																																																														
42	26.24	141	64	61	85	59.18	86	5	108	119	60.98	82	80	66.25	91	78	140	9	4.25	28	134	15	109	62.01	125	79	16.8	17	126	80	39	134.2	100	148	4	145	126.14	72	4	73.28	14	65	114	10	79.09	3	66	23	76																																																																																																																																																																																														
61	91.82	6	68	44	121	121.47	119	99	107	150	89.41	66	18	81.32	82	32	14	142	36.84	19	103	5	39	115.05	15	72	76.59	7	127	31	81	81.75	71	50	10	94	60.91	2	4	120.05	40	77	107	33	25.44	25	103	135	74																																																																																																																																																																																														
68	3.85	74	135	96	50	119.87	9	146	98	64	142.3	50	8	50.41	66	80	141	121	136.11	130	118	82	126	145.11	49	67	85.37	76	25	139	131	10.23	94	4	137	101	146.66	27	61	106.13	11	52	136	117	103.46	140	70	118	121																																																																																																																																																																																														
20	87.84	129	104	113	109	78.82	116	11	8	99	120.11	54	34	59.06	36	13	82	18	85.37	124	89	149	28	125.82	28	14	141.98	51	132	117	47	70.55	56	71	138	39	105.73	7	57	38.4	55	109	149	85	100.93	49	1	56	58																																																																																																																																																																																														
39	96.8	149	5	39	102	111.94	70	150	120	69	86.8	128	9	3.45	142	78	89	124	44.31	5	130	49	146	90.01	147	39	52.38	104	67	75	134	136.9	54	40	17	137	50.97	9	51	125.53	127	144	148	138	26.34	138	146	83	59																																																																																																																																																																																														
149	131.92	144	34	109	14	82.96	44	9	145	117	95.06	139	74	19.94	23	44	69	92	71.63	24	61	78	50	93.33	114	43	38.5	89	35	123	128	11.54	123	114	6	20	49.72	109	147	148.86	150	116	22	25	82.07	4	147	100	49																																																																																																																																																																																														
12	24.67	76	19	79	149	53.59	39	139	108	115	131.66	66	139	50.65	47	48	144	119	72.4	81	70	99	19	60.39	55	40	114.82	21	145	141	34	131.76	141	91	122	124	148.9	138	92	124.65	22	51	118	13	84.48	83	1	46	8																																																																																																																																																																																														
94	49.02	21	5	31	60	85.74	85	124	138	118	146.03	125	81	80.22	125	125	96	6	112.14	144	13	43	73	78.29	146	147	129.64	96	15	47	66	135.11	105	69	71	103	5.55	9	39	56.15	98	10	20	148	11.74	108	73	138	12																																																																																																																																																																																														
103	140.99	60	5	116	75	24.95	34	29	7	99	69.89	27	31	119.69	82	72	43	3	63.86	129	44	132	65	88.28	8	104	106.38	61	8	8	99	100.97	5	133	36	1	36.67	32	35	56.91	96	94	55	123	7.93	85	56	23	32																																																																																																																																																																																														
23	129.39	148	65	94	107	1.01	35	104	131	3	23.44	116	115	137.93	109	78	39	28	62.75	75	89	138	144	77.04	97	33	32.22	118	33	64	26	64.45	106	95	96	144	110.67	65	131	102.05	145	89	66	63	24.54	114	23	53	4																																																																																																																																																																																														
83	49.51	37	68	60	56	15.63	109	28	148	118	32.38	53	89	134.67	19	28	87	2	133.89	16	27	72	53	108.89	26	47	48.15	11	97	134	96	10.98	117	26	61	35	69.97	76	65	19.29	65	116	138	78	13.31	93	11	134	103																																																																																																																																																																																														
59	122.85	74	31	16	38	67.39	83	83	52	54	8.68	107	90	39.3	125	145	62	73	36.29	28	24	144	120	16.94	30	118	94.8	30	129	107	87	112.09	4	87	112	129	31.59	19	36	97.46	130	95	61	129	75.47	16	85	104	85																																																																																																																																																																																														
90	8.77	37	120	12	39	33.55	19	54	57	65	67.42	42	104	11.09	95	59	18	15	131.17	28	142	85	113	16.62	139	103	148.76	121	58	26	121	96.88	99	25	49	58	106.79	29	90	49.91	110	29	145	92	17.18	133	95	91	123																																																																																																																																																																																														
5	117.4	117	70	84	11	24.34	96	76	85	18	103.09	99	91	24.05	23	56	134	84	2.31	65	72	83	144	57.08	138	145	106.19	110	113	128	77	84.98	85	113	145	53	22.16	7	126	143.53	147	78	118	54	56.75	105	147	23	26																																																																																																																																																																																														
110	94.85	55	17	74	39	15.09	123	55	130	49	115.68	11	27	86.86	32	78	102	47	123.83	78	30	74	83	98.42	4	52	11.97	81	26	127	17	88.16	81	93	144	92	112.03	78	56	141.1	112	125	82	47	148.63	30	53	10	18																																																																																																																																																																																														
70	87.44	120	14	55	124	90.2	122	58	68	121	36.25	147	120	95.06	140	72	23	12	35.23	131	2	38	39	149.17	133	101	2.23	41	99	51	58	143.76	6	52	136	122	34.3	129	47	144.84	98	132	72	80	3.27	100	59	107	57																																																																																																																																																																																														
52	94.19	49	32	96	128	112.2	39	122	75	72	46.08	44	70	88.83	111	98	52	77	2.26	62	52	26	94	137.81	93	40	144.28	67	97	92	123	97.27	114	138	140	50	39.67	81	28	34.96	71	99	79	73	72.4	130	138	41	50																																																																																																																																																																																														
61	55.55	81	81	111	140	136.79	123	1	97	110	75.48	46	80	9.22	48	49	11	9	58.42	94	56	43	147	55.96	78	96	74.58	36	149	40	130	16.85	123	125	22	140	20.48	113	42	51.92	132	54	117	27	82.86	55	125	21	137																																																																																																																																																																																														
15	128.23	140	99	144	3	139.25	16	52	37	116	135.08	129	61	65.49	40	12	12	72	77.05	135	24	27	87	97.33	65	137	119.58	7	97	59	69	57.46	77	69	49	113	89.47	98	15	28.2	119	87	71	104	25.32	59	131	10	100																																																																																																																																																																																														
11	90.93	40	46	121	12	59.73	114	105	22	107	130.8	28	150	119.1	10	23	64	127	66.17	81	104	77	24	44.02	137	24	100.79	103	129	99	28	67.37	72	18	3	36	81.96	100	87	129.81	41	115	150	140	84.04	93	66	86	85																																																																																																																																																																																														
12	6.88	113	46	114	33	29.87	60	91	133	136	69.28	81	92	60.09	43	150	93	85	74.34	61	76	27	114	141.13	51	18	10.48	44	27	27	78	81	47	34	118	118	100.13	84	93	82.39	3	13	81	91	78.1	25	18	120	31																																																																																																																																																																																														
57	150	28	6	123	145	16.41	88	57	94	13	13.12	32	26	41.98	89	32	137	124	11.2	145	97	109	27	74.21	119	29	103.64	137	120	43	118	75.62	130	91	122	137	123.36	69	63	13.83	116	22	26	70	106.61	121	91	145	125																																																																																																																																																																																														
61	70.67	86	13	118	143	125.85	34	26	25	122	116.34	27	41	39.96	55	91	93	38	28.7	102	82	6	144	124.36	14	94	131.41	7	79	112	149	141.1	121	54	56	63	15.73	56	74	35.51	7	43	15	11	131.06	131	131	107	24																																																																																																																																																																																														
68	126.87	41	67	96	3	98.61	62	35	41	114	31.14	103	79	67.35	51	124	120	50	92.61	141	12	137	93	75.37	103	102	34.5	120	19	60	146	79.22	85	32	53	32	134.74	26	99	75.85	120	144	42	124	75.58	106	62	33	6																																																																																																																																																																																														
99	105.01	76	75	83	77	88.39	122	110	38	92	99.49	13	102	119.82	50	25	85	23	69.34	142	98	92	15	60.13	28	30	148.3	18	121	52	10	86.71	91	66	38	105	55.52	25	36	53.36	40	123	114	24	91.52	95	70	149	120																																																																																																																																																																																														
131	94.36	38	33	67	145	131.27	20	107	100	64	144.39	102	24	41.04	8	150	18	86	115.66	109	38	6	69	116.55	70	103	144.88	79	51	70	22	34.35	107	144	121	18	62.16	146	53	9.75	103	60	33	47	32.59	13	143	129	141																																																																																																																																																																																														
64	71.17	105	30	34	149	2.6	142	15	17	24	66.12	99	119	32.63	38	63	100	31	50.54	14	108	35	140	66.66	14	125	73.06	121	113	127	63	73.13	12	49	18	95	21.35	60	81	27.73	18	142	75	56	117.6	123	6	83	96																																																																																																																																																																																														
4	141.23	78	57	64	148	20.25	136	16	80	37	89.38	32	121	13.01	83	1	40	76	138.88	21	52	60	110	79.27	34	69	90.28	108	146	139	33	115.39	130	103	112	4	75.12	96	100	65.86	122	143	43	30	144.28	116	79	93	56																																																																																																																																																																																														
71	77.67	15	20	56	124	65.27	33	13	81	43	135.95	104	19	34.95	110	49	80	53	13.47	118	69	101	66	27.09	51	14	10.29	50	27	125	30	127.69	60	9	51	18	3.38	105	94	24.58	7	111	126	10	5.04	10	113	14	47																																																																																																																																																																																														
85	83.36	69	87	130	23	52.76	38	94	85	29	10.15	123	149	43.19	1	101	30	62	114.47	112	94	120	11	132.78	150	127	38.01	26	13	6	140	99.45	71	128	43	63	14.89	147	12	17.45	38	133	43	49	98.35	121	141	76	22																																																																																																																																																																																														
115	47.65	134	40	51	135	142.38	88	142	17	109	87.29	125	125	135.46	78	19	96	125	59.24	105	34	126	36	88.81	5	42	108.83	130	55	98	104	55.65	52	22	124	38	62.79	128	68	76.77	58	100	115	16	11.21	101	141	141	73																																																																																																																																																																																														
90	27.85	135	121	98	46	88.28	86	2	47	118	100.95	59	118	25.64	35	29	68	120	88.49	115	85	74	141	94.87	127	25	81.65	121	31	80	15	60.41	103	7	68	14	41.32	55	150	140.36	65	125	14	112	40.79	14	62	145	72																																																																																																																																																																																														
22	146.49	3	147	149	111	43.91	54	90	122	31	70.23	129	124	18.48	27	135	15	87	31.1	57	120	104	122	29.78	13	70	136.22	126	105	53	55	108.99	18	121	102	79	23.37	109	30	7.77	56	119	34	10	138.81	90	81	93	15																																																																																																																																																																																														
63	146.01	44	81	146	96	13.46	83	31	59	28	102.6	101	3	127.21	115	78	61	74	79.15	138	139	114	95	137.09	42	115	60.78	24	70	7	22	58.14	20	147	43	114	20.43	96	17	107.99	54	61	27	27	83.75	9	44	39	67																																																																																																																																																																																														
108	17.02	79	112	8	34	139	120	127	123	71	82.01	150	85	14.12	90	102	46	134	99.88	59	15	73	121	124.14	131	72	148.87	82	75	55	64	66.8	30	87	74	134	95.44	40	21	101.67	58	126	25	72	33.36	71	22	43	27																																																																																																																																																																																														
84	43.81	76	88	107	118	8.06	107	118	5	46	73.28	12	39	102.18	140	135	134	115	147.36	57	30	76	80	106.04	88	12	114.82	144	30	61	125	135.01	129	80	130	91	123.31	39	67	6.82	72	1	101	12	103.2	137	120	100	17																																																																																																																																																																																														
29	17.49	91	132	126	67	109.72	148	133	25	60	10.64	113	130	85.12	132	13	139	137	73.19	96	73	7	135	138.45	24	41	116.82	63	124	12	7	14.31	85	104	17	136	142.82	76	36	148.57	90	17	38	63	107.21	105	38	144	36																																																																																																																																																																																														
35	57.63	137	54	114	44	103.09	54	39	58	85	30.93	12	61	29.25	14	20	109	25	44.76	8	45	63	24	55.26	97	75	79.59	95	114	65	3	62.18	14	92	93	120	117.86	43	120	121.08	116	8	99	78	34.8	86	129	49	119																																																																																																																																																																																														
89	43.59	91	56	88	142	63.46	40	22	101	38	116.11	66	118	89.02	7	119	59	114	139.96	107	102	92	64	52.81	144	33	137.25	113	94	43	128	20	104	96	133	100	17.12	35	95	48.28	108	117	70	7	120.46	96	139	45	47																																																																																																																																																																																														
62	123.48	122	49	42	8	138.57	29	144	143	42	111.78	103	124	102.17	103	67	103	85	33.96	132	94	101	130	27.69	145	111	74.94	97	39	89	51	102.66	45	78	124	127	106.58	112	146	15.05	52	101	126	3	122.56	123	45	68	46																																																																																																																																																																																														
70	34.49	53	131	33	121	47.84	76	32	42	99	16.82	29	5	93.47	77	99	101	73	42.68	24	8	44	71	68.82	40	92	49.97	21	136	18	59	59.29	109	33	50	18	115.38	115	124	89.22	86	61	65	15	36.24	39	81	128	41																																																																																																																																																																																														
104	48.42	112	135	36	100	9.43	3	77	13	36	101.52	95	45	18.01	135	44	147	138	135.59	100	112	103	5	113.06	12	144	127.08	129	8	20	103	122.48	150	88	57	38	69.7	63	52	92.2	90	20	25	130	144.12	73	28	90	72																																																																																																																																																																																														
74	147.04	77	56	37	80	120.28	40	132	142	48	126.14	18	124	88.01	150	63	47	103	110.63	110	32	99	101	82.76	122	71	24.13	128	41	84	143	116.79	13	84	31	53	133.63	69	55	59.57	112	21	99	40	112.54	15	145	83	106																																																																																																																																																																																														
91	141.28	73	71	40	28	87.63	47	43	35	37	7.15	106	56	38.73	52	59	44	41	79.81	37	74	74	10	17.61	117	129	123.35	65	97	89	40	17.78	63	96	84	10	85.56	112	98	13.16	23	25	145	24	32.18	122	92	13	79																																																																																																																																																																																														
103	40.46	42	87	37	33	121.59	146	40	109	118	114.14	34	142	145.06	12	14	34	121	126.02	57	118	149	76	138.89	33	130	98.47	37	13	81	60	97.48	110	73	81	10	48.77	123	81	11.05	40	8	43	64	65.7	36	76	70	133																																																																																																																																																																																														
12	89.2	149	1	68	31	90.54	9	94	25	2	56.3	87	134	37.78	130	108	111	69	77.15	24	15	150	115	6.73	34	91	19.2	26	96	81	14	112.08	137	53	145	22	115.73	58	17	124.51	124	93	85	94	6.92	74	132	7	59																																																																																																																																																																																														
122	10.62	99	22	52	36	17.75	30	32	132	129	103.26	21	19	103.62	119	64	137	120	1.61	115	132	42	133	14.88	113	141	97.87	100	115	146	24	121.89	116	131	137	95	74.3	17	97	60.26	143	113	42	61	91.28	143	113	6	102																																																																																																																																																																																														
63	107.07	142	50	78	107	81.19	121	60	101	40	46.57	38	91	148.47	14	15	2	108	99.69	110	37	40	90	89.81	103	86	143.75	65	148	91	71	99.17	46	135	53	114	16.48	2	43	28.16	87	30	141	27	75.69	8	138	134	29																																																																																																																																																																																														
41	16.44	46	6	44	114	76.75	49	68	47	66	19.85	65	53	142.2	146	30	99	91	65.06	53	81	49	104	123.32	80	16	120.22	39	143	58	69	58.11	121	131	93	99	62.77	121	112	107.94	77	80	112	150	149.43	29	73	108	33																																																																																																																																																																																														
64	101.5	123	68	85	65	94.33	71	43	135	135	25.85	41	13	60.28	21	106	50	102	90.86	114	78	12	150	80.34	103	43	124.96	105	27	100	35	73.5	10	86	4	68	25.87	6	70	105.05	134	119	57	67	77.09	149	23	42	23																																																																																																																																																																																														
48	53.44	23	41	119	36	25.39	118	125	128	126	77.77	52	23	23.6	58	104	135	120	44.66	94	15	49	29	62.23	105	115	53.92	135	49	42	23	104.99	150	95	71	47	90.84	87	10	22.02	84	142	52	59	3.4	89	68	5	79																																																																																																																																																																																														
26	36.48	127	79	48	68	107.05	20	143	95	115	116.86	31	135	96.05	59	25	44	70	66.18	31	132	2	12	28.87	30	53	42.24	29	38	73	101	146.95	2	49	108	139	87.69	145	122	11.52	138	4	104	19	122.82	74	70	34	25																																																																																																																																																																																														
148	12.24	110	72	24	51	97.21	147	5	6	22	97.6	54	111	67.82	41	142	59	68	39.01	51	49	79	46	124.01	48	65	109.39	29	81	74	140	80.78	47	59	124	51	44.69	3	8	117.89	3	141	19	39	103.48	50	87	132	36																																																																																																																																																																																														
149	25.75	15	78	81	71	81.54	131	50	91	25	114.94	115	138	16.7	144	57	54	27	27.69	146	99	40	124	103.91	28	114	29.01	110	134	106	139	121.09	120	147	11	6	111.21	106	109	64.58	134	36	50	63	107.68	49	78	110	34																																																																																																																																																																																														
96	34.39	95	77	54	102	95.93	126	140	70	79	100.26	38	134	18.18	113	63	147	66	63.11	6	142	59	64	90.23	6	51	79.75	54	14	148	103	81.18	88	36	4	69	64.59	97	8	51.88	27	67	47	106	7.75	38	92	33	132																																																																																																																																																																																														
67	103.93	88	41	146	50	11.63	73	23	118	63	4.9	47	6	51.02	117	56	22	93	124.47	28	75	19	86	4.04	44	76	66.6	6	7	16	96	24.39	112	93	71	81	95.05	76	1	95.51	64	72	3	90	62.88	12	93	141	47																																																																																																																																																																																														
122	80.01	83	104	52	121	131.84	16	49	88	23	137.17	62	24	45.25	52	142	96	71	34.04	11	70	40	11	21.19	94	8	38.42	46	116	139	10	74.26	45	127	9	129	32.63	61	18	147.42	96	121	112	121	22.96	95	74	95	28																																																																																																																																																																																														
77	111	23	25	70	33	64.06	32	23	99	121	35.92	123	140	27.58	143	55	31	55	84.2	55	102	133	8	121.2	137	94	113.62	78	46	24	63	104.45	129	10	68	58	43.28	100	112	73.75	10	54	8	105	61.21	108	95	146	140																																																																																																																																																																																														
39	51.04	103	57	126	90	33.71	40	89	136	22	147.62	141	89	66.83	52	39	147	29	22.69	31	59	139	7	90.43	133	107	143.81	118	67	26	122	120.31	55	49	73	134	87.41	108	112	4.93	23	150	46	51	117.3	4	56	132	53																																																																																																																																																																																														
61	113.98	93	88	57	140	24.26	6	112	132	78	24.31	1	97	113.84	11	45	150	84	87.68	34	46	61	73	97.99	65	106	98.46	132	67	53	18	137.45	96	20	131	139	120.38	46	78	139.27	102	132	100	23	27.99	50	90	4	79																																																																																																																																																																																														
128	99.91	16	90	66	92	79.47	13	40	79	131	2.18	144	68	90.24	115	128	73	43	30.42	64	1	84	8	44.33	39	78	73.18	23	90	79	84	103.5	146	54	19	16	39.15	6	143	25.95	130	3	77	104	7.65	86	123	59	81																																																																																																																																																																																														
110	76	84	60	74	3	13.68	129	61	149	133	147.07	43	28	148.08	19	40	92	33	121.92	40	30	70	64	41.02	62	92	19.78	91	61	17	69	138.35	20	109	102	31	130.09	55	149	102.15	77	92	73	57	33.84	23	101	129	63																																																																																																																																																																																														
62	9.9	76	34	142	59	53.91	146	18	46	72	134.53	109	143	89.28	110	41	144	1	90.66	91	68	66	33	74.04	21	11	131.23	44	101	28	31	52.91	125	61	39	11	58.16	147	8	144.32	98	103	109	70	14.1	101	19	72	132																																																																																																																																																																																														
44	101.81	53	114	87	114	15.32	57	102	29	100	59.05	69	108	15.84	97	88	126	59	51.52	95	113	77	32	101.82	107	106	79.9	82	119	50	53	97.27	104	126	148	99	5.02	146	120	34.2	141	110	47	92	61.91	119	100	144	146																																																																																																																																																																																														
12	45.72	60	137	116	117	134.54	49	123	138	25	85.6	78	92	135.16	116	29	30	89	13.28	40	98	105	63	111.52	96	46	14.07	50	141	79	126	132.7	17	79	104	35	10.5	69	129	135.85	126	78	55	69	5.85	141	134	142	138																																																																																																																																																																																														
12	115.66	137	124	103	79	95.96	134	66	78	129	45.8	109	57	77.64	126	73	44	52	31.68	91	147	76	142	17.99	127	97	143.55	121	121	47	24	45.64	83	96	141	29	116.43	149	5	115.93	123	121	113	17	127.31	132	57	53	45																																																																																																																																																																																														
70	11.2	25	124	87	47	8	42	82	79	10	45.5	125	13	22.7	39	72	8	101	123.83	89	102	74	71	95.56	12	130	124.26	10	116	61	58	12.48	23	17	67	133	33.68	138	139	3.17	42	104	49	47	55.52	75	138	102	60																																																																																																																																																																																														
75	51.16	58	90	20	149	35.87	19	132	57	59	114.15	49	44	92.28	22	35	15	97	32.85	86	18	61	133	71.56	83	40	100.69	72	140	132	66	68.95	4	49	131	118	18.76	33	74	42.56	61	114	98	123	25.78	132	58	101	7																																																																																																																																																																																														
53	55.46	128	58	75	63	137.32	56	38	117	150	104.17	112	11	42.7	52	8	136	111	63.33	54	107	149	134	64.75	93	113	57.7	64	124	105	71	137.47	145	49	44	3	139.07	135	95	103.34	12	137	72	111	36.53	125	106	56	146																																																																																																																																																																																														
79	52.92	94	92	52	69	132.98	132	117	75	85	17.16	76	73	123.68	81	31	20	69	61.45	29	90	32	149	13.43	71	123	102.76	63	82	124	100	60.24	82	21	87	110	134.96	121	95	52.57	53	22	58	95	141.14	85	83	18	145																																																																																																																																																																																														
129	47.49	137	29	14	35	87.84	129	100	81	27	76.55	14	108	136.35	59	26	114	108	5.31	65	121	80	75	37.89	83	11	81.59	11	129	85	103	7.26	149	140	99	38	92.31	35	111	86.14	11	69	96	32	130.41	19	112	79	66																																																																																																																																																																																														
141	37.83	58	49	110	35	85.2	82	57	131	73	61.59	13	87	34.22	87	132	71	34	99.99	82	108	96	84	41.84	92	81	112.43	80	68	115	21	49.81	98	141	111	79	54.77	18	58	36.04	64	1	120	13	82.79	145	135	133	125																																																																																																																																																																																														
55	92.07	55	13	83	3	120.22	64	120	58	41	6.03	62	21	132.07	120	51	137	97	123.7	122	122	57	50	102.5	56	81	66.66	46	138	146	150	70.73	41	22	22	22	125.29	108	111	58.78	147	144	96	127	39.54	91	105	129	32																																																																																																																																																																																														
96	71.39	89	33	8	38	30.12	30	116	111	100	85.21	108	26	126.79	11	37	10	24	141.82	129	4	26	87	59.15	131	136	77.96	1	25	3	137	148.2	40	98	49	141	16.16	27	41	148.67	50	19	74	125	23.41	60	138	132	132																																																																																																																																																																																														
118	132	53	47	148	90	40.07	148	60	35	49	93.77	28	12	114.97	98	84	143	88	87.45	19	141	96	94	1.17	28	15	109.59	39	131	104	109	61.3	126	30	17	12	105.31	2	83	139.31	57	76	49	39	75.69	53	71	132	103																																																																																																																																																																																														
97	82.21	131	80	149	95	136.71	28	38	133	89	139.43	9	86	86.54	84	30	148	56	19.09	26	99	136	92	52.3	120	25	149.21	67	144	59	94	8.98	60	80	6	69	16.38	76	1	9.91	8	119	11	119	37.68	33	68	111	110																																																																																																																																																																																														
128	147.77	146	47	31	41	65.54	18	41	45	116	112.4	137	66	79.18	24	132	24	140	135.12	126	70	23	96	34.01	108	90	3.53	106	32	65	103	147.29	137	29	137	75	64.65	85	4	132.24	64	73	19	35	37.33	77	54	56	36																																																																																																																																																																																														
123	34.82	123	138	43	63	74.06	115	48	120	23	113.13	113	56	79.28	94	10	146	128	35.91	68	135	88	4	98.84	148	47	60.91	35	128	80	80	75.32	107	89	110	25	91.74	111	133	21.44	80	15	14	90	94.94	14	68	60	122																																																																																																																																																																																														
142	68.92	14	78	101	140	106.8	80	55	95	3	13.7	91	1	110.67	75	91	6	102	72.69	28	5	4	92	6.19	40	23	79.25	117	53	116	22	123.15	44	24	21	21	65.96	113	43	141.38	139	123	48	8	108.95	26	74	6	128																																																																																																																																																																																														
43	140.34	50	74	145	69	113.4	27	31	119	144	106.49	63	57	123.51	48	91	116	6	7.73	76	64	5	21	140.08	135	90	107.32	72	79	138	73	82.31	53	62	14	44	6.45	9	23	106.17	92	130	48	66	99.47	81	73	140	88																																																																																																																																																																																														
48	51.56	35	112	84	34	141.3	43	130	125	119	54.41	84	139	84.59	11	16	21	120	27.71	141	20	19	63	78.37	110	59	115.76	34	43	122	17	31.21	10	55	126	91	9.31	7	112	8.84	60	121	114	76	72.44	138	26	102	56																																																																																																																																																																																														
127	121.59	90	75	51	85	19.58	93	79	53	31	115.61	19	123	105.64	139	96	89	104	135.81	6	75	66	24	94.3	109	55	127.35	133	102	150	31	38.54	54	17	14	149	146.52	42	28	93.12	12	80	76	117	64.6	1	68	56	21																																																																																																																																																																																														
39	39.65	23	60	82	61	131.28	85	48	100	137	12.91	38	114	68.28	131	121	12	39	94.63	103	106	127	1	113.79	10	40	48.31	146	131	79	18	76.83	59	131	73	72	122.24	11	7	79.29	98	58	99	9	146.3	41	137	38	26																																																																																																																																																																																														
56	127.9	73	91	112	71	105.63	62	82	49	7	71.33	127	68	69.55	140	115	51	51	54.45	97	48	120	139	142.88	102	136	3.9	14	81	48	14	112.08	42	45	87	15	15.48	114	148	32.43	80	20	82	44	9.47	91	133	86	36																																																																																																																																																																																														
26	84.21	75	90	61	23	80.14	117	26	16	101	145.51	86	97	80.86	45	47	20	47	2.43	6	79	43	31	25.06	135	123	4.89	96	18	9	69	76.37	44	9	109	22	15.22	37	20	95.06	31	19	51	35	126.96	132	78	132	22																																																																																																																																																																																														
109	96.53	86	60	30	43	128.07	122	84	40	66	140.93	97	73	5.62	5	20	130	112	53.75	132	105	48	24	131.98	72	139	77.72	24	92	48	92	27.42	97	115	148	9	45.04	150	6	23.19	144	122	148	136	80.24	148	60	76	79																																																																																																																																																																																														
2	113.64	127	12	33	11	113.67	122	92	53	96	140.09	142	99	144.03	140	57	51	23	31.81	136	52	40	77	78.32	29	64	33.58	38	40	40	136	111.19	89	52	23	147	149.63	119	14	79.54	125	90	75	136	131.17	131	139	115	14																																																																																																																																																																																														
65	32.61	10	34	22	63	89.46	139	74	56	135	121.93	63	79	112.42	120	126	54	32	126.97	37	70	127	112	39.05	23	100	55.4	9	108	144	138	116.33	45	141	99	135	109.34	21	112	135.53	70	8	35	75	59.3	61	141	127	27																																																																																																																																																																																														
98	67.55	40	80	121	135	117.31	139	142	50	115	20.27	95	88	97.63	11	106	3	46	77.42	68	109	35	14	8.67	107	127	103.91	77	85	35	90	45.06	132	84	19	20	40.46	79	111	25.28	69	97	149	3	70.83	122	46	89	35																																																																																																																																																																																														
58	149.11	85	137	95	101	140.6	103	125	63	123	145.1	103	139	25.87	47	39	121	96	79.96	144	108	36	55	47.33	87	19	74.57	16	128	105	76	21.34	122	125	139	52	59.28	102	3	100.71	45	102	88	44	17.33	57	71	94	146																																																																																																																																																																																														
114	8.5	91	146	84	6	44.91	40	84	70	15	9.21	101	104	148.79	111	38	42	120	80.75	33	126	128	76	67.2	43	148	74.76	36	118	144	80	108.7	92	110	74	108	62.24	54	21	130.87	54	127	66	41	27.24	132	17	91	94																																																																																																																																																																																														
73	134.1	135	60	113	50	80.02	139	44	108	141	57.2	32	70	52.84	60	142	132	87	87.52	118	19	89	46	80.16	89	15	125.17	146	16	143	93	70.62	42	108	124	47	9.67	132	62	17.2	92	94	114	119	79.87	3	9	66	65																																																																																																																																																																																														
114	66.21	88	14	41	29	146.36	114	25	104	64	26.03	60	114	141.29	82	130	11	40	36.91	64	136	135	150	62.95	16	18	32.78	2	18	79	66	3.57	111	10	58	100	100.33	54	119	21.48	107	36	8	43	74.76	77	25	85	30																																																																																																																																																																																														
36	25.31	40	70	12	98	93.32	143	71	98	109	132.79	86	88	62.35	1	95	122	54	13.13	137	10	100	88	106.79	143	88	141.52	111	86	5	89	32.27	89	77	79	56	55.03	54	85	148.09	21	25	106	123	16.26	25	94	81	6																																																																																																																																																																																														
122	80.38	18	11	138	76	94.78	55	19	48	68	36.68	32	150	64.13	46	59	128	138	57.44	14	54	90	14	95.18	130	143	127.18	102	56	91	146	49.1	126	57	45	51	96.75	5	111	70.85	150	42	118	107	108.39	115	21	139	69																																																																																																																																																																																														
146	48.09	33	69	111	98	66.8	97	16	107	142	69.36	71	98	137.86	67	34	127	18	121.13	95	113	115	121	42.51	108	135	114.91	113	126	106	90	5.02	82	30	61	143	94.56	97	108	57.97	129	133	41	16	107.42	47	28	40	134																																																																																																																																																																																														
124	114.77	32	48	119	132	88.31	112	13	4	54	7.23	147	56	53.61	149	79	79	73	122.6	142	100	56	8	50.79	140	30	59.73	26	114	88	4	127.79	55	105	119	100	22.39	23	16	8.82	73	22	146	16	35.25	13	22	31	28																																																																																																																																																																																														
47	55.02	70	28	16	104	47.92	36	99	48	140	73.93	109	34	77.21	48	19	130	128	130.49	101	142	131	58	99.2	42	110	58.55	115	100	73	37	107.19	135	115	65	59	106.69	77	21	66.58	110	131	79	70	89.08	25	91	48	92																																																																																																																																																																																														
60	29.58	78	134	27	44	49.77	38	14	37	127	123.96	114	148	7.94	6	38	99	54	107.67	100	111	75	132	116.89	65	90	3.24	124	147	91	149	21.9	6	44	143	17	144.46	36	101	124.55	76	46	63	22	117.53	130	128	143	22																																																																																																																																																																																														
81	146.12	104	108	124	55	14.56	79	65	129	82	120.53	102	14	66.68	106	54	116	107	26.06	79	58	12	137	46.84	1	97	8.19	148	56	80	50	149.59	135	133	16	91	132.91	33	88	9.41	74	77	76	133	146.65	57	150	8	8																																																																																																																																																																																														
121	138.39	42	3	116	51	95.38	39	67	22	3	82.12	36	129	22.26	94	106	19	111	135.02	25	83	8	71	37.02	64	110	91.49	10	146	35	11	88.32	61	143	71	95	110.53	35	137	20.77	96	14	150	90	6.34	135	119	64	71																																																																																																																																																																																														
80	104.29	146	143	112	61	132.43	43	74	28	49	133.37	51	134	139.43	27	22	137	5	107.15	30	83	114	53	115	22	100	140.06	13	74	113	88	66.2	58	2	27	113	91.54	62	13	74.01	30	132	124	23	118.58	8	126	25	3																																																																																																																																																																																														
85	35.48	118	104	144	72	31.74	149	141	69	21	79.33	6	113	32.39	56	147	129	36	114.13	81	103	20	129	32.82	75	71	116.61	106	97	63	37	142.96	31	125	119	146	141.08	13	55	116.83	144	20	21	108	146.61	14	39	87	81																																																																																																																																																																																														
13	71.53	15	21	12	101	78.34	43	75	111	94	76.9	29	150	63.24	84	68	82	119	34.87	77	69	51	63	72.17	56	44	7.74	82	84	110	82	36.77	35	78	132	108	109.73	110	71	142.77	48	54	8	17	52.81	4	114	2	14																																																																																																																																																																																														
93	109.58	97	34	49	58	148.37	149	78	16	41	137.26	127	5	50.53	37	144	81	122	90.85	10	42	69	114	37.79	74	93	142.61	25	11	140	33	125.09	72	131	97	33	26.44	133	76	59.32	32	37	29	141	24.31	139	41	111	97																																																																																																																																																																																														
145	16.7	47	26	69	44	124.69	150	89	58	97	92.96	55	76	135.94	121	137	112	99	105.54	53	72	23	112	51.97	101	29	79.58	144	39	82	114	118.31	9	53	137	10	31.08	26	124	62.14	46	65	146	63	31.97	120	9	5	146																																																																																																																																																																																														
63	89.81	30	56	101	51	29.62	150	55	89	149	128.96	150	36	56.68	18	60	55	60	120.83	65	136	109	136	88.63	87	98	111.96	58	54	10	92	125.41	104	129	137	58	34.35	85	5	1.88	83	85	59	72	104.39	117	3	18	83																																																																																																																																																																																														
21	95.66	106	10	10	134	68.58	129	139	140	123	144.85	3	73	36	32	88	47	84	53.89	139	2	108	30	146.26	57	146	10.32	33	133	75	75	88.17	49	149	18	86	74.87	103	22	121.19	3	94	26	47	71.23	7	103	82	85																																																																																																																																																																																														
23	46.95	39	32	74	137	97.87	38	109	119	90	95.64	13	15	58.88	25	61	126	80	147.28	99	65	8	76	66.47	83	57	136.52	64	86	46	38	133	104	29	43	1	67.76	150	16	113.14	4	20	140	108	65.64	19	52	59	137																																																																																																																																																																																														
109	74.47	59	53	91	104	103.59	130	68	112	139	99.53	78	34	115.52	1	114	42	74	82.49	107	93	54	41	18.28	105	111	33.19	2	60	63	130	90.05	139	84	29	23	34.4	123	146	14.05	13	134	53	146	128.88	40	131	19	112																																																																																																																																																																																														
82	22.15	32	90	25	22	124.55	101	104	21	111	142.24	137	118	128.7	94	139	76	142	104.72	73	116	110	72	71.48	146	55	21.35	76	126	124	57	24.29	63	143	136	105	21.54	31	36	85.71	119	57	130	112	91.09	150	103	109	52																																																																																																																																																																																														
14	22.8	140	36	84	143	105.81	48	36	136	54	2.14	101	149	140.35	71	69	23	94	124.27	120	125	44	76	149.02	49	22	118.89	145	124	57	41	134.04	101	77	100	104	3.89	72	150	108.06	72	145	67	36	57.94	4	124	26	141																																																																																																																																																																																														
22	5.13	77	143	137	125	71.56	84	96	15	6	137.98	82	48	93.9	135	47	115	6	150	57	44	28	50	32.36	2	16	25.85	139	134	56	112	30.48	103	67	115	87	67.23	6	120	119.61	123	73	50	14	30.48	105	67	138	18																																																																																																																																																																																														
124	132.33	6	16	133	53	138.38	126	6	37	143	147.91	126	70	6.2	50	144	94	63	45.46	76	100	61	136	119.93	150	132	79.9	111	98	86	85	89.02	11	6	99	123	54.77	22	11	51.53	127	15	7	146	119.74	114	49	59	129																																																																																																																																																																																														
86	105.21	14	126	31	31	63.61	7	33	44	97	54.79	117	102	118.15	118	112	142	5	125.1	48	35	32	46	27.63	31	102	11.91	7	62	93	111	1.57	140	88	21	40	92.57	94	99	109.97	17	132	88	17	77.69	127	122	58	88																																																																																																																																																																																														
116	33.5	136	101	149	113	87.94	89	26	66	52	41.99	3	81	139.33	104	58	115	118	33.82	65	90	82	137	74.93	131	90	57.96	98	74	131	64	12.92	58	107	86	54	133.18	45	30	12.39	40	35	117	48	101.79	131	88	23	141																																																																																																																																																																																														
8	15.85	75	133	115	11	77.74	42	55	53	92	51.87	28	97	92.76	71	27	24	27	3.04	89	149	36	92	119.6	33	125	139.14	1	98	56	135	93.53	51	33	49	96	54.01	74	47	24.13	55	75	41	122	105.65	145	118	92	96																																																																																																																																																																																														
106	5.68	11	92	123	95	1.42	50	139	5	118	107.84	82	41	18.53	84	2	73	54	97.11	42	96	83	19	46.53	93	72	135.41	110	134	141	7	107.26	105	55	50	23	48.96	19	119	14.59	53	106	120	115	40.94	26	127	145	22																																																																																																																																																																																														
31	34.33	139	147	16	142	27.61	100	73	24	24	27.26	102	1	4.55	50	87	54	64	94.66	70	42	115	38	100.15	136	97	33.55	52	101	30	51	80.95	28	82	144	51	133.57	135	48	100.15	18	142	61	140	11.12	5	94	91	141																																																																																																																																																																																														
100	41.04	88	123	147	142	25.73	119	143	75	39	115.3	2	74	43.65	133	92	16	22	94.78	30	100	10	142	86.51	33	86	66.32	52	20	80	31	85.35	104	137	13	119	12.2	99	78	100.68	65	27	115	48	42.64	114	11	86	115																																																																																																																																																																																														
32	128.77	39	32	101	41	30.88	44	93	98	137	140.98	29	16	59.57	41	42	11	24	8.37	87	52	76	98	136.21	137	81	4.51	104	80	95	51	28.1	53	20	65	148	78.69	41	51	82.52	99	100	147	117	33.72	122	32	28	8																																																																																																																																																																																														
83	8.89	20	75	62	128	42.59	105	94	20	40	149.66	75	44	12.02	144	18	102	46	76.22	117	21	131	126	104.41	22	33	25.68	102	68	87	39	46.44	72	20	24	39	55.26	62	21	57.53	19	63	108	143	12.45	33	68	11	114																																																																																																																																																																																														
104	63.65	59	73	51	19	54.78	17	148	150	12	73.09	54	150	28.44	8	33	36	149	131.46	130	73	98	78	2.02	55	103	122.57	53	76	138	150	46.8	65	143	55	102	145.54	79	51	14.85	48	25	37	71	82.99	132	47	33	88																																																																																																																																																																																														
43	85.36	51	79	104	89	115.8	14	129	32	11	69.66	98	149	43.27	54	25	74	102	56.34	1	81	63	77	110.92	17	44	131.41	87	116	129	87	88.74	8	63	76	29	118.1	117	1	137.66	86	39	81	132	63.5	148	63	99	82																																																																																																																																																																																														
142	142.77	45	141	10	80	33.55	115	7	33	28	22.46	138	23	14.56	126	18	59	110	109.93	5	4	97	17	93.02	126	147	13.81	33	19	70	23	92.21	130	89	96	125	82.99	129	150	125.48	105	78	25	53	8.26	47	110	114	88																																																																																																																																																																																														
64	129.71	43	92	115	42	40.09	8	13	79	87	124.25	42	88	148.27	5	43	86	133	22.38	34	126	64	141	76.19	14	39	54.81	12	78	2	68	82.29	24	103	40	45	94.7	103	6	133.71	20	20	36	149	137.55	113	77	108	109																																																																																																																																																																																														
16	2.42	59	36	110	144	21.06	67	126	116	146	42.98	16	10	133.58	57	125	89	136	5.5	51	97	23	104	36.79	21	7	63.96	8	20	134	14	146.35	16	147	54	142	25.23	36	12	81.33	29	120	8	69	87.81	102	112	122	96																																																																																																																																																																																														
87	8.29	136	89	42	134	33.32	148	22	61	86	67.06	102	105	10.88	8	22	146	31	64.54	24	22	94	55	9.53	46	62	48.62	150	142	143	115	55.19	11	127	105	135	13.63	99	35	26.24	144	95	71	30	10.11	87	3	71	115																																																																																																																																																																																														
26	114.07	77	144	111	141	27.3	43	146	59	50	114.16	71	46	135.83	128	149	103	59	142.93	110	11	92	43	66.37	121	16	104.92	50	34	59	106	142.2	112	36	130	29	134.89	141	71	72.63	44	108	88	137	57.89	127	130	131	77																																																																																																																																																																																														
55	122.66	45	105	15	95	69.22	61	32	53	26	75.48	138	18	18.85	42	12	39	55	122.45	106	37	83	118	30.66	75	98	97.58	77	132	81	142	55.12	5	143	11	66	55.4	148	107	66.44	150	115	69	51	97.09	15	85	144	35																																																																																																																																																																																														
132	62.46	82	30	55	51	8.07	85	13	98	18	67.82	102	24	21.59	119	133	18	34	147.3	142	55	67	14	11.86	103	120	43.19	52	111	94	39	22.84	79	67	35	133	3.05	13	83	69.48	14	146	60	11	92.67	21	142	98	79																																																																																																																																																																																														
112	4.3	88	74	150	53	118.08	27	58	29	7	130.14	23	50	2.98	18	122	73	74	48.87	66	140	132	77	98.41	39	18	25.12	111	88	95	97	43.28	146	145	43	70	92.07	120	18	90.59	111	70	70	111	83.56	2	2	16	16																																																																																																																																																																																														
139	126.95	149	97	11	53	145.67	142	25	27	114	40.39	55	9	55.47	6	64	39	53	38.65	34	26	125	48	98.28	5	33	55.51	102	58	39	141	88.73	112	109	88	86	143.98	122	71	111.61	38	9	65	124	124.6	80	37	35	72																																																																																																																																																																																														
141	28.29	28	39	41	140	100.18	101	120	17	35	77.57	97	143	116.87	143	123	53	133	137.32	89	18	43	122	88.93	40	40	6.1	100	66	14	133	61.19	97	30	8	131	110.31	10	19	54.41	67	54	57	47	79.92	47	139	142	90																																																																																																																																																																																														
9	6.76	37	69	1	116	135.84	117	145	83	114	124.45	118	48	40.77	72	96	55	9	66.54	100	7	47	20	58	88	92	14.72	137	69	69	100	82.51	13	94	145	92	63.99	10	130	22.4	145	142	26	88	124.81	42	55	18	136																																																																																																																																																																																														
75	60.53	69	59	127	99	138.21	140	137	136	35	119.95	120	78	103.12	134	39	66	8	12.26	103	121	118	35	84.4	98	67	99.83	33	68	64	142	58.37	144	8	136	141	32.35	17	27	78.56	125	150	87	76	96.76	9	68	22	50																																																																																																																																																																																														
17	53.31	119	38	99	44	77.97	103	128	108	7	69.42	112	143	89.85	42	147	44	142	29.94	36	49	19	27	85.44	95	63	31.1	49	27	119	60	97.64	63	126	68	61	51.77	134	12	115.96	77	55	7	104	75.86	67	32	3	136																																																																																																																																																																																														
95	97.65	16	51	137	4	45.67	53	99	36	134	148.1	8	133	121.62	100	128	5	124	98.21	121	115	97	108	22.84	99	140	106.02	61	145	96	133	78	138	32	74	63	74.42	120	113	13.25	114	110	1	112	147.07	45	4	15	94																																																																																																																																																																																														
138	94.33	77	56	128	3	131.43	136	97	127	4	28.86	121	77	37.51	89	99	114	111	95.31	21	118	56	104	6.14	3	53	115.73	102	133	51	135	61.5	65	96	132	69	30.53	125	103	59.41	68	121	48	117	149.33	62	20	130	88																																																																																																																																																																																														
138	58.94	93	62	93	135	43.21	12	126	75	65	9.31	88	124	72.27	143	93	111	124	125.44	108	14	21	90	116.55	17	111	24.31	73	116	73	24	85.8	54	85	92	129	15.24	14	133	136.47	46	143	127	108	93.66	117	19	134	85																																																																																																																																																																																														
135	33.98	23	15	71	16	142.62	79	41	121	94	13.94	131	132	129.77	98	28	58	53	133.13	126	95	101	134	145.91	62	12	98.75	63	106	133	6	54.81	15	123	103	63	81.79	27	139	135.19	40	11	124	33	60.34	45	84	119	95																																																																																																																																																																																														
121	129.19	47	2	125	1	58.33	50	134	129	18	81.44	113	31	75.29	49	105	38	13	114.84	3	141	111	49	127.68	25	58	105.99	109	16	141	139	147.63	16	20	47	110	26.17	114	121	52.93	125	113	88	133	75.12	54	47	13	94																																																																																																																																																																																														
35	17.93	66	34	141	51	136.65	119	30	105	32	99.28	49	32	17.93	149	25	54	75	11.08	33	91	51	105	143.06	143	121	56.32	134	106	94	106	117.76	98	81	136	71	38.71	49	4	85.49	21	104	17	19	122.08	3	86	113	105																																																																																																																																																																																														
141	130.26	105	69	122	58	38.6	38	139	93	117	33.89	78	83	74.97	127	85	102	1	69.82	30	141	42	150	149.16	77	13	117.63	21	146	41	15	12.63	121	95	32	93	51.45	128	115	95.48	14	140	137	70	13.43	76	96	91	21																																																																																																																																																																																														
24	89.87	114	114	126	2	113.72	143	89	36	22	69.27	18	147	90.74	51	32	7	88	149.52	43	107	106	36	62.79	70	133	6.68	34	118	72	92	144.07	135	52	135	119	9.05	2	148	83.38	123	95	52	8	29.7	120	26	95	142																																																																																																																																																																																														
84	145.96	129	149	82	131	84.51	144	117	4	142	77.3	70	57	22.81	150	95	138	143	134.22	112	94	62	46	94.04	56	76	27.92	57	33	112	71	57.75	48	124	6	89	123.48	48	96	80.63	125	46	55	29	18.36	111	106	139	2																																																																																																																																																																																														
100	114.98	80	131	53	115	149.4	3	83	41	43	142.78	68	55	66.51	134	148	52	49	124.8	3	92	99	122	40.81	103	36	125.92	21	112	24	77	5.4	25	138	116	37	60.38	45	47	147.59	82	115	12	29	138.73	6	40	14	20																																																																																																																																																																																														
40	138.87	58	54	102	48	59.59	136	60	25	84	31.47	109	104	57.86	103	92	57	133	83.18	76	129	49	83	119.85	55	54	16.98	5	38	35	150	16.66	112	17	121	62	109.26	69	107	18.53	107	99	43	59	55.68	113	5	45	134																																																																																																																																																																																														
67	25.82	5	88	125	104	13.73	145	107	28	111	69.09	140	118	129.22	43	128	126	95	74.78	81	83	143	148	121.52	73	50	48.69	41	82	120	74	14.22	91	3	130	86	95.76	24	123	120.21	93	3	142	21	147	108	126	31	86																																																																																																																																																																																														
109	69.35	64	57	68	130	82.97	98	69	77	147	129.39	110	17	143.46	92	131	50	21	119.1	96	93	149	3	13.41	51	99	43.57	46	68	14	84	136.23	113	2	79	64	34.8	46	150	53.51	128	19	129	82	73.52	58	46	5	74																																																																																																																																																																																														
17	44.91	67	39	57	123	67.94	13	25	65	45	45.83	12	71	90.33	80	75	74	115	100.26	96	77	130	57	130.22	22	27	74.09	136	85	134	132	7.69	7	15	100	60	105.49	103	26	148.43	16	124	71	69	68.69	80	13	24	108																																																																																																																																																																																														
38	6.29	26	125	37	49	63.41	42	106	115	7	128.39	82	14	141.77	27	119	86	70	59.03	83	54	2	99	92.24	64	120	29.15	127	48	99	124	73.6	42	108	107	133	23.09	124	2	100.79	137	87	125	121	112.98	138	38	103	78																																																																																																																																																																																														
24	104.07	142	97	21	7	29.24	137	23	72	31	81.25	136	110	8.91	81	61	11	66	130.17	40	108	60	66	34.04	102	9	16.75	31	124	114	103	75.81	92	74	120	110	82.28	85	122	88.02	115	14	91	29	145.3	54	137	33	128																																																																																																																																																																																														
114	77.59	84	40	76	42	69.61	19	71	3	83	110.42	104	30	120.74	107	98	78	106	134.14	38	20	102	73	129.56	104	59	69.77	106	128	134	61	45.98	111	77	62	115	26.22	68	132	12.69	138	73	7	26	87.81	131	105	65	71																																																																																																																																																																																														
117	43.59	82	9	29	148	146.01	81	116	133	18	98.34	120	139	52.66	69	74	65	21	76.12	96	127	135	17	108.6	79	136	111.63	79	74	104	64	29.33	149	70	102	144	81.56	53	8	117.05	1	24	108	12	47.68	51	91	89	32																																																																																																																																																																																														
129	64.98	73	45	98	56	96.96	1	26	136	23	54.08	26	21	38.54	49	50	61	110	29.23	54	10	89	93	25.05	17	63	21.3	80	126	136	134	58.56	78	69	71	65	55	69	117	118.67	91	37	16	147	80.94	79	43	16	65																																																																																																																																																																																														
54	51.9	49	96	139	137	123.08	133	41	2	65	85.06	41	19	65.56	64	103	15	132	105.84	130	98	87	81	22.25	57	34	132.71	33	11	19	3	72.45	55	125	66	144	18.71	32	39	121.53	3	149	76	142	105.66	119	27	36	142																																																																																																																																																																																														
144	97.02	20	60	96	121	22.93	101	32	99	81	75.44	125	16	40.88	101	67	29	81	21.85	30	93	108	97	147.17	134	5	17.39	25	1	96	141	55.17	145	7	137	31	70.24	24	147	53.68	71	111	59	60	104.68	116	87	64	15																																																																																																																																																																																														
89	12.05	48	63	40	84	38.87	102	25	70	90	22.89	8	24	143.65	148	19	19	9	31.98	142	5	116	100	2.31	93	40	35.54	111	140	34	120	86.76	131	132	117	27	136.35	100	132	92.21	61	94	105	132	100.35	35	50	19	49																																																																																																																																																																																														
56	126.85	107	83	42	124	26.07	124	125	49	60	65.02	131	75	68.4	65	58	75	3	48.29	69	19	147	79	31.17	95	114	96.73	86	36	17	48	144.5	129	49	81	120	41.38	118	9	68.7	38	20	39	45	7.45	56	9	149	43																																																																																																																																																																																														
11	84.36	138	145	105	125	66.12	26	101	42	125	58.78	8	43	101.36	63	101	149	34	71.13	75	43	32	14	57.95	51	46	98.55	72	101	99	116	12.4	29	12	142	68	93.09	91	145	40.08	121	110	18	85	68.62	23	145	99	104																																																																																																																																																																																														
63	123.23	96	104	73	135	26.22	135	53	110	11	65.99	143	26	94.44	23	146	76	84	12.7	128	87	56	48	138.8	96	135	111.07	67	81	36	149	101.76	51	30	94	50	14.83	130	40	119.75	96	11	8	52	65.19	136	146	73	3																																																																																																																																																																																														
32	38.2	92	53	43	125	11.93	96	123	68	111	50.03	44	48	92.32	127	44	88	117	116.95	124	20	92	58	84.27	79	149	68.11	97	30	148	12	145.99	134	76	124	89	58.25	58	63	37.79	119	43	134	136	99.86	71	35	125	27																																																																																																																																																																																														
65	78.46	79	112	31	48	24.85	83	63	48	133	114.45	59	83	12.38	51	84	136	48	28.01	66	82	142	78	32.05	9	114	142.94	66	49	136	88	34.25	85	131	44	52	33.94	98	115	134.21	107	22	130	21	38.32	40	132	145	26																																																																																																																																																																																														
64	90.12	121	28	28	146	111.02	95	74	54	78	57.1	89	130	17.9	87	2	44	127	84.55	98	105	96	140	125.76	125	88	125.54	145	142	123	70	104.99	71	53	60	52	121.35	23	132	139.68	59	6	69	15	88.43	105	119	43	100																																																																																																																																																																																														
6	48.6	112	89	142	19	6.38	75	143	111	124	145.11	52	109	33.28	52	83	114	129	117.48	15	125	97	69	148.65	127	112	83.72	26	32	12	28	69.25	66	57	37	149	69.84	114	7	17.82	17	107	13	35	30.43	22	134	13	6																																																																																																																																																																																														
120	66.74	66	134	12	108	53.74	75	80	44	99	51.76	38	75	115.8	85	62	63	118	96.68	80	122	33	34	77.86	45	47	143.07	30	117	26	105	144.17	66	8	96	107	53.6	1	95	145.83	49	86	146	113	71.45	45	101	18	5																																																																																																																																																																																														
126	74.45	9	148	24	3	16.45	66	13	97	75	37	31	140	6.43	61	38	61	4	77.08	46	108	107	89	89.94	108	143	29.18	97	28	119	45	54.25	121	6	88	44	128.42	128	76	11.26	85	77	78	20	107.22	132	107	39	8																																																																																																																																																																																														
52	148.52	7	79	140	12	106.18	95	73	33	141	58.99	135	97	8.72	75	36	70	129	10.97	60	20	95	28	22.6	85	92	133.67	103	2	89	108	108.55	3	53	33	135	96.43	41	65	1.13	122	1	100	102	63.52	63	36	76	45																																																																																																																																																																																														
68	103.31	97	54	91	60	131.99	57	123	37	19	79.95	117	12	131.66	18	27	67	113	42.81	85	24	5	114	56.23	95	63	107.3	117	62	4	127	95.31	58	76	62	120	30.36	47	41	124.37	34	118	144	124	101.87	126	33	146	27																																																																																																																																																																																														
104	118.44	147	115	119	140	107.93	76	21	43	68	53.31	130	25	59.33	59	144	12	86	120.51	97	48	6	85	59.02	55	32	137.49	50	92	46	123	73.78	149	119	91	54	41.96	115	76	119.51	86	27	11	78	86.83	56	52	36	139																																																																																																																																																																																														
58	3.87	82	135	17	97	108.99	99	30	136	131	78.52	130	138	25.45	100	26	68	104	117.46	74	130	22	66	26.67	48	17	84.89	126	8	118	88	8.58	41	90	12	122	131.85	114	11	29.54	105	56	111	149	136.8	49	125	134	72																																																																																																																																																																																														
19	136.51	33	68	24	68	4.59	150	150	79	125	34.73	68	117	136.35	75	120	44	69	107.6	5	6	16	112	134.1	55	10	63.02	128	107	110	58	35.74	70	96	74	143	118.16	119	110	57.24	19	102	59	117	3.61	25	130	11	18																																																																																																																																																																																														
138	131.2	92	149	116	81	19.02	77	100	109	86	110.66	104	143	140.12	146	31	70	50	85.94	148	14	108	69	82.8	89	12	12.05	129	130	147	70	4.49	74	45	41	96	141.75	11	44	41.62	92	52	4	141	62.17	138	109	66	120																																																																																																																																																																																														
140	30.12	83	64	78	150	88.87	114	110	30	60	95.78	20	47	80.97	143	131	8	55	56.06	48	123	52	70	147.53	53	111	123.04	56	132	137	139	107.02	37	77	128	39	25.78	106	1	13.56	97	9	122	150	56.77	71	96	5	134																																																																																																																																																																																														
126	67.42	144	65	91	111	114.89	133	20	125	17	17.27	117	112	25.21	106	137	14	97	106.29	12	143	1	65	17.56	116	63	9.51	109	49	12	30	104.82	62	72	116	116	54.33	30	150	114.85	68	11	77	71	42.6	108	103	5	109																																																																																																																																																																																														
98	140.87	133	90	79	125	22.96	23	113	3	65	107.52	118	112	67.42	65	106	119	94	34.65	120	138	5	21	47.59	18	6	5.93	4	72	134	6	35.37	126	56	95	25	37.45	30	114	29.43	55	12	65	48	126	36	34	136	76																																																																																																																																																																																														
89	74.32	126	146	35	56	129.43	71	27	92	148	132.26	26	127	99.75	103	89	144	117	85.51	39	50	117	90	136.83	115	107	38.78	97	57	26	144	146.8	48	35	56	76	50.07	145	4	57.21	96	15	53	62	28.84	63	113	102	140																																																																																																																																																																																														
51	102.56	78	134	85	19	102.33	43	129	62	78	74.25	74	96	47.66	148	132	106	111	65.64	83	109	27	109	46.81	84	133	96.77	2	2	39	4	101.22	20	112	83	35	29.49	17	60	35.21	97	61	140	83	55.79	119	110	134	103																																																																																																																																																																																														
96	93.9	51	30	123	15	67.84	4	10	80	43	70.97	38	141	119.31	6	137	19	102	30.86	75	4	31	140	41.65	92	56	10.36	48	125	10	31	105.25	89	108	76	37	109.34	50	42	113.31	19	6	141	40	68.83	132	104	140	74																																																																																																																																																																																														
27	80.93	115	54	89	6	1.18	136	35	88	111	10.31	83	90	64.86	7	113	64	110	122.63	16	110	96	15	38.52	94	112	141.92	7	85	93	21	44.83	131	12	28	83	12.14	149	46	124.23	89	69	81	150	30.85	55	73	149	6																																																																																																																																																																																														
51	133.68	7	25	108	19	76.66	141	25	15	94	109.35	27	119	126.33	44	127	114	34	10.68	88	75	144	89	41.84	2	118	137.94	115	127	106	134	115.45	57	122	28	8	149.22	63	125	88.71	77	75	125	134	56.86	40	17	31	3																																																																																																																																																																																														
83	70.8	58	87	28	132	70.52	89	66	25	146	12.04	109	25	12.29	16	73	15	148	95.32	82	19	51	22	11.51	12	81	84.13	14	19	19	78	120.98	66	85	83	40	16.23	80	92	24.93	117	109	109	145	23.96	42	3	45	60																																																																																																																																																																																														
55	71.32	68	45	107	118	76.46	71	113	77	114	52.25	27	50	57.91	76	103	127	136	51.62	116	76	77	123	76.7	88	134	104.64	89	45	63	15	49.98	12	127	32	19	105.65	130	55	123.46	58	109	9	143	19.89	66	120	91	54																																																																																																																																																																																														
141	73.27	20	77	87	27	87.18	74	138	3	21	135.33	140	57	41.38	115	116	32	128	75.47	81	80	22	15	33.14	150	103	105.06	138	28	125	48	138.47	146	21	61	7	88.57	42	34	11.88	104	4	34	125	4.63	96	41	46	18																																																																																																																																																																																														
108	122.88	54	101	53	148	148.99	74	106	25	86	29.78	125	27	71.99	101	18	84	67	129.57	56	41	142	53	99.07	145	17	65.64	104	79	136	32	37.64	98	24	96	13	95.81	115	25	80.5	91	76	42	147	109	147	140	106	114																																																																																																																																																																																														
20	14.4	114	4	5	90	112.4	13	93	103	41	143.01	141	16	6.87	49	128	59	2	133.69	104	138	25	93	125.73	147	73	145.74	82	107	106	129	34.66	118	148	35	12	114.13	37	19	19.14	95	54	71	10	141.72	19	123	130	148																																																																																																																																																																																														
60	142.33	149	140	55	146	107.98	95	39	39	28	108.56	102	5	73.87	7	43	69	128	142.69	67	103	53	150	27.96	92	12	53.65	101	147	109	20	97.34	41	48	8	67	99.41	137	92	149.73	58	6	30	117	109.74	143	150	28	136																																																																																																																																																																																														
76	10.9	124	104	38	91	75.67	79	126	40	72	124.05	68	54	4.6	122	1	60	82	27.38	100	33	3	40	106.69	8	57	42.39	3	105	61	10	23.2	65	27	102	84	119.97	114	39	10.92	19	69	51	101	91.3	63	121	14	58																																																																																																																																																																																														
109	113.83	124	130	57	124	46.78	111	94	149	122	6.93	136	139	96.9	99	35	76	135	104.68	78	12	34	59	21.31	50	15	87.15	52	134	34	21	102.72	132	100	58	145	89.8	22	146	25.59	105	21	106	38	127.69	44	136	147	70																																																																																																																																																																																														
126	61.18	9	30	79	82	3.43	113	109	87	94	49.65	78	100	29.08	55	142	11	5	91.51	37	42	113	29	31.49	123	135	17.42	147	97	95	97	65.6	64	145	15	122	46.79	53	20	132.36	123	30	123	145	130.45	36	5	33	52																																																																																																																																																																																														
116	97.63	139	79	30	59	76.32	29	36	104	103	127.91	58	123	117.95	70	72	100	63	38.27	69	63	75	92	20.08	137	32	149.82	117	66	89	96	70.43	47	106	16	66	7.87	10	86	81.28	120	71	120	76	122.52	28	110	89	62																																																																																																																																																																																														
146	135.51	115	149	103	126	83.99	130	56	17	37	12.82	17	8	34.25	37	83	144	150	42.14	9	61	102	60	14.19	121	12	87.13	107	46	121	48	21.31	71	39	43	62	28.57	68	67	139.82	64	111	7	93	30.45	108	87	135	26																																																																																																																																																																																														
73	134.82	82	63	145	19	51.91	82	128	135	8	7.65	59	115	69.26	126	29	130	32	90.69	18	84	27	51	97.34	108	105	62.92	56	138	43	31	137.53	145	19	97	18	93.05	12	61	27.67	53	98	96	107	129.87	60	92	57	85																																																																																																																																																																																														
120	69.7	6	96	113	42	95.41	129	129	134	76	117.36	144	125	77.52	71	93	121	30	59.21	115	87	79	139	17.56	41	83	90.4	21	113	116	85	10.55	18	64	20	45	47.32	110	113	40.02	16	8	67	39	39.84	120	27	1	98																																																																																																																																																																																														
30	55.28	101	19	22	8	58.54	75	100	44	150	129.12	122	145	81.14	139	144	122	54	13.28	10	131	43	108	8.24	24	114	35.15	56	29	35	36	84.08	129	56	139	39	95.63	142	108	12.54	117	2	140	48	114.69	145	41	95	12																																																																																																																																																																																														
95	44.85	41	71	88	110	102.01	22	12	126	26	81.78	101	128	115.94	16	149	126	82	48.53	10	84	50	87	80.7	102	115	57.63	78	149	19	45	44.09	82	128	129	49	128.65	11	86	14.4	35	1	135	16	98.54	19	127	33	51																																																																																																																																																																																														
116	99.4	61	147	143	56	121.37	104	41	118	37	72.69	63	22	32.79	44	145	43	66	130.21	125	33	25	60	29.56	145	29	92.71	4	88	128	79	47.2	150	14	105	90	22.77	110	145	55.69	90	135	41	4	39.16	6	113	83	8																																																																																																																																																																																														
108	121.78	38	145	148	148	26.4	55	89	116	56	60.65	37	43	79.36	4	93	89	48	8.78	117	103	55	132	148.86	36	143	48.3	82	20	119	52	138.48	19	86	86	49	34.12	114	93	103.28	67	1	145	51	145.72	40	125	115	8																																																																																																																																																																																														
36	141.21	69	79	94	138	141.33	6	76	26	138	63.81	11	112	44.98	137	72	80	63	112.86	83	134	31	122	99.52	109	55	103.03	105	10	33	84	50.29	6	86	61	105	140.84	58	90	120.74	135	9	115	74	12.44	36	2	82	127																																																																																																																																																																																														
73	81.67	30	71	87	142	145.88	70	35	102	76	33.59	29	129	140.32	25	10	74	65	87.59	100	108	48	44	73.88	30	127	72.06	45	88	122	79	79.7	11	115	46	65	33.34	50	114	25.25	125	33	119	90	28.18	118	68	144	30																																																																																																																																																																																														
25	54.64	93	95	46	98	54.18	138	91	121	84	141.37	36	7	83.04	34	77	95	23	47.9	35	33	61	106	76.9	129	33	83.02	110	97	145	111	40.01	42	117	10	17	29.63	149	123	140.53	48	92	11	135	132.51	149	22	142	136																																																																																																																																																																																														
26	113.12	37	48	78	131	35.06	22	99	109	142	24.75	112	111	95.43	109	32	38	11	114.92	20	79	145	19	29.97	15	64	56.09	19	7	149	87	72.36	38	139	86	105	36.25	36	112	47.47	140	31	40	37	52.14	75	62	103	59																																																																																																																																																																																														
99	69.04	140	61	135	143	79.63	118	82	119	45	126.23	116	120	146.74	25	54	102	36	87.5	37	31	123	88	53.02	133	34	96.76	84	91	141	136	11.05	90	142	33	94	69.16	107	31	117.22	22	54	28	57	52.71	149	52	29	62																																																																																																																																																																																														
121	17.88	88	1	18	116	34.82	51	37	27	113	60.01	24	58	65.38	51	139	142	136	141.68	70	122	89	69	123.61	48	38	62.85	133	13	4	36	50.2	59	31	56	15	109	80	19	130.95	67	3	118	36	145.72	91	97	99	2																																																																																																																																																																																														
68	92.45	84	147	1	64	98.78	49	10	111	138	129.86	87	104	87.49	93	116	135	8	81.38	30	116	74	13	99.81	139	96	78.67	119	133	21	116	86.07	88	76	93	16	3.77	56	94	1.43	80	143	52	98	64.38	7	105	102	106	55	136	27	35.25	94	70	85	70	13.76	31	48	50	30	96.76	58	47	16	49	103.49	139	34	60	71	61.22	135	77	79	73	69.08	8	42	140	10	76.19	53	150	147	78	131.61	70	127	86	98	24.69	75	94	112	53	125.3	90	98	68	63	13.02	126	121	60	22	23.82	104	139	7	127	8.56	86	73	54	11	93.28	61	90	50	114	44.21	1	14	39	88	6.77	131	144	9	88	46.78	58	70	70	111	94.43	135	121	8	112	107.11	137	29	67	122	57.89	31	38	142	3	11.17	48	80	65	90	47.63	99	5	13	82	89.43	49	101	66	97	47.95	121	30	56	15	17.63	27	41	120	58	18.75	150	113	73	144	102.35	111	28	52	88	104.7	38	115	148	33	87.39	133	31	143	24	94.71	33	35	44	2	6.24	91	85	66	85	75.85	14	5	85	34	38.87	89	149	5	22	14.88	26	139	111	36	87.8	130	111	145	131	83.85	101	109	108	23	77.89	91	139	36	3	75.98	131