50 240
83	70.58	80	136	25	133	37.79	71	92	1	118	94.87	69	55	13.8	78	45	73	87	143.26	78	61	35	145	61.65	45	76	43.21	146	91	113	23	120.86	86	79	27	24	147.51	109	105	19.25	103	129	130	30	84.75	145	63	144	81																																																																																																																																																																																														
114	145.53	74	83	31	67	68.67	58	48	101	15	3.98	94	141	94.67	138	137	28	96	89.04	117	58	102	70	19.7	38	23	6.4	96	117	50	99	27.15	61	2	55	102	117.89	33	129	47.8	114	46	65	22	12.32	117	92	92	52																																																																																																																																																																																														
43	132.05	89	18	38	39	128.93	86	77	77	135	31.52	68	85	95.23	74	27	104	83	93.45	128	144	24	54	134.72	86	70	42.25	47	122	96	50	27.61	70	20	150	52	60.72	68	95	34.35	72	104	71	48	20.09	124	107	110	110																																																																																																																																																																																														
67	138.7	72	105	62	47	47.18	119	142	91	115	101.46	146	131	110.23	10	120	134	125	138.51	36	73	93	60	18.57	149	71	85.38	67	117	125	100	104.51	13	13	40	125	73.89	138	25	149.16	24	39	2	52	99.7	16	126	45	29																																																																																																																																																																																														
17	143.91	145	97	68	125	127.13	25	64	59	125	40.86	39	72	28.45	119	92	141	132	104.48	89	52	141	136	100.59	33	95	96.74	74	139	134	59	75.36	83	149	77	16	96.14	105	97	39.48	60	108	113	81	44.6	80	31	91	8																																																																																																																																																																																														
62	148.86	42	131	69	110	64.65	66	30	32	86	53.31	149	100	30.84	64	124	112	85	81.51	3	53	17	69	54.13	146	28	35.15	9	93	14	95	18.58	112	19	1	18	60.61	35	38	13.2	16	133	119	89	36.22	42	121	57	75																																																																																																																																																																																														
138	22.52	39	69	149	82	111	97	7	64	81	112.96	139	61	92.71	1	21	8	66	10.2	89	72	79	20	80.63	97	138	45.46	120	142	134	102	69.47	116	111	144	30	122.7	85	92	58.88	92	16	114	101	19.27	59	149	111	102																																																																																																																																																																																														
144	56.46	89	16	33	84	129.53	123	37	22	132	129.82	28	76	52.77	69	19	87	84	69.42	128	74	133	7	32.39	73	14	111.79	112	124	42	106	101.58	148	19	145	114	103.86	115	17	17.67	122	38	30	132	140.42	25	67	90	128																																																																																																																																																																																														
47	56.56	39	39	125	93	23.41	127	86	106	80	91.19	33	2	147.21	124	115	44	23	29.36	84	141	79	118	54.45	8	108	42.37	115	131	81	120	9.68	94	117	21	51	64.17	142	107	53.52	39	117	17	80	54.67	90	145	61	137																																																																																																																																																																																														
10	128.64	9	122	100	22	13.38	126	49	4	91	58.94	22	130	135.97	150	9	66	49	25.88	115	32	67	34	133.06	69	132	32.28	35	79	107	59	51.27	149	21	141	9	141.73	40	49	13.55	116	77	9	92	122.6	82	130	80	51																																																																																																																																																																																														
33	97.31	98	90	147	12	102.14	32	16	72	118	34.87	1	129	95.22	113	56	34	1	127.52	110	96	103	130	13.73	71	116	148.85	95	148	106	14	10.44	64	148	117	132	71.9	44	2	148.76	98	135	33	107	124.07	111	51	134	129																																																																																																																																																																																														
149	121.49	86	68	108	97	71.59	137	111	67	139	2.99	142	49	87.34	36	125	122	65	133.76	99	118	55	109	7.22	35	18	11.57	73	57	68	83	69.12	85	4	96	98	25.12	64	63	98.43	121	37	9	37	2.73	91	11	95	71																																																																																																																																																																																														
53	44.54	107	73	99	30	76.53	60	15	1	104	48.11	20	143	44.56	61	83	138	113	97.09	102	56	88	34	31.33	127	119	98.27	88	150	140	138	31.84	51	36	16	17	127.89	9	126	135.87	51	30	127	33	50.25	85	47	11	88																																																																																																																																																																																														
46	73.71	150	91	57	37	142.84	146	7	73	61	64.81	3	82	72.23	1	70	114	128	104.38	34	44	91	40	126.43	89	6	131.75	51	96	98	53	17.73	120	37	102	53	103.1	84	133	86.58	19	69	51	25	106.11	34	54	82	19																																																																																																																																																																																														
1	134.83	135	75	28	116	41.05	99	16	126	118	59.97	93	49	16.29	5	13	69	141	13.5	78	5	21	42	107.79	92	50	121.87	97	123	130	97	116.42	149	134	149	61	11.06	76	120	44.18	66	42	77	120	75.06	33	19	40	54																																																																																																																																																																																														
5	96.73	74	5	58	61	73.17	17	74	39	112	15.53	50	28	111.51	26	13	121	41	84.65	4	14	90	128	56.33	141	94	100.11	118	71	85	125	39.31	136	146	15	119	126	54	4	39.36	14	90	113	25	13.29	35	98	138	94																																																																																																																																																																																														
123	46.89	60	133	123	45	145.53	140	82	66	123	100.34	92	85	97.78	108	24	37	139	81.44	130	127	103	138	80.38	143	148	81.1	84	93	2	117	9.21	76	23	146	130	75.72	58	56	128.44	31	51	78	122	70.49	12	35	51	81																																																																																																																																																																																														
127	90.9	22	119	59	28	30.48	84	7	74	47	36.6	120	84	77.94	82	33	81	24	132.81	35	28	47	134	119.26	18	99	85.58	48	40	17	43	49.96	2	38	70	83	145.66	79	5	12.11	56	94	46	32	68.92	53	128	17	81																																																																																																																																																																																														
122	12.06	37	144	83	90	105.25	57	36	129	32	125.7	129	37	18.86	129	16	111	63	115.45	80	144	118	37	95.95	51	83	22.95	15	130	50	148	112.94	23	56	140	27	73.29	102	85	84.66	17	49	18	114	20.7	96	92	25	105																																																																																																																																																																																														
115	36.86	74	62	61	11	129.77	61	80	58	85	122.41	27	125	78.17	32	48	104	20	134.18	13	42	140	102	62.46	36	52	134.73	122	59	4	122	147.48	89	57	57	7	70.28	96	72	86.15	48	47	97	145	123.06	84	16	45	91																																																																																																																																																																																														
130	47.81	119	22	24	16	138.45	125	25	68	68	50.53	43	130	115.68	6	5	97	50	147.9	51	22	99	108	136.98	115	106	18.68	113	53	118	86	140.09	128	127	141	8	94.43	113	60	80.54	96	102	50	52	27.88	16	33	37	104																																																																																																																																																																																														
94	117.92	83	78	8	8	146.72	106	27	37	54	63.6	36	21	147.26	138	93	103	67	51.22	84	72	147	87	147.23	84	87	100.17	25	13	29	2	51.78	148	31	50	71	75.9	62	87	73.35	25	149	9	47	54.51	86	15	35	120																																																																																																																																																																																														
92	40.27	145	95	31	146	80.34	84	67	16	47	57.99	82	70	35.7	32	78	119	50	31.15	120	139	10	91	77.63	62	123	36.5	124	37	75	113	89.79	91	8	150	33	125.35	62	76	15.6	119	51	129	88	137.6	10	65	11	40																																																																																																																																																																																														
25	109.58	126	119	132	129	76.35	137	81	125	124	74.41	141	103	135.5	96	125	3	121	9.97	104	38	147	6	45.74	70	105	113	148	14	87	46	46.34	84	134	33	75	90.21	118	17	149.9	96	105	82	67	28.7	78	96	34	94																																																																																																																																																																																														
149	70.74	72	143	52	94	128.08	137	129	10	77	88.2	89	115	31.63	51	53	130	105	22.87	66	85	140	104	41.6	8	145	26.58	125	13	100	121	18.32	78	129	22	85	117.03	21	73	1.28	109	19	9	104	64.31	36	20	123	43																																																																																																																																																																																														
18	106.49	15	81	40	129	75.48	20	29	42	34	149.91	112	88	101.92	61	150	137	40	125.02	132	96	93	132	135.37	55	73	33.66	83	116	57	98	143.87	41	57	31	104	56.59	12	81	10.8	73	100	135	92	44.86	76	67	57	98																																																																																																																																																																																														
89	15.4	1	136	113	110	95.25	150	72	7	11	12.34	111	96	41.47	71	96	17	144	11	107	74	27	60	148.15	127	57	146.56	123	3	81	133	46.13	8	109	57	102	31.3	62	30	82.51	73	103	20	142	45.5	45	56	88	90																																																																																																																																																																																														
116	42.65	20	146	106	105	27.45	140	113	134	63	111.9	148	67	55.78	23	43	11	15	128.41	70	110	136	58	130.54	97	141	125.63	74	136	70	136	29.57	37	118	103	81	132.62	128	103	108.11	110	32	77	143	19.6	14	127	57	32																																																																																																																																																																																														
85	13.26	13	28	124	41	27.55	83	82	100	88	22.57	55	142	142.09	37	91	113	133	11.73	84	39	54	28	27.22	149	83	11.82	55	83	60	45	85.23	58	20	133	83	136.5	91	25	25.35	18	144	22	69	113.97	71	69	143	109																																																																																																																																																																																														
10	122.49	54	63	104	91	56.32	18	125	147	35	12.72	65	30	96.49	76	129	52	42	142.96	61	121	36	63	17.92	15	63	15.46	76	14	46	1	64.8	9	9	45	144	80.9	47	147	139.33	64	30	25	146	107.09	131	61	66	25																																																																																																																																																																																														
101	73.31	148	20	142	65	138.34	76	35	137	73	55.34	82	109	57.85	72	8	139	74	25.48	86	36	125	100	62.42	70	139	133.63	2	139	142	11	80.8	90	8	22	107	94.79	65	115	130.93	57	23	107	116	39.06	15	33	90	96																																																																																																																																																																																														
22	8.83	58	47	125	54	23.3	125	82	82	104	142.59	148	118	112.13	32	27	126	108	12.11	96	35	57	32	102.08	35	88	129.07	31	25	91	90	55.02	44	61	143	109	106.83	75	61	104.61	26	93	45	75	71.69	135	129	33	60																																																																																																																																																																																														
120	34.73	115	140	116	101	82.25	102	56	5	106	94.24	35	115	6.77	138	40	6	108	98.4	125	71	143	11	4.43	61	69	91.22	131	2	17	105	135.76	22	29	30	141	135.69	31	8	31.83	136	18	20	85	123.12	98	115	64	146																																																																																																																																																																																														
26	46.25	95	100	107	133	126.5	88	29	20	39	96.86	51	12	13.15	12	23	133	10	81.57	79	48	50	140	93.55	144	113	7.82	15	142	62	92	104.67	112	91	133	47	96.12	141	56	60.88	10	86	43	75	100.74	137	116	33	106																																																																																																																																																																																														
24	41.14	89	19	59	134	13.2	112	68	22	60	84.15	62	3	11.22	42	119	17	76	113.27	64	27	150	111	43.81	53	53	25.27	11	34	66	67	79.18	104	105	86	73	13.03	16	10	100.48	107	15	92	104	31.57	66	62	100	124																																																																																																																																																																																														
26	133.36	138	93	80	59	79.89	33	30	15	73	94.74	79	44	26.05	13	47	102	36	1.74	34	63	82	68	105.92	96	48	45.82	83	34	129	80	113.36	119	114	99	90	130.39	65	126	19.27	44	87	149	20	88.17	112	49	72	120																																																																																																																																																																																														
149	87.09	105	144	137	100	146.75	103	3	75	84	132.22	86	108	114.36	91	141	42	70	56.94	5	115	62	39	106.11	21	61	53.88	148	111	34	97	58.2	16	98	98	110	29.18	30	144	18.01	10	122	150	116	100.93	69	10	10	138																																																																																																																																																																																														
8	140.71	41	103	98	51	86.94	150	149	27	145	73.87	142	137	10.33	38	44	132	94	76.43	28	13	30	85	74.61	12	43	12.38	71	70	88	118	23.41	120	45	51	147	99.72	52	9	23.15	57	138	76	44	67.52	124	122	46	1																																																																																																																																																																																														
109	48.47	48	138	30	92	40.42	98	17	148	6	1.49	142	83	9.63	121	108	88	60	38.36	80	7	149	16	84.27	76	100	146.38	46	36	75	45	58.17	77	64	65	138	138.24	62	68	50.19	150	49	32	22	96.95	16	83	98	140																																																																																																																																																																																														
22	73.69	48	84	20	18	60.34	132	29	82	72	94.66	18	5	63.66	98	91	109	83	138.79	29	14	19	55	101.39	54	12	135.28	107	32	69	66	19	54	26	33	122	32.35	83	34	105.58	1	17	141	99	119.03	40	133	137	112																																																																																																																																																																																														
143	34.03	141	138	146	73	131.26	6	123	67	110	97.45	82	13	121.13	139	70	37	26	37.54	80	139	117	54	27.19	95	17	20.71	9	40	101	42	92.04	47	7	50	126	46.87	144	26	49.13	137	132	108	68	12.43	137	29	147	24																																																																																																																																																																																														
3	141.35	2	33	18	27	116.82	45	21	109	105	39.6	30	143	127.4	132	122	79	39	18.46	114	127	77	83	68.37	27	65	146.99	30	82	104	9	77.22	67	137	45	140	118.96	109	58	120.02	20	136	69	101	1.39	34	37	69	107																																																																																																																																																																																														
27	73.37	17	96	86	85	116.45	48	24	95	68	128.87	128	148	3.09	61	96	75	111	54.88	147	42	11	72	52	5	10	96.11	91	150	25	20	148.35	98	9	25	24	147.91	22	140	45.07	41	20	100	98	59.42	75	14	103	103																																																																																																																																																																																														
69	98.15	71	3	98	127	94.54	3	129	135	119	111.05	90	2	133.42	130	129	3	134	34.01	108	32	24	51	47.26	82	75	32.18	51	127	61	108	97.31	43	21	21	101	149.69	148	1	100.64	63	140	119	134	40.09	22	86	8	30																																																																																																																																																																																														
2	39.83	124	109	8	51	113.17	130	149	145	108	124.67	19	118	49.04	78	58	149	70	96.14	114	13	15	3	77.56	51	14	57.94	136	52	1	115	7.71	150	97	17	42	16.33	70	81	33.99	113	95	68	71	149.73	108	143	62	123																																																																																																																																																																																														
53	40.23	45	16	45	82	117.41	146	140	78	105	16.33	17	140	134.39	42	81	56	49	13.53	150	147	135	64	68.23	116	64	127.5	9	20	79	140	16.2	116	43	39	27	106.77	30	117	136.27	11	53	71	59	126.18	31	72	87	142																																																																																																																																																																																														
30	96.42	135	83	20	111	88.95	13	41	28	60	123.19	101	145	11.48	41	103	34	63	146.09	96	90	2	14	94.82	9	80	81.22	147	73	9	32	80.36	89	133	96	47	125.53	13	85	14.79	110	63	18	17	86.5	21	137	67	137																																																																																																																																																																																														
62	116.03	87	42	130	92	62.88	55	120	135	70	11.35	127	109	4.13	136	135	58	28	24.31	62	37	40	56	15.89	145	29	56.19	77	41	27	96	93.55	101	134	61	80	101.03	149	114	107.19	6	25	104	36	141.75	35	60	9	95																																																																																																																																																																																														
110	104.88	36	27	128	34	37.04	124	12	121	105	64.08	106	14	74.31	60	132	4	50	46.34	80	88	138	53	53.79	96	95	121.42	87	6	17	111	22.66	117	119	12	23	100.22	49	69	107.29	123	101	32	81	107.97	53	110	111	148																																																																																																																																																																																														
34	127.48	76	66	29	14	115.67	43	122	61	120	80.81	130	62	71.24	80	133	27	20	140.1	20	22	74	69	100.18	121	101	113.85	82	85	39	110	33.97	7	110	111	61	83.86	73	146	53.01	147	50	52	60	121.98	103	93	109	144																																																																																																																																																																																														
89	21.17	135	24	13	80	39.11	65	67	140	88	70.46	6	90	143.73	150	15	111	108	58.08	141	61	61	86	88.06	22	50	3.45	130	80	102	103	47.48	133	26	8	96	109.94	45	6	15.47	83	7	70	105	2.27	27	105	150	93																																																																																																																																																																																														
36	51.4	36	36	25	82	146.42	68	13	44	112	6.99	36	122	57.61	13	59	81	131	73.4	133	28	125	58	21.97	70	111	88.69	9	21	57	96	129.09	7	106	22	61	142.27	139	133	74.56	26	148	105	123	42.54	147	64	89	120																																																																																																																																																																																														
86	44.33	124	49	36	81	50.31	98	9	143	91	16.92	109	97	39.91	133	109	85	50	146.68	119	31	89	63	92.72	135	53	70.2	149	77	86	17	86.24	32	118	8	121	106.46	28	127	130.7	64	85	10	131	69.4	90	17	96	15																																																																																																																																																																																														
150	40.98	140	96	66	124	31.47	49	17	33	77	48.26	59	64	17.73	83	90	28	90	121.55	117	102	85	137	88.39	42	33	91.83	84	106	54	46	71.62	134	149	88	41	10.89	58	114	130.94	148	29	21	41	64.34	20	51	42	110																																																																																																																																																																																														
143	37.81	56	118	120	40	37.73	1	77	34	116	71.45	14	56	99.6	4	132	3	77	56.67	18	41	67	110	85.02	141	84	5.08	117	30	123	54	58.27	144	149	79	109	33.71	123	107	34.43	57	69	146	25	104.34	24	65	23	57																																																																																																																																																																																														
128	121.68	40	118	22	116	136.9	62	145	5	51	124.35	146	67	107.3	114	100	127	24	114.56	20	50	123	14	70.6	149	88	71.32	141	25	53	58	61.89	59	81	18	101	33.14	24	13	98.72	16	29	96	109	88.56	11	82	131	99																																																																																																																																																																																														
130	53.86	31	62	51	147	61.89	125	28	131	148	78.15	70	36	143.46	79	26	150	139	49.61	2	98	100	129	58.98	131	30	142.81	101	36	76	38	114.59	101	52	79	45	106.15	112	100	83.88	56	76	109	114	70.08	50	143	29	118																																																																																																																																																																																														
117	111.96	127	51	79	10	51.84	136	130	95	81	71.83	25	64	102.99	23	85	35	114	37.96	66	141	43	51	144.28	77	128	38.38	132	50	42	150	13.58	112	64	23	57	51.47	41	35	100.33	127	137	135	36	3.83	99	118	135	75																																																																																																																																																																																														
67	13.89	78	62	121	106	50.73	60	143	77	14	89.98	39	36	75.64	21	105	123	2	125.77	54	29	78	51	106.65	80	13	70.98	143	35	134	51	7.36	47	4	114	46	56.8	15	98	132.99	30	52	115	97	37.49	75	101	104	60																																																																																																																																																																																														
45	84.07	30	120	85	138	120.92	88	107	77	103	102.4	75	110	25.83	71	8	19	141	79.19	25	146	47	138	51.32	101	54	20.99	11	118	26	47	6.94	90	75	8	92	147.81	50	59	108.88	113	130	7	147	22.52	6	71	37	25																																																																																																																																																																																														
71	127.52	133	25	113	96	113.18	46	121	71	53	65.64	134	46	100.55	87	55	4	136	20.74	39	92	25	118	125.9	145	10	56.76	88	43	9	27	108.88	147	105	148	78	11.85	1	6	123.35	10	3	45	109	34.13	119	24	55	119																																																																																																																																																																																														
78	76.69	100	104	72	142	1.74	138	112	123	82	15.71	80	1	22	102	88	136	75	76.94	37	116	61	96	5.72	143	46	46.42	32	62	88	105	42.9	47	144	42	118	109.18	47	87	111.58	73	67	115	120	14.39	138	115	96	24																																																																																																																																																																																														
19	24.99	120	88	101	12	94.97	19	27	125	117	145.89	80	20	39.76	14	81	11	64	75.33	38	127	135	98	7.83	35	32	149.86	97	110	5	29	16.67	82	21	68	9	33.84	85	115	68.53	59	58	73	64	32.79	2	69	30	105																																																																																																																																																																																														
39	87.69	96	137	78	33	103.55	141	19	33	140	134.43	75	55	149.3	106	33	16	111	123.57	16	32	42	84	43.62	1	14	13.87	139	130	19	87	91.09	69	66	110	63	115.05	113	63	122.37	31	34	70	126	77.22	67	38	92	100																																																																																																																																																																																														
36	16.17	142	14	109	146	143.27	22	104	27	46	87.12	103	97	92.27	108	11	60	90	70.42	107	16	32	39	74.47	47	90	98.74	116	52	25	37	10.24	53	8	60	19	26.8	91	69	101.37	44	36	24	105	110.22	30	32	136	107																																																																																																																																																																																														
118	130.49	137	26	125	35	43.86	23	49	140	53	64.29	53	53	66.7	84	55	30	52	105.35	52	86	63	39	125.35	85	104	28.68	92	68	110	110	61.6	126	21	53	74	85.99	142	106	34.73	103	71	148	84	12.58	11	37	110	26																																																																																																																																																																																														
43	75.52	115	62	13	8	52.41	31	116	57	49	58.47	98	121	80.68	53	41	94	57	53.11	140	119	78	146	94.46	132	81	127.22	21	141	59	102	137.06	97	28	35	107	90.16	84	1	93.48	4	31	69	25	107.64	42	118	136	53																																																																																																																																																																																														
1	146.1	87	9	142	117	65.68	78	33	25	103	140.62	138	107	22.62	119	54	75	89	14.54	99	130	67	13	115.02	57	4	19.63	44	126	101	13	122.13	16	54	146	92	88.26	103	33	63.31	64	32	69	66	127.75	53	51	44	41																																																																																																																																																																																														
89	39.7	127	6	68	98	135.83	104	32	22	27	91.56	121	104	142.26	32	28	107	112	142.49	96	144	128	126	118.61	113	49	102.58	30	57	10	29	79.59	75	146	15	113	70.03	21	75	2.84	41	36	80	36	87.93	6	90	103	1																																																																																																																																																																																														
142	54.82	4	113	6	147	148.11	104	86	113	46	116.57	86	98	63.5	85	90	49	135	105.23	33	5	125	13	46.43	83	94	71.24	129	109	147	116	20.22	95	127	7	39	25.42	87	139	95.75	122	45	23	9	45.82	49	21	31	24																																																																																																																																																																																														
15	110.63	62	41	30	77	133.39	135	131	28	98	85.39	25	53	138.99	83	1	104	120	113.04	22	30	35	139	143.98	129	11	140.86	73	126	92	118	28.11	33	132	116	119	103.34	29	129	144.4	51	8	134	116	71.86	60	45	18	142																																																																																																																																																																																														
44	97.49	75	50	125	47	47.35	69	124	147	63	14.66	64	146	52.3	28	95	12	102	51.32	142	52	143	54	17.37	58	104	80.41	137	81	41	129	79.08	102	78	72	30	48.85	11	27	60.89	3	34	78	55	145.14	59	32	6	45																																																																																																																																																																																														
82	37.39	95	86	78	82	136.84	98	111	115	133	83	124	116	111.97	31	92	102	54	65.6	143	149	7	114	72.81	92	58	23.51	119	22	65	73	109.45	41	38	27	43	63.13	59	17	42.97	7	84	50	60	33.22	50	19	104	129																																																																																																																																																																																														
42	5.76	83	14	143	86	96.91	67	113	46	146	80.17	92	108	15.78	49	43	27	23	61.06	143	97	125	72	23.56	97	95	3.64	71	145	27	48	136.78	148	85	41	35	74.55	119	95	49.32	49	125	104	65	43.09	116	84	113	59																																																																																																																																																																																														
47	104.28	145	53	49	68	142.08	11	48	31	17	81.86	131	53	28.76	27	130	3	70	24.21	93	116	148	23	145.06	3	40	140.11	57	97	57	32	15.39	36	128	120	29	5.04	110	44	76.63	100	48	38	57	136.19	35	88	46	102																																																																																																																																																																																														
102	70.21	45	22	64	116	30.62	2	94	37	82	131.8	50	104	49.29	55	117	88	48	55.42	74	54	149	25	39.85	52	25	82.22	89	100	126	36	124.12	135	139	33	71	63.11	72	67	69.88	74	91	37	124	16.81	62	120	44	109																																																																																																																																																																																														
79	62.95	145	53	46	31	7.97	139	135	68	63	72.35	103	89	6.93	145	65	150	50	17.89	95	5	135	61	50.33	147	48	47.54	45	131	142	129	112.98	125	76	7	47	87.47	17	35	49.37	140	111	128	15	58.97	85	84	83	20																																																																																																																																																																																														
116	39.79	107	109	126	141	135.38	87	83	88	56	49.97	35	71	107.51	60	55	6	18	35.11	23	134	98	59	19.2	147	35	49	51	91	63	121	27.56	39	137	49	22	57.14	58	20	121.49	146	23	41	29	77.18	146	15	45	111																																																																																																																																																																																														
111	120.51	143	24	8	4	117.09	135	91	140	140	14.57	18	149	90.15	19	39	98	28	125.49	94	93	112	146	87.01	6	120	85.07	81	34	82	31	63.18	144	82	86	6	73.68	63	101	40.43	86	65	3	144	37.3	101	78	98	134																																																																																																																																																																																														
102	17.88	136	13	124	150	88.07	110	76	59	87	6.93	147	33	10.32	139	140	109	13	55.23	72	37	64	147	21.07	55	58	129.1	82	107	80	83	10.13	15	143	51	108	29.72	48	62	116.17	69	26	54	79	23.38	146	22	21	40																																																																																																																																																																																														
77	110.8	14	44	80	85	140.17	128	58	107	90	116.25	146	12	26.46	30	13	63	31	33.2	121	15	57	131	16.58	120	56	119.19	15	107	137	87	99.63	75	149	8	110	56	26	22	84.37	9	142	6	56	56.16	72	12	68	26																																																																																																																																																																																														
9	110.53	148	149	35	40	86.97	59	58	83	114	130.14	93	42	39.76	80	38	103	41	144.97	127	117	42	59	109.76	47	25	52.35	79	19	15	49	149.56	49	29	53	70	26.55	97	130	107.78	102	97	135	64	137.4	146	128	119	113																																																																																																																																																																																														
94	55.71	64	33	68	90	97.98	64	27	42	14	122.86	16	7	32.64	32	124	38	99	75.9	40	103	48	90	104.72	63	60	139.47	11	116	81	117	121.08	68	131	6	24	123.67	114	82	74.84	108	130	8	88	126.58	13	118	27	22																																																																																																																																																																																														
85	75.56	92	49	137	34	72.12	43	95	149	85	107.19	50	1	68.82	36	17	10	97	53.86	2	90	56	32	37.48	66	43	126.29	52	140	31	8	55.98	109	117	95	25	133.49	141	37	142.36	71	99	42	77	99.95	114	64	102	12																																																																																																																																																																																														
95	8.06	126	93	103	48	81.9	81	63	141	125	41.64	134	98	95.89	1	55	67	9	146.27	139	133	82	47	148.06	64	114	38.62	69	70	132	134	94.8	22	51	73	51	55.38	64	113	5.02	100	21	93	44	82.31	76	44	112	70																																																																																																																																																																																														
113	61.7	63	47	121	29	68.14	26	128	54	33	134.63	59	15	23.32	97	138	12	148	45.08	59	90	131	89	24.51	57	108	50.77	64	115	108	103	133.34	26	84	104	49	35.6	119	77	81.55	109	146	104	6	70.39	58	125	143	46																																																																																																																																																																																														
74	3.94	116	33	108	101	22.43	50	13	81	64	102.65	52	53	72.11	64	118	129	116	92.41	84	16	121	79	26.41	28	34	2.91	91	127	129	95	29.43	117	64	9	91	109.86	139	66	33.55	145	2	90	124	147.55	114	90	3	42																																																																																																																																																																																														
138	67	19	139	85	55	146.27	142	136	41	13	144.04	36	80	66.75	15	49	7	112	55.61	140	42	101	81	84.06	142	78	109.26	143	65	101	46	42.15	132	100	56	42	3.37	105	2	10.6	81	89	76	136	62.74	88	10	64	148																																																																																																																																																																																														
123	6.3	97	101	142	106	15.67	10	114	83	143	116.86	125	147	100.88	65	72	137	37	2.74	60	47	38	44	124.56	47	8	18.95	20	75	12	128	14.86	110	81	7	9	129.38	33	60	135.58	116	10	30	98	9.67	127	42	105	100																																																																																																																																																																																														
6	65.83	41	1	87	83	119.41	62	33	107	2	116.49	63	91	142.95	134	43	17	20	108.27	35	34	135	50	120.86	5	111	46.58	81	21	59	29	69.79	132	27	140	36	111.68	46	116	36.51	28	106	13	41	4.77	48	44	55	87																																																																																																																																																																																														
117	4.49	59	77	52	61	36.6	133	55	24	5	73.96	71	37	77.66	51	109	117	19	145.4	87	124	56	7	27.73	78	139	110.39	54	117	93	150	51.94	81	128	16	101	31.19	43	115	77.22	41	38	60	81	134.12	47	125	57	65																																																																																																																																																																																														
36	31.79	73	48	74	108	53.25	16	6	136	143	93.09	35	147	132.59	119	109	97	99	121.55	135	34	121	28	19.32	53	114	138.52	85	128	64	20	138.25	96	149	105	115	17.68	105	78	52.73	66	83	128	123	94.99	29	128	111	150																																																																																																																																																																																														
98	79.56	97	113	89	21	42.53	123	130	50	107	107.43	141	122	48.98	86	27	25	49	7.08	56	25	133	27	54.86	4	142	12.68	135	113	9	107	6.05	140	53	119	37	66.04	56	70	143.81	90	133	147	15	81.59	93	123	143	23																																																																																																																																																																																														
82	146.1	30	56	118	120	135.51	20	86	24	83	105.89	43	83	45.92	109	104	27	133	27.11	89	123	138	82	67.2	87	145	57.42	135	22	114	110	118.25	4	145	21	134	122.74	138	53	56.12	90	60	129	85	8.58	121	36	80	104																																																																																																																																																																																														
69	107.67	110	31	143	92	148.6	40	5	44	72	1.84	36	4	3.01	68	79	143	113	17.98	16	29	22	13	100.04	110	73	38.45	117	125	103	36	54.05	30	49	8	131	9.59	33	119	89.98	121	107	105	58	39.25	147	105	67	86																																																																																																																																																																																														
65	65.25	131	91	113	72	67.53	128	57	60	41	59.18	23	134	101.5	9	104	144	134	139.27	117	79	74	112	23.15	117	77	138.74	84	28	67	89	10.67	38	65	129	104	88.02	60	21	147.85	114	95	115	32	118.71	97	57	133	116																																																																																																																																																																																														
112	29.82	41	96	25	64	70.13	9	61	5	140	139.54	108	109	36.12	92	109	137	89	97.23	80	6	9	101	117.28	23	27	116.92	25	68	44	48	68.55	137	148	97	13	116.06	84	4	4.32	8	55	28	137	92.89	101	118	51	68																																																																																																																																																																																														
74	31.05	150	44	118	141	44.61	71	24	146	60	51.18	48	95	122.57	141	41	72	58	104.74	106	43	27	139	73.51	62	124	99.87	147	43	12	47	91.65	59	44	73	37	8.22	99	121	20.59	106	62	67	36	61.49	136	90	149	79																																																																																																																																																																																														
63	53.61	117	7	67	58	17.79	93	105	73	102	55.95	58	80	90.26	78	107	108	2	128.8	59	109	95	92	82.96	46	103	118.03	144	108	132	19	124.17	90	130	37	84	89.83	138	9	79.86	26	8	65	6	68.5	125	147	66	102																																																																																																																																																																																														
17	30.81	39	100	81	103	85.95	104	12	24	20	29.86	131	69	120.65	3	142	30	75	78.12	25	135	78	15	59.5	67	49	64.6	9	38	137	102	18.65	1	130	130	17	57.4	45	11	6.53	98	92	15	80	69.01	78	11	49	138																																																																																																																																																																																														
22	76.95	112	108	146	99	41.9	38	114	21	45	112.47	90	138	101.13	13	48	136	86	56.37	44	113	39	61	104.36	98	38	94.42	62	97	116	105	72.66	80	134	128	21	124.63	50	55	119.5	90	111	97	73	124.44	13	17	133	46																																																																																																																																																																																														
107	138.76	77	80	132	18	95.97	9	135	107	146	147.68	94	128	3.84	48	11	115	110	6.16	96	133	119	111	45.03	134	86	70.36	121	90	1	98	75.54	78	41	137	83	136.75	69	100	41.81	144	131	45	46	75.45	62	30	28	73																																																																																																																																																																																														
92	37.74	142	57	37	33	59.59	139	97	3	51	24.85	82	74	137.76	103	21	16	32	99.43	136	138	28	65	112.35	50	16	66.03	7	34	94	111	45.19	122	121	30	24	97.17	146	147	117.64	13	117	21	110	121.51	13	87	104	14																																																																																																																																																																																														
136	99.23	118	117	18	98	59	16	112	124	46	55.06	102	14	44.85	82	133	129	109	13.85	98	121	94	110	45.07	10	112	93.41	136	57	17	94	40.06	22	11	52	49	20.85	143	129	68.95	9	111	121	138	67.48	103	52	97	145																																																																																																																																																																																														
64	90.05	61	94	119	116	50.78	59	120	6	136	67.25	138	146	77.12	67	51	150	72	69.49	149	129	132	4	125.6	90	10	127.42	2	16	85	34	85.8	69	149	57	54	145.63	149	43	107.7	130	110	117	94	17.18	93	3	80	40																																																																																																																																																																																														
92	32.87	41	109	43	33	29.21	52	8	46	142	94.97	31	65	73.03	65	131	47	5	112.64	88	141	55	44	7.77	64	135	126.73	45	10	83	139	19.39	25	87	61	79	135.04	150	80	8.28	59	95	13	139	74.68	131	5	6	35																																																																																																																																																																																														
130	79.04	40	47	8	51	66.96	8	15	129	19	139.04	1	57	11.31	35	129	62	8	47.15	58	126	58	136	141.27	34	109	81.35	132	103	13	127	50.56	63	98	41	31	32.12	18	69	145.47	67	37	21	129	128.93	107	65	105	27																																																																																																																																																																																														
101	73.35	103	40	136	106	137.06	120	24	110	66	74.26	128	28	98.72	9	6	19	139	16.43	53	17	51	24	59.09	36	118	149.57	133	89	147	46	36.57	92	144	93	105	92.47	85	59	22.5	59	112	12	27	120.27	28	45	101	28																																																																																																																																																																																														
81	110.14	13	76	53	39	118.93	74	68	69	13	57.42	6	80	132.58	45	141	108	37	42.41	42	6	83	66	49.95	24	29	104.7	129	69	130	19	5.93	2	66	40	39	102.23	106	131	121.99	7	113	12	39	14.06	132	89	118	77																																																																																																																																																																																														
81	119.54	71	25	95	134	107.4	90	135	32	149	107.44	27	130	5.5	34	36	143	98	7.81	113	71	56	20	73.79	147	73	44.67	37	80	128	116	122.74	79	13	117	29	132.77	44	113	55.7	113	32	39	138	21.28	138	34	134	136																																																																																																																																																																																														
108	11.08	62	36	58	69	24.96	31	112	94	19	105.76	90	103	137.25	136	51	15	128	4.43	16	144	115	114	39.03	90	11	69.56	115	20	88	135	74.24	44	81	39	61	77.69	50	40	80.53	65	58	108	102	85.29	135	41	68	94																																																																																																																																																																																														
38	69.11	15	43	112	84	66.86	137	137	124	136	90.42	13	96	93.3	49	52	13	92	75.75	16	136	27	129	80.6	97	146	139.56	48	120	11	139	103.7	97	39	60	80	31.53	57	32	95.13	41	131	57	15	69.43	143	117	120	39																																																																																																																																																																																														
47	148.67	59	89	102	98	47.59	44	125	66	150	28.71	57	140	11.99	82	87	38	150	58.97	132	16	129	121	39.44	131	53	117.61	90	77	7	30	129.24	20	19	29	21	10.75	48	93	65.03	48	69	132	47	138.76	68	148	108	20																																																																																																																																																																																														
64	107.04	23	150	83	108	80.45	112	51	109	66	53.49	45	16	53.97	133	37	138	74	41.29	78	78	87	1	5.21	127	67	66.56	138	46	1	27	112.61	137	14	87	47	35.43	40	10	78.34	116	55	91	36	11.67	71	139	130	97																																																																																																																																																																																														
63	49.59	63	77	143	88	143.38	65	88	28	75	45.29	15	137	84	20	82	93	49	112	109	16	99	134	123.58	89	142	134.26	150	15	68	91	2	33	10	38	1	49.82	42	26	149.43	8	95	10	68	6.28	34	66	48	47																																																																																																																																																																																														
13	121.46	9	37	62	136	74.69	140	132	16	118	76.19	141	93	144.6	65	19	63	25	1.1	85	111	33	142	58.41	6	22	61.65	105	108	109	24	17.02	85	102	34	72	71.2	102	33	130.38	99	115	131	98	15.54	142	61	21	121																																																																																																																																																																																														
32	94.89	59	48	128	102	134.24	119	57	54	136	44.25	90	83	140.43	77	132	101	68	17.93	108	50	138	119	128.39	107	149	91.62	61	27	4	30	127.43	142	72	127	132	126.86	92	16	45.16	27	66	43	83	113.89	107	137	30	82																																																																																																																																																																																														
90	106.05	80	118	120	129	114.33	26	93	146	71	42.08	57	81	111.89	59	16	71	25	102.65	97	11	74	44	53.18	4	48	94.39	119	119	137	140	120	149	14	103	38	117.96	126	5	111.39	95	136	7	59	142.76	90	101	12	96																																																																																																																																																																																														
83	14.35	24	50	103	10	83.98	124	150	54	148	116.64	56	98	110.83	90	57	10	47	28.78	24	24	90	99	72.05	28	77	6.55	143	65	18	142	19.05	17	100	133	103	65.48	55	88	110.78	74	11	9	32	78.65	116	103	123	64																																																																																																																																																																																														
75	14.82	137	89	149	136	56.44	54	45	98	111	5.56	26	57	45.86	119	4	148	69	57.71	139	126	116	79	90.67	36	119	4.19	45	63	20	106	8.81	19	18	59	85	34.55	26	145	35.7	74	123	53	91	39.59	144	21	20	71																																																																																																																																																																																														
124	144.61	143	112	81	145	65.69	89	34	22	92	12.68	54	4	125.59	48	82	148	13	121.96	36	124	74	108	124.8	32	97	69.12	47	13	132	38	80.66	27	135	120	118	27.29	138	23	117.37	11	98	56	15	109.29	84	77	26	24																																																																																																																																																																																														
1	47.53	150	104	95	135	57.52	44	51	43	147	57.9	3	97	83.28	12	138	11	50	38.64	112	107	127	136	91.4	98	65	37.31	106	79	17	24	10.93	63	110	71	99	95.43	63	75	32.47	121	19	92	79	81.22	108	2	123	91																																																																																																																																																																																														
51	141	89	5	36	93	144.43	26	118	82	125	11.21	99	64	136.87	56	93	90	7	143.15	53	27	42	52	51.79	49	68	65.51	32	51	107	121	7.73	18	78	50	131	82.26	9	69	90.48	126	44	4	1	58.14	94	139	20	124																																																																																																																																																																																														
42	139.2	15	43	147	22	9.82	81	129	115	23	124.99	80	89	135.16	51	35	115	48	52.18	15	73	19	56	7.11	74	107	107.63	58	38	147	67	14.07	62	97	108	99	131.46	107	97	7.89	42	137	25	39	81.06	142	9	27	105																																																																																																																																																																																														
38	70.19	65	12	149	35	26.38	17	96	35	100	102.7	40	147	77.07	98	78	63	92	77.8	89	3	93	6	51.03	93	86	115.49	15	10	4	111	110.18	26	116	150	141	72.33	95	89	32.78	10	33	25	142	58.86	116	112	134	14																																																																																																																																																																																														
80	145.32	47	38	138	95	81.53	146	118	12	17	134.41	103	113	7.52	73	89	21	37	1.37	119	122	107	55	118.26	69	111	60.96	77	84	8	13	34.13	20	20	26	112	46.26	21	148	68.44	53	47	27	150	71.81	89	134	4	9																																																																																																																																																																																														
19	120.16	61	114	26	28	140.48	108	64	111	5	87.02	128	73	66.82	91	140	56	149	21.93	129	123	12	30	32.55	133	106	100.92	82	149	22	44	31.67	19	133	123	130	110.37	104	139	125.2	88	91	138	46	8.11	36	43	149	22																																																																																																																																																																																														
18	28.51	112	101	108	142	92.25	132	37	52	141	62.11	4	82	138.16	43	31	64	114	138.63	24	148	104	121	147.88	78	14	96.29	89	140	82	49	42.39	120	115	25	73	120.23	64	83	120.92	62	60	3	126	30.99	16	6	82	42																																																																																																																																																																																														
11	133.15	115	144	32	92	35.99	85	10	116	143	22.47	49	56	45.55	85	83	71	121	41.61	140	14	80	83	26.12	129	148	22.08	64	122	87	139	91.66	5	52	119	47	77.79	115	33	122.92	47	37	88	97	69.08	104	77	125	127																																																																																																																																																																																														
124	43.73	61	50	57	16	57.7	63	80	30	140	55.4	22	45	107.92	129	104	9	143	112.01	139	123	58	100	94.15	42	61	32.67	72	97	13	24	140.17	113	94	114	127	39.07	48	139	108.22	74	76	76	41	68.91	23	139	76	10																																																																																																																																																																																														
139	59.12	141	12	139	87	127.86	136	37	115	3	10.36	84	58	56.37	147	18	150	49	115.77	67	77	74	88	56.68	148	54	83.39	113	33	8	56	72.98	138	26	137	69	22.1	15	75	76.93	24	55	71	150	53.42	145	57	96	43																																																																																																																																																																																														
62	85.85	55	95	139	129	124.27	62	97	13	26	7.63	83	76	121.34	4	12	107	67	64.66	105	37	64	88	23.86	11	9	145.45	110	108	122	2	78.85	86	149	41	103	47.03	51	68	25.11	15	108	39	114	6.12	139	77	6	22																																																																																																																																																																																														
130	142.81	111	122	14	79	114.55	143	119	128	23	101.15	108	109	67.87	99	7	33	92	148.79	52	146	71	129	28.05	64	114	94.7	6	63	22	102	54.85	3	27	32	134	33.37	5	96	12.33	149	71	125	45	79.29	62	142	2	81																																																																																																																																																																																														
15	84.57	69	124	67	149	12.11	16	77	146	78	40.16	40	18	26.87	41	44	111	105	20.87	133	93	80	48	28.77	21	60	5.09	128	70	21	123	62.62	5	129	140	56	143.95	108	89	143.87	125	140	145	44	69.83	59	135	94	119																																																																																																																																																																																														
147	46.62	14	128	77	95	73.32	2	52	39	62	126.23	49	13	110.75	132	110	134	149	130.64	66	18	109	142	30.04	50	108	114.08	10	59	41	8	28.38	145	5	114	91	78.33	96	109	147.11	83	63	66	18	35.32	8	146	126	135																																																																																																																																																																																														
130	27.18	130	59	92	97	12.42	96	63	106	42	113.61	95	23	136.99	108	81	145	64	134.03	8	5	113	129	40.86	124	29	9.01	141	141	70	32	88.85	64	133	67	113	21.72	45	82	124.06	34	147	119	139	42.11	106	79	113	44																																																																																																																																																																																														
99	106.69	42	102	82	135	65.65	17	27	71	34	109.81	138	136	98.87	47	5	24	124	3.75	143	98	89	117	137.02	137	35	41.1	42	36	20	1	1.44	26	96	41	47	145.96	40	64	12.67	148	126	133	62	102.34	149	2	58	6																																																																																																																																																																																														
110	145.24	72	63	46	76	75.73	77	76	139	105	40.46	133	87	103.87	57	32	117	1	34.25	105	47	103	6	38.53	70	34	114.91	34	1	8	112	30.98	67	35	116	25	91.14	94	30	28.79	58	88	68	144	66.42	38	80	108	122																																																																																																																																																																																														
68	90.32	90	47	15	70	68.42	124	32	25	88	22.16	38	41	142.44	38	95	145	121	78.3	51	33	150	114	138.15	6	146	102.02	132	149	80	98	81.26	131	116	37	126	149.65	67	66	121.3	89	3	146	115	37.43	82	134	133	76																																																																																																																																																																																														
96	75.9	80	14	71	88	129.12	12	15	84	14	28.16	92	131	130.37	64	87	84	104	6.82	82	75	121	32	59.81	35	108	21.25	54	89	61	28	69.09	136	136	44	35	35.64	132	117	101.85	150	106	75	82	121.2	29	140	34	133																																																																																																																																																																																														
37	72.06	137	129	48	131	149.67	146	22	140	64	99.55	88	30	84.37	136	8	56	75	100.14	70	137	6	108	33.06	103	147	105.31	85	101	96	134	148.39	44	98	39	113	100.46	97	122	104.2	146	117	47	56	1.77	43	89	117	12																																																																																																																																																																																														
115	62.2	120	88	140	77	66.07	46	54	100	76	34.3	111	146	73.8	98	124	127	70	72.54	89	34	100	102	66.03	110	13	95.68	115	79	136	61	110.26	45	11	31	117	2.33	136	22	133	11	83	85	38	86.83	9	53	37	14																																																																																																																																																																																														
55	83.51	55	139	83	139	28.26	25	84	3	134	60.11	31	4	44.89	39	4	116	87	20.22	49	147	43	21	13.47	25	83	107.33	97	96	128	119	85.3	27	98	66	128	112.83	15	2	60.52	144	59	59	38	36.74	59	20	23	30																																																																																																																																																																																														
150	134.1	135	33	145	59	103.71	99	6	62	132	87.89	18	96	10.59	60	98	20	134	55.25	95	60	100	15	16.09	34	88	136.32	141	19	77	100	84.25	120	29	11	28	128.75	8	52	139.19	49	15	117	14	110.04	122	110	10	23																																																																																																																																																																																														
138	132.03	47	6	144	111	85.35	116	132	131	109	42.98	24	145	92.59	4	100	9	58	129.3	44	45	121	54	56.85	45	140	55.27	117	73	99	6	18.19	105	76	123	93	85.11	53	22	95.15	57	11	32	89	2.72	69	146	59	109																																																																																																																																																																																														
73	70.93	128	110	36	90	41.4	99	17	111	41	119.96	43	32	73.19	81	113	7	57	97.75	70	51	136	87	29.58	103	104	17.44	4	24	134	137	34.38	23	69	64	108	59.6	33	11	139.1	131	112	62	77	80.89	99	41	73	123																																																																																																																																																																																														
94	109.06	123	140	11	15	21.04	1	34	81	130	20.37	26	130	98.32	106	69	42	112	20.39	99	97	110	81	86.48	5	116	128.03	84	98	84	127	32.38	130	48	138	136	119.88	40	134	112.62	39	37	50	99	127.88	136	92	34	71																																																																																																																																																																																														
89	124.16	149	82	42	47	87.77	66	68	115	31	86.02	54	21	60.87	104	41	88	149	144.08	12	49	146	88	54.33	95	18	112.2	93	35	127	26	49.75	10	35	72	149	4.81	81	99	8.84	34	33	28	109	132.06	141	105	73	132																																																																																																																																																																																														
124	80.43	35	28	65	97	54.45	29	21	46	101	100.24	38	41	93.94	81	1	49	125	43.28	42	84	123	40	117.05	57	55	134.16	39	140	13	107	116.94	70	79	52	122	83.97	136	16	7.64	53	64	104	67	22.85	8	94	137	72																																																																																																																																																																																														
135	128.09	143	90	148	135	37.7	3	72	82	142	116.94	61	22	106.9	66	137	32	30	23.12	147	22	123	137	119.09	48	40	132.11	72	91	81	98	134.03	38	127	111	87	70.94	22	61	82.21	5	13	69	100	109.27	47	19	39	91																																																																																																																																																																																														
12	112.88	23	16	117	39	119.59	74	35	139	128	55.61	75	3	88.03	111	6	115	55	93.21	132	105	20	107	75.27	84	4	43.4	87	31	148	3	118.24	77	66	150	125	91	115	5	134.17	85	139	26	112	32.86	76	48	136	60																																																																																																																																																																																														
28	6.21	70	50	12	137	26.99	19	2	121	127	24.35	76	148	131.11	86	34	58	24	13.16	109	103	72	80	23.81	31	93	26.06	115	34	143	35	92.81	74	22	77	127	11.5	78	25	96.48	94	132	5	78	120.37	11	114	68	93																																																																																																																																																																																														
49	87.27	75	42	137	91	81.37	143	63	111	116	37.69	61	113	106.78	18	87	60	131	132.19	57	11	77	33	18.27	26	74	50.4	70	150	108	77	41.53	10	141	61	27	51.94	142	138	100	146	96	144	18	132.38	47	53	140	97																																																																																																																																																																																														
126	109.13	34	53	77	138	71.84	86	89	4	116	47.95	33	22	103.84	46	64	29	73	29.86	16	50	138	77	41.54	134	81	3.28	85	4	102	144	62.81	73	34	112	99	143.35	111	16	134.15	54	12	68	19	25.81	41	130	11	15																																																																																																																																																																																														
68	107.51	80	67	141	143	131.35	113	7	109	78	97.49	138	99	3.85	82	20	39	60	122.24	142	73	125	77	51.08	19	72	97.45	132	147	78	28	67.42	95	52	10	13	47.43	39	89	70.64	30	37	19	90	118.77	6	50	14	59																																																																																																																																																																																														
77	90.4	96	22	125	108	51.8	4	139	26	39	63.34	107	45	31.46	22	147	84	7	86.24	141	68	49	32	23.57	143	31	32.18	121	51	139	26	87.01	77	89	31	140	55.4	135	95	113.58	26	15	60	58	8.76	56	27	140	148																																																																																																																																																																																														
123	13.28	73	133	132	48	13.81	100	7	105	75	24.24	54	90	97.61	148	128	124	139	22.42	87	45	20	49	63.13	6	66	37.68	35	2	125	98	91.69	148	25	118	7	106.89	97	79	39.99	105	135	95	111	84.9	55	126	109	55																																																																																																																																																																																														
138	129.47	44	147	120	88	21.84	36	148	127	69	61.87	13	70	111.95	146	134	19	148	8	67	59	13	108	54.93	23	77	81.86	104	49	57	14	119.19	109	27	17	43	68.99	89	13	11.56	52	63	107	75	23.54	113	91	133	114																																																																																																																																																																																														
55	106.98	62	93	4	16	120.79	8	114	135	14	102.6	98	52	13.66	131	10	6	137	109.02	4	52	140	84	46.96	126	119	41.19	22	29	137	75	94.1	84	44	58	10	29.8	86	112	31.28	58	36	45	71	123.91	138	118	145	112																																																																																																																																																																																														
10	128.62	101	7	95	52	41.82	130	12	149	124	115.81	92	70	104.81	64	41	139	4	4.3	52	17	25	133	33.69	57	144	15.8	76	33	137	7	19.04	89	124	78	120	129.48	2	81	46.89	49	147	104	144	42.25	110	67	42	6																																																																																																																																																																																														
65	139.26	13	33	124	134	143.7	30	102	75	96	24.77	54	24	131.5	132	4	17	53	147.03	87	90	108	33	79.82	3	73	113.36	64	44	65	149	49.95	65	60	77	2	61.85	73	50	42.06	47	139	12	50	118.47	115	18	137	45																																																																																																																																																																																														
66	89.92	38	37	118	98	73.86	32	150	63	80	90.7	138	149	138.6	79	145	57	150	65.23	66	3	100	86	86.67	63	78	39.61	82	11	6	99	63.68	101	33	90	28	18.15	120	138	18.99	63	57	14	106	84.4	14	121	51	59																																																																																																																																																																																														
94	141.17	44	110	123	70	8.63	134	113	21	32	66.89	63	74	102.88	138	125	14	2	89.32	143	58	127	22	76.41	81	1	39.44	97	148	137	16	16.58	68	53	94	68	130.44	17	62	68.61	112	135	134	1	81.21	146	147	122	25																																																																																																																																																																																														
33	17.32	97	48	45	24	26.32	14	76	148	89	40.65	37	32	46.21	79	1	31	70	28.43	96	137	7	131	131.16	120	50	12.9	49	119	24	43	99.22	137	38	34	90	57.62	57	14	75.2	8	102	128	44	30.29	76	26	22	134																																																																																																																																																																																														
2	95.96	124	58	136	41	68.39	12	58	4	127	11.77	12	115	144.28	72	115	110	107	7.27	127	54	55	98	81.57	133	113	67.03	119	50	41	26	1.45	65	49	33	123	133.83	54	54	123.24	55	55	46	11	18.86	60	124	121	65																																																																																																																																																																																														
82	94.71	104	49	3	83	73.08	124	49	33	149	90.19	27	96	27.34	22	54	135	73	146.63	19	79	79	115	106.99	2	6	114.42	71	71	124	135	90.33	86	43	95	20	118.44	37	109	5.95	7	55	112	33	17.86	56	84	68	9																																																																																																																																																																																														
140	57.47	120	32	148	13	13.49	24	35	128	91	31.42	116	112	4.5	133	53	14	108	99.59	134	39	83	23	121.87	35	40	44.95	57	108	147	87	88.39	14	122	45	66	16.39	59	116	5.61	102	51	150	39	139.57	54	137	109	141																																																																																																																																																																																														
122	13.26	125	42	107	24	19.91	79	125	54	59	147.17	33	54	13.91	65	114	67	147	2.41	99	98	45	35	4.31	66	74	116.74	4	33	1	31	73.21	32	54	20	105	138.87	59	15	112.53	21	33	7	80	145.93	17	143	105	135																																																																																																																																																																																														
134	91.97	115	5	131	77	67.18	96	11	93	3	34.98	73	21	36.89	108	113	34	112	27.59	111	19	37	99	94.46	85	104	22.48	78	80	11	127	110.82	3	66	31	110	46.13	16	102	52.22	24	124	76	2	51.98	148	129	48	102																																																																																																																																																																																														
50	25.37	6	128	71	134	130.37	2	79	79	78	107.64	98	1	14.25	104	66	11	31	105.78	122	19	76	29	88.48	55	109	35.36	89	52	40	21	120.43	10	101	121	12	44.51	54	109	22.37	88	28	111	128	26.1	124	72	16	89																																																																																																																																																																																														
72	26.23	144	20	136	90	48.13	39	82	41	147	129.61	150	80	139.79	35	17	97	3	37.17	19	85	1	3	52.65	119	110	66.93	140	5	119	5	146.38	124	85	52	21	135.09	6	109	103.21	43	136	9	125	99.52	106	114	70	131																																																																																																																																																																																														
70	125.67	74	97	16	133	111.39	131	106	82	107	8.34	18	1	71.75	83	85	27	140	40.15	56	119	136	30	28.58	94	117	117.52	7	120	123	140	149.03	92	49	115	22	97.19	27	113	17.68	64	65	15	115	67.44	89	64	63	57																																																																																																																																																																																														
4	78.79	141	57	103	118	78.23	131	5	29	90	127.24	33	19	18.45	27	122	90	73	95.37	78	93	76	77	65.48	54	70	97.74	47	49	66	73	55.63	103	31	2	126	2.58	28	89	114.92	45	25	35	141	92.87	86	102	110	52																																																																																																																																																																																														
43	134.39	66	103	120	136	67.27	56	46	149	35	111.65	61	41	131.83	147	102	68	18	137.25	77	120	128	134	37.35	100	19	36.08	33	35	28	129	11.92	104	16	22	40	46.92	127	59	134.44	79	60	89	65	47.38	3	78	28	121																																																																																																																																																																																														
138	14.83	86	31	1	31	82.66	14	107	20	142	33.78	106	116	121.13	68	71	123	142	29.52	32	98	85	49	37.38	25	57	3.86	133	116	84	30	79.33	35	41	90	83	46.06	49	82	8.73	93	116	130	111	35.38	97	40	91	125																																																																																																																																																																																														
58	56.4	131	58	132	85	85.67	12	126	29	53	88.95	69	85	30.34	46	42	33	77	38.97	42	16	32	38	124.36	103	63	68.24	115	135	78	108	84.26	63	51	57	29	60.24	15	56	97.48	132	16	135	138	126.02	70	73	34	93																																																																																																																																																																																														
150	96.15	119	83	137	83	56.31	116	96	81	83	17.6	24	133	93.47	26	22	131	3	87.6	127	43	14	92	137.61	52	62	52.95	145	56	4	45	147.85	72	52	56	8	4.47	125	118	17.47	60	101	94	74	113.6	57	72	31	38																																																																																																																																																																																														
137	101.59	34	15	141	95	62.12	107	43	103	22	81.02	102	41	25.4	137	103	92	58	129.5	86	119	125	111	149.59	108	13	46.16	74	7	85	105	117.87	31	2	139	11	107.7	6	94	103.79	91	37	126	95	24.66	6	89	93	39																																																																																																																																																																																														
92	34.73	65	58	122	34	36.84	41	125	18	115	104.01	19	75	30.83	65	77	142	40	101.82	93	108	52	57	54.22	140	7	124.24	30	6	144	109	137.58	69	48	66	97	78	106	124	1.88	38	59	74	79	94.17	80	91	43	49																																																																																																																																																																																														
30	28.78	24	72	135	101	81.74	72	109	11	52	138.3	117	46	76.02	128	131	127	93	8.05	25	103	70	12	10.17	94	3	132.86	81	58	49	113	2.76	145	4	145	57	100.62	92	51	85.72	67	71	20	26	106.36	124	53	60	1																																																																																																																																																																																														
133	126.36	30	43	138	26	35.48	33	96	30	8	83.21	139	111	38.41	130	13	8	74	121.45	81	20	51	62	39.65	54	111	75.92	66	29	104	99	87.16	4	23	16	104	6.9	118	45	121.6	133	7	43	14	147.36	86	93	80	31																																																																																																																																																																																														
136	130.59	76	136	37	64	91.58	112	9	16	13	117.7	96	7	142.86	17	67	19	111	16.39	121	73	49	22	51.24	7	128	20.95	144	135	52	115	147.59	132	4	95	140	129.63	136	80	41.96	83	36	139	72	101.64	80	92	55	142																																																																																																																																																																																														
126	139.84	8	85	4	108	86.25	148	34	61	107	74.12	96	44	96.67	149	131	145	146	119.05	14	100	23	59	26.17	74	49	23.22	67	43	122	60	110.47	45	59	21	25	126.51	78	138	127.44	43	89	139	53	107.7	47	67	40	68																																																																																																																																																																																														
43	97.62	15	129	143	79	51.51	29	22	115	14	132.67	150	64	13.56	29	91	64	117	136.24	6	49	121	87	65.36	34	53	62.2	131	2	133	131	144.65	124	78	50	104	3.85	135	100	64.88	144	75	112	128	55.7	31	31	62	43																																																																																																																																																																																														
79	9.27	42	62	70	18	25.98	27	42	109	125	6.71	148	111	97.4	52	93	68	29	123.93	121	17	25	124	2.62	72	6	21.58	3	9	9	115	7.14	64	106	31	55	83.17	23	48	70.3	4	6	122	115	58.73	32	39	9	82																																																																																																																																																																																														
50	26.28	52	53	59	138	74.27	40	52	12	108	62.35	45	44	136.34	80	38	148	93	77.22	36	37	26	66	145.97	79	45	84.28	64	62	62	99	128.1	47	131	11	43	111.1	20	89	115.78	5	36	92	86	61.93	79	73	48	131																																																																																																																																																																																														
110	51.9	135	126	58	42	13.47	100	47	119	97	88.38	99	79	42.41	124	24	77	39	59.54	85	49	28	67	141.09	25	13	105.37	39	87	147	72	61.48	24	122	45	147	105.87	138	16	76.34	46	98	70	2	56.58	90	138	5	66																																																																																																																																																																																														
118	129.95	35	17	57	19	39.3	53	14	68	60	136.15	71	98	67.37	41	34	56	110	131.21	147	61	107	79	71.78	136	58	33.85	95	84	43	47	66.44	2	53	51	132	57.86	96	17	96.96	122	110	33	53	1.53	130	90	144	84																																																																																																																																																																																														
31	124.05	145	122	125	15	134.63	53	83	69	77	102.24	120	18	122.67	37	127	72	55	140.65	19	86	91	75	97.96	101	116	137.83	24	28	113	35	103.14	72	146	37	45	120.54	50	132	88.15	17	27	113	10	56.97	102	80	55	46																																																																																																																																																																																														
11	140.96	128	54	108	135	124.14	27	146	106	64	119.55	77	110	39.68	75	145	36	19	127.8	83	25	49	34	109.29	91	57	108.27	97	7	84	50	33.33	115	147	11	95	11.46	140	8	147.57	4	36	12	63	53.68	45	24	3	98																																																																																																																																																																																														
25	27.13	100	54	94	137	145.04	104	7	70	146	61.56	27	48	60.87	34	21	29	110	116.79	103	142	143	129	30.4	82	144	40.81	55	31	64	33	27.84	80	94	128	75	97.97	87	3	146.72	18	23	47	115	144.16	76	21	38	27																																																																																																																																																																																														
12	98.84	64	123	136	116	92.15	105	135	41	112	44.18	47	11	66.57	66	139	5	148	82.69	100	96	38	128	24.59	150	39	9.28	39	58	37	24	43.9	136	52	118	55	144.9	10	31	101.57	27	58	108	137	11.29	130	100	41	46																																																																																																																																																																																														
111	46	62	140	150	85	1.77	51	30	53	92	106.66	27	70	42.59	7	140	49	111	14.46	31	137	99	128	91.82	10	127	40.78	114	29	87	78	20.51	87	76	70	59	87.71	76	125	133.27	68	3	60	76	94.58	49	135	143	147																																																																																																																																																																																														
100	75.19	34	99	111	4	107.96	76	77	85	88	33.51	13	135	102.23	90	45	27	59	146.79	68	35	148	82	111.48	80	44	5.12	105	132	89	94	102.24	107	47	139	68	94.93	136	114	142.63	127	70	56	148	122.46	2	89	136	119																																																																																																																																																																																														
143	100.97	19	114	127	101	45.17	105	104	86	137	79.43	111	51	7.29	147	17	140	83	131.31	52	7	145	120	8.36	111	127	126.03	36	14	56	32	134.2	31	12	31	6	69.38	15	114	30.2	46	51	36	14	106.88	110	128	91	25																																																																																																																																																																																														
37	99.5	41	95	32	114	83.53	40	8	139	60	64.43	26	67	86.12	52	141	119	53	50.27	104	40	139	5	117.37	89	149	134.83	110	29	127	135	82.16	46	133	46	136	43.5	42	46	103.64	92	1	96	95	91.65	88	2	33	88																																																																																																																																																																																														
50	58.38	61	64	49	124	102.49	33	123	114	82	36.86	78	100	123.36	37	53	72	131	116.24	15	135	125	146	58.79	72	105	76.26	74	149	58	128	13.96	62	19	34	122	125.9	52	121	143.35	86	10	125	97	83.9	103	137	48	12																																																																																																																																																																																														
139	70.82	62	138	39	13	146.31	33	45	14	137	35.08	129	145	23.45	142	82	66	38	146.13	138	47	109	103	16.3	96	138	6.95	119	64	59	3	35.34	41	4	20	131	133.6	81	53	91.79	149	73	14	75	139.6	98	149	11	146																																																																																																																																																																																														
70	135.87	97	100	108	133	125.52	49	6	141	100	33.91	51	129	120.45	74	143	142	15	9.97	132	43	68	123	30.93	83	106	40.91	72	22	3	116	74.01	142	19	105	119	109.19	82	146	21.54	101	14	4	54	62.83	75	144	103	7																																																																																																																																																																																														
1	65.9	123	29	117	86	43.96	39	25	122	21	88.58	21	16	101.57	8	13	112	112	34.09	44	110	74	37	69.89	45	2	82.88	122	111	105	105	16.11	81	131	33	9	9.39	120	9	115.85	84	126	60	111	148.03	61	85	15	105																																																																																																																																																																																														
9	54.18	19	82	30	62	47.6	84	30	144	65	138.97	80	88	9.4	44	23	121	88	32.86	40	29	95	45	133.93	11	56	137.79	89	69	8	98	39.32	70	70	76	86	116.15	21	36	125.11	137	115	34	69	10.08	59	19	147	93																																																																																																																																																																																														
93	59.26	145	109	57	128	52.09	119	90	122	103	38.65	111	45	129.75	80	57	123	150	83.9	118	68	49	110	45.01	112	148	108.06	38	74	145	87	120.48	77	90	99	75	108.69	11	104	43.71	1	84	34	26	29.38	111	147	23	27																																																																																																																																																																																														
41	139.74	29	14	77	21	133.05	47	137	34	74	137.63	112	65	138.12	15	131	51	143	2.84	17	87	104	66	53.58	60	16	107.39	103	118	42	63	59.83	145	115	21	114	140.64	130	62	101.74	30	103	40	57	5.79	54	19	120	116																																																																																																																																																																																														
96	88.07	121	49	132	111	65.15	133	130	47	44	63.06	129	37	136	123	53	76	134	22.35	94	68	1	131	130.41	125	113	74.41	67	88	9	77	33.29	71	22	109	83	52.13	51	127	69.71	18	145	29	108	140.78	128	79	50	44																																																																																																																																																																																														
95	86.74	69	45	15	110	78.82	83	145	118	61	74.35	6	131	73.03	113	63	59	134	2.59	119	146	130	12	133.08	50	113	121.02	114	85	147	76	13.27	147	78	118	119	56.67	142	87	52.07	12	44	51	135	95.65	88	123	136	90																																																																																																																																																																																														
16	32.69	11	70	5	120	31.33	130	106	53	36	69.69	26	53	100.97	13	8	32	79	36.73	134	147	102	21	140.93	18	106	69.94	106	96	47	52	54.8	27	49	51	51	102.3	27	126	92.22	10	6	88	138	78.5	94	51	108	82																																																																																																																																																																																														
89	48.39	11	24	96	37	16.72	149	123	143	76	23.86	116	83	76.97	57	124	13	133	9.33	32	132	115	6	140.44	94	60	98.25	94	28	90	8	149.09	85	84	143	25	44.02	110	110	73.89	96	49	63	50	147.22	9	86	128	35																																																																																																																																																																																														
2	54.24	97	28	1	54	72.49	108	51	96	77	48.77	63	68	101.26	52	21	138	45	63.21	77	122	137	102	8.09	88	137	46.84	105	133	14	61	138.6	9	60	134	70	76.02	67	92	48.28	139	46	21	56	113.31	37	123	82	28																																																																																																																																																																																														
90	122.6	10	37	28	6	127.45	12	138	8	72	10.22	136	96	70.42	82	105	13	8	27.38	30	35	96	103	89.37	14	113	94.66	66	73	45	7	57.15	106	93	25	105	24.83	117	59	143.91	57	68	61	141	65.22	49	76	78	79																																																																																																																																																																																														
81	102.16	105	125	25	95	23.71	136	124	16	94	96.19	49	146	98.03	71	140	140	115	133.27	76	89	119	38	123.57	103	89	6.36	86	64	106	56	7.06	111	96	76	133	103.58	6	99	46.67	28	97	14	84	34.62	74	47	148	135																																																																																																																																																																																														
43	89.9	13	20	110	131	37.13	65	15	112	97	46.07	16	67	113.45	71	77	134	73	103.1	82	37	14	120	65.15	143	131	91.91	85	38	99	82	19.7	76	97	35	65	14.17	76	12	96.03	20	35	106	13	33.63	3	26	113	52																																																																																																																																																																																														
115	131.59	15	49	144	124	47.38	108	25	52	137	25.57	107	74	5.75	87	111	92	54	82.47	10	2	82	86	26.66	64	87	13.24	24	13	133	91	97.4	146	34	63	55	86.79	58	38	71.59	38	13	40	84	68.8	55	40	114	102																																																																																																																																																																																														
33	79.93	146	148	129	46	5.52	29	54	60	10	27.49	89	101	126.58	92	137	138	87	123.93	18	94	52	36	61	124	21	138.31	10	91	2	106	66.45	50	47	115	110	19.34	38	98	76.08	24	112	50	46	137.92	76	33	47	147																																																																																																																																																																																														
142	3.17	81	22	95	147	102.67	26	147	89	29	105.49	45	22	32.83	75	5	145	73	10.38	46	131	133	21	5.48	41	17	12	145	37	129	70	82.19	149	17	132	120	90.04	22	141	1.2	44	120	23	133	141.4	68	57	108	138																																																																																																																																																																																														
2	83.53	63	86	148	92	77.52	43	55	97	62	25.33	41	42	10.52	61	145	93	71	85.59	25	106	61	130	7.64	122	123	84.65	97	98	113	58	142.51	22	32	59	59	67.25	105	115	80.29	32	97	75	110	117.93	133	133	125	111																																																																																																																																																																																														
134	63.12	60	117	5	104	146.63	101	32	96	114	58.91	88	134	144.36	107	125	57	5	137.8	96	80	29	3	101.65	7	111	74.49	15	148	113	89	50.58	78	136	24	49	63.71	61	32	5.16	1	4	126	10	29.51	63	63	33	140																																																																																																																																																																																														
46	41.16	117	108	66	44	12.87	122	18	94	94	53.26	124	97	121.05	72	13	33	9	109.08	121	117	16	20	1.89	63	41	108.84	11	93	47	127	126.36	65	117	48	138	24.35	70	55	113.77	64	55	65	95	18.19	3	6	77	15																																																																																																																																																																																														
64	28.3	141	5	1	141	130.41	49	107	14	141	34.99	113	79	136.49	95	88	27	90	52.53	93	129	75	70	9.34	97	44	83.99	94	148	139	97	126.8	5	93	35	117	143.04	10	17	85.32	57	1	6	46	120.46	56	70	4	88																																																																																																																																																																																														
14	90.08	7	11	127	3	87.73	52	59	83	26	58.71	57	72	36	109	22	41	97	18.33	123	23	56	93	44.9	35	20	39.36	99	90	37	24	68.06	147	25	58	2	123.3	53	5	20.69	48	109	64	106	144.41	47	31	2	56																																																																																																																																																																																														
36	81.42	59	25	13	18	54.83	118	122	27	135	122.4	38	49	85.08	67	3	86	145	16.3	103	112	144	57	41.05	79	100	119.03	82	38	1	21	148.93	55	55	59	67	21.71	64	125	65.27	70	120	55	16	35.79	132	10	76	136																																																																																																																																																																																														
140	144.62	24	14	50	150	19.5	126	6	58	37	91.02	130	133	21.97	138	96	70	110	17.34	129	80	34	145	103.53	6	87	40.36	124	126	52	120	113.84	124	147	144	19	51.35	127	43	118.7	37	43	118	62	45	90	126	33	65																																																																																																																																																																																														
93	43.25	74	34	114	62	57.58	57	25	23	112	38.28	7	2	130.34	33	82	6	53	57.08	33	62	55	92	65.61	42	104	42.21	16	135	8	52	54.68	109	148	77	85	88.43	11	69	127.24	10	142	17	116	107.12	37	88	82	76																																																																																																																																																																																														
94	9.66	99	23	82	121	92.75	118	30	149	11	144.05	74	140	149.53	90	139	122	97	97.52	136	83	134	91	113.71	146	37	86.28	78	25	91	77	17.48	130	22	134	134	120.06	6	26	112.47	71	124	82	81	148.95	3	125	67	125																																																																																																																																																																																														
93	57.98	2	105	88	53	25.8	52	103	5	35	126.06	110	107	111.41	50	44	49	20	3.95	127	149	33	93	114.83	72	79	60.57	128	56	78	98	108.79	44	143	47	13	30.34	108	90	76.43	85	136	15	107	119.91	30	53	127	58																																																																																																																																																																																														
19	99.29	120	38	123	110	46.94	121	81	106	14	76.61	141	73	18.3	133	135	111	2	138.46	137	109	49	60	102.82	74	18	81.7	75	25	148	59	11.86	64	122	26	3	126.13	109	146	105.92	48	147	114	103	24.7	61	46	31	90																																																																																																																																																																																														
113	142.28	119	57	51	117	116.03	118	98	11	51	29.76	149	5	74.11	46	135	28	112	45.14	135	106	109	147	6.17	56	114	122.48	18	60	73	51	14.13	108	85	139	147	137.15	6	97	72.17	12	131	132	37	122.65	46	16	23	82																																																																																																																																																																																														
76	83.95	137	60	94	27	33.49	140	96	89	133	128.87	111	126	101.24	126	109	84	49	20.95	129	91	12	115	120.62	44	9	77.3	131	115	97	92	18.92	1	63	135	2	12.07	117	9	50.63	143	95	133	34	22.96	148	41	127	15																																																																																																																																																																																														
95	54.1	29	20	135	130	138.74	96	130	65	108	92.69	142	47	104.66	103	100	87	114	28.69	22	78	145	131	15.61	125	80	125.32	39	98	85	52	106.39	27	16	24	108	41.81	61	62	36.56	102	17	14	22	129.29	122	8	38	91																																																																																																																																																																																														
31	37.3	118	19	88	59	133.5	146	17	96	19	108.36	16	47	80.67	100	34	111	86	121.07	65	113	18	41	84.22	53	141	134.91	76	4	125	61	149.96	72	27	75	10	137.85	29	124	130.93	21	97	13	73	87.92	93	127	149	106																																																																																																																																																																																														
25	12.02	42	82	73	102	93.36	65	143	106	98	46.28	83	89	47.55	35	81	4	39	121.38	114	108	44	32	33.99	119	101	4.75	98	63	133	60	141.81	67	50	63	6	92.63	87	103	143.92	72	121	115	133	99.65	136	17	136	73																																																																																																																																																																																														
88	118.22	19	2	27	12	61.46	22	88	61	9	121.68	129	31	111.97	86	112	74	145	109.87	17	150	139	131	82.8	36	10	15.57	49	75	34	90	115.89	26	64	133	138	19.38	142	91	55.05	87	35	24	57	69.07	2	74	21	64																																																																																																																																																																																														
29	106.27	100	47	127	90	28.2	80	136	138	122	91.86	53	124	87.62	110	106	58	112	20.68	41	124	1	98	18.1	26	42	15.77	92	27	32	87	54.48	4	82	28	105	124.57	145	91	72.16	11	57	3	94	137.96	136	95	78	45																																																																																																																																																																																														
90	145.67	87	41	86	95	115.13	74	7	11	144	36.68	115	47	19.47	131	11	68	100	37.06	5	25	44	110	94.09	25	123	115.7	115	114	90	76	14.38	42	52	19	74	104.87	54	115	95.35	82	116	53	125	10.81	22	102	142	110																																																																																																																																																																																														
55	92.2	43	50	73	88	131.9	91	45	82	92	5.66	149	24	41.23	119	124	12	85	54.74	43	94	126	73	134.06	112	12	142.51	142	34	106	53	132.71	123	139	10	34	73.24	39	71	6.24	52	75	41	117	75.02	29	55	52	55																																																																																																																																																																																														
99	116.3	98	116	112	74	117.29	57	28	64	114	96.58	117	97	42.57	93	122	81	1	117.7	118	133	39	124	93.41	17	119	52.01	12	97	128	81	96.78	65	24	21	112	110.11	35	125	119.49	147	77	41	150	33.51	55	56	37	144																																																																																																																																																																																														
125	11.68	131	51	69	37	12.3	71	87	123	132	3.82	139	109	82.21	137	138	125	33	105.25	80	85	42	46	138.46	45	19	41.73	40	115	124	124	11.67	65	108	51	93	117.35	123	24	145.2	134	40	32	50	59.32	39	102	78	18																																																																																																																																																																																														
2	6.96	138	76	57	47	90.39	124	144	149	118	98.06	133	8	118.41	147	144	39	122	19.29	11	81	123	87	89.51	144	86	4.77	26	126	37	64	6.29	87	36	61	63	23.67	146	63	89.32	92	54	118	4	89.61	61	98	34	70																																																																																																																																																																																														
66	128.94	89	90	88	12	9.75	20	52	23	19	104.4	149	38	91.69	26	9	52	107	98.46	108	113	33	5	14.65	112	76	122.99	104	101	67	56	49.07	72	93	88	139	101.79	106	111	40.96	112	129	149	54	18.07	112	46	99	11																																																																																																																																																																																														
1	108.95	65	147	38	137	103.88	134	122	53	116	74.33	85	50	53.26	112	137	108	77	72.75	97	28	42	48	149.85	142	104	74.03	33	33	126	134	27.1	100	115	11	69	146.19	127	95	105.4	121	128	55	5	37.94	69	120	77	123																																																																																																																																																																																														
66	68.82	76	69	42	94	43.7	37	105	123	47	141.5	97	130	32.12	32	113	91	92	55.09	3	115	52	83	47.29	113	38	119.39	22	36	7	110	1.2	106	144	17	2	9.63	110	92	80.45	120	12	149	131	128.76	35	140	126	1																																																																																																																																																																																														
100	85.27	90	94	5	17	110.18	118	97	87	63	10.08	95	73	50.98	27	38	21	61	9.95	33	9	118	126	38.42	120	131	23.6	38	138	129	37	80.3	22	94	106	34	95.63	36	78	96.29	1	113	45	83	36.98	45	94	5	88	139	62	56	72.79	109	79	26	122	49.38	33	55	116	30	124.69	47	15	30	109	84.13	38	100	106	20	20.72	12	24	60	40	21.32	91	71	30	106	53.79	117	5	86	122	130.28	86	48	137	132	82.53	140	121	72	92	74.64	17	120	51	69	29.56	44	65	28	140	125.92	85	130	122	31	131.97	7	124	21	113	24.79	113	72	12	99	90.07	90	52	60	67	99.34	149	5	137	73	13.22	41	120	4	97	33.27	131	4	14	146	145.7	54	39	48	116	16.2	83	58	79	52	135.09	66	110	87	142	43.96	83	111	116	101	14.41	25	98	40	6	57.11	101	19	21	28	90.4	52	143	26	9	62.71	28	137	91	15	94.37	66	65	103	64	29.89	79	47	150	136	137.85	37	10	98	101	106.29	1	11	117	77	10.64	2	8	50	82	15.49	136	48	25	71	10.39	91	128	137	101	64.15	38	110	44	61	138.81	109	110	108	105	27.7	127	61	106	21	100.21	92	104	142	87	139.92	127