50 240
62	52.54	87	62	54	8	4.8	58	60	8	104	118.16	51	118	21.83	49	133	74	70	81.77	55	41	83	77	134.5	6	101	28.56	16	71	149	45	81.2	37	76	62	4	118.54	55	58	26.61	15	119	99	132	7.45	88	85	32	40																																																																																																																																																																																														
97	75.71	6	33	140	61	131.29	29	117	69	65	134.23	122	72	65.98	5	13	98	57	95.05	78	89	143	64	61.18	73	25	59.04	9	129	107	126	135.09	37	144	109	51	53.54	120	59	29.73	140	29	146	69	60.03	141	95	37	40																																																																																																																																																																																														
138	147.61	149	118	90	133	122.96	45	10	104	107	86.61	80	43	116.21	57	79	51	125	19.06	74	112	22	144	61.09	125	132	114.12	70	6	84	106	62.07	84	37	56	145	33.4	94	85	21.71	71	106	26	20	100.28	51	33	32	137																																																																																																																																																																																														
131	14.68	114	91	121	131	78.72	145	96	139	105	145	5	133	90.03	3	49	39	84	20.09	54	138	74	21	79.51	77	118	15.17	26	23	101	51	15.63	128	34	20	126	1.83	92	93	139.77	127	146	25	8	106.74	11	56	43	8																																																																																																																																																																																														
18	41.09	95	107	148	1	110.7	44	35	27	124	144.64	108	84	138.98	130	77	71	11	4.84	6	38	63	139	66.16	60	75	137.12	7	51	65	123	10.51	77	121	27	84	2.2	68	62	77.16	150	60	58	116	147.48	132	31	13	15																																																																																																																																																																																														
141	123.83	118	13	1	58	106.73	33	82	142	105	121.99	102	32	131.96	2	69	79	15	66.19	86	5	40	66	49.48	41	38	96.26	5	144	100	20	119.81	125	49	132	40	71.34	56	9	108.31	15	114	135	113	9.42	124	27	69	116																																																																																																																																																																																														
26	138.24	4	31	111	98	17.22	76	123	142	50	125.82	138	37	93.21	85	107	70	84	74.11	133	121	35	66	23.51	32	48	127.54	17	101	106	136	57.65	69	146	78	147	104.6	109	111	7.12	109	122	1	138	17.98	43	40	129	3																																																																																																																																																																																														
104	58.96	77	86	86	41	122.7	128	87	37	73	91.86	82	138	91.77	36	13	52	15	92.33	93	146	135	30	102.58	16	30	34.93	73	82	55	16	88.25	103	122	4	71	58.49	11	133	87.84	126	139	24	23	64.61	134	53	6	35																																																																																																																																																																																														
7	10.49	148	81	33	111	114.71	3	9	31	107	124.33	137	45	120.43	111	148	146	76	105.9	16	78	55	118	130.77	17	82	66	15	141	73	138	13.23	65	117	7	77	129.43	17	6	107.64	101	94	18	109	44.27	52	73	74	149																																																																																																																																																																																														
44	40.98	34	23	146	96	47.35	83	12	104	37	92.01	114	22	97.45	67	138	82	89	94.03	121	18	82	102	67.85	9	149	67.65	29	127	67	56	112.67	43	69	122	33	44.27	93	19	123.81	23	113	23	38	132.12	31	10	9	105																																																																																																																																																																																														
51	105.57	38	22	146	134	131.72	119	119	77	94	42.48	21	112	11.28	34	142	35	121	58.62	26	23	58	81	30.62	32	101	112.26	103	75	121	107	129.51	140	94	100	118	68.98	129	102	13.55	15	57	95	22	82.84	87	70	142	59																																																																																																																																																																																														
107	51.86	81	55	72	69	115.96	3	102	6	94	116.96	49	76	148.49	63	105	13	35	119.53	5	24	21	44	73.95	2	33	18.09	29	141	102	76	10.9	112	54	146	89	63.19	47	7	80.09	79	149	16	78	13.78	3	4	77	43																																																																																																																																																																																														
79	99.07	108	41	13	102	3.76	133	60	32	109	28.62	52	12	134.36	48	2	30	41	76.35	150	81	5	117	134.21	71	9	67.94	81	97	45	62	48.68	107	87	13	76	39.73	19	140	40.7	138	80	36	25	23.31	111	62	33	81																																																																																																																																																																																														
141	2.76	128	59	113	76	111.09	29	21	67	86	145.97	129	38	31.04	1	145	91	143	125.89	34	117	78	12	55.27	141	9	146.47	11	122	20	68	127.8	149	36	88	131	47.22	87	133	111.79	1	146	33	98	75.38	72	105	83	127																																																																																																																																																																																														
97	93.09	94	127	79	55	117.66	46	97	146	52	144.91	7	39	94.32	56	9	27	77	83.39	76	46	132	6	89.32	101	82	61.87	142	18	115	77	16.88	55	95	110	109	11.57	49	68	82.05	38	80	33	73	51.77	145	120	114	28																																																																																																																																																																																														
111	50.89	32	144	94	71	37.96	95	70	129	40	130.49	78	11	92.89	66	118	104	119	52.3	84	41	94	112	97.5	17	101	145.69	34	19	34	2	26.45	130	49	107	2	59.97	60	130	58.53	65	48	1	23	114.84	10	91	90	12																																																																																																																																																																																														
146	146.26	131	117	2	17	149.82	69	148	147	81	78.76	103	97	106.67	36	80	129	126	12.37	119	79	139	113	111.4	45	108	88.02	48	87	14	45	115.68	82	81	105	76	11.31	131	58	124.52	135	100	139	77	117.49	55	88	76	91																																																																																																																																																																																														
76	77.69	134	63	85	86	91.88	33	48	33	42	3.32	49	104	89.04	15	116	71	76	101.45	90	22	114	70	46	117	109	14.73	79	140	63	76	93.47	6	34	128	147	85.67	25	57	22.68	23	110	77	110	90.49	6	81	135	130																																																																																																																																																																																														
125	81.53	46	52	61	17	50.9	16	97	89	59	40.66	17	36	22.59	127	38	45	46	49.68	113	84	57	97	37.55	120	68	133.82	72	116	101	69	96.51	130	71	20	74	98.67	38	38	36.81	44	137	5	1	77.76	68	28	97	123																																																																																																																																																																																														
119	3.82	12	53	74	128	101.75	106	87	50	63	61.57	68	142	124.38	108	60	61	110	40.85	144	115	77	15	94.64	117	75	127.11	71	131	77	123	74.46	5	45	71	36	62.62	14	143	17.06	84	140	38	96	47.29	13	118	59	12																																																																																																																																																																																														
19	77.91	38	75	84	49	58.7	144	43	44	18	73.74	15	82	119.06	103	127	146	132	41.51	81	45	23	127	86.68	82	41	99.67	140	31	9	100	129.86	65	102	131	30	30.79	25	64	38.97	48	55	125	53	90.52	66	108	120	42																																																																																																																																																																																														
78	54.96	35	119	67	50	43.48	5	30	11	80	78.91	30	103	129.03	89	13	89	122	24.9	17	130	42	25	147.73	6	7	115.62	37	82	34	82	102.28	123	52	107	55	37.71	82	44	88.54	52	130	79	60	109.63	91	12	75	68																																																																																																																																																																																														
83	116.2	144	51	6	101	2.29	122	148	80	125	115.07	95	101	93.79	80	65	98	110	62.34	71	77	88	84	86.62	138	51	47.32	87	63	103	144	111.98	86	92	20	15	37.5	36	144	124.86	138	68	79	130	141.07	89	98	79	58																																																																																																																																																																																														
89	54.25	85	74	134	51	61.15	68	106	135	35	132.65	72	147	25.4	50	67	148	60	125.77	20	79	62	117	83.42	60	82	58.49	121	115	91	98	125.01	43	36	52	142	125.25	87	130	86.94	7	37	36	78	68.69	38	85	27	123																																																																																																																																																																																														
57	41.93	39	135	5	130	99.02	127	90	86	55	141.97	114	5	95.88	30	68	136	45	41.84	6	103	18	8	128.79	102	57	122.74	105	64	117	55	26.45	88	134	127	33	17.23	15	10	141	40	114	107	99	63.01	102	17	64	99																																																																																																																																																																																														
66	101.19	115	88	43	99	115.8	139	94	128	103	69.25	96	13	104.4	96	24	87	112	140.76	5	106	93	116	86.38	20	126	127.84	74	85	70	107	105.51	39	89	29	64	80.89	76	8	45.07	8	112	12	125	56.81	49	114	120	124																																																																																																																																																																																														
137	123.4	1	112	144	30	6.46	11	133	138	38	20.06	148	24	106.44	34	26	75	97	86.02	150	109	105	29	140.22	116	1	48.35	123	127	132	4	35.22	64	86	105	142	121.06	24	108	55.68	103	16	127	47	134.55	82	33	13	142																																																																																																																																																																																														
11	61.34	138	82	29	110	129.26	6	30	58	85	107.8	69	62	34.55	110	144	19	74	148.51	97	86	51	104	100.14	14	59	72.14	12	61	68	111	100.28	105	101	30	131	59.83	147	85	48.03	28	90	51	94	23.45	119	22	145	32																																																																																																																																																																																														
96	53.23	69	74	112	19	121.87	138	8	30	4	39.47	113	130	48.29	104	111	44	40	39.36	71	127	53	19	7.92	141	93	21.61	127	122	74	82	66.78	15	105	63	88	128.62	103	75	67.3	64	42	25	87	52.79	97	54	39	38																																																																																																																																																																																														
57	146.19	111	147	22	77	143.76	56	26	25	21	120.94	135	109	16.22	55	31	25	32	61.48	60	68	109	14	105.36	50	140	87.77	98	133	5	10	12.56	58	123	146	142	107.4	102	96	16.74	21	65	139	43	66.19	34	32	87	28																																																																																																																																																																																														
80	49.68	99	19	75	20	110.36	138	128	39	70	13.29	106	8	108.81	115	133	122	52	119.87	149	23	34	3	52.3	82	149	60.24	103	8	11	136	8.07	111	150	10	62	112.79	26	16	114.11	5	60	64	111	31.57	55	132	150	31																																																																																																																																																																																														
77	2.21	15	7	84	84	12.06	97	61	41	69	98.43	101	122	123.32	72	146	101	108	76.99	2	115	40	6	115.18	144	109	96.66	140	14	17	118	132.85	46	3	143	59	72.89	44	118	61.97	148	65	78	116	76.71	109	128	31	13																																																																																																																																																																																														
70	147.17	20	115	99	65	48.98	12	23	62	63	15.63	32	57	94.47	135	143	70	110	41.49	29	147	147	10	93.37	100	40	17.18	3	51	35	52	79.75	30	68	86	144	63.43	52	43	109.59	59	43	17	149	59.68	100	23	40	146																																																																																																																																																																																														
41	49.68	99	19	92	106	40.98	92	138	32	30	149.75	142	28	3.97	15	86	86	127	113.69	139	146	115	11	23.89	150	94	145.77	95	119	7	58	137.06	95	101	9	56	72.73	127	87	27.41	38	6	11	87	77.12	143	136	25	124																																																																																																																																																																																														
45	44.77	46	139	30	68	117.68	17	105	73	1	29.73	29	1	35.72	94	1	15	61	139.69	29	77	4	111	128.99	14	86	111.99	125	46	79	39	105.46	18	50	113	117	37.54	10	141	103.21	13	56	147	108	33.63	109	8	16	4																																																																																																																																																																																														
99	85.4	47	81	25	54	27.65	14	18	57	116	50.47	34	82	65.06	128	145	88	112	93.55	84	21	72	15	105.05	33	71	76.69	5	35	109	11	57.31	150	136	76	119	7.82	93	98	9.21	86	114	2	134	23.96	133	134	62	123																																																																																																																																																																																														
30	121.2	97	61	102	57	80.76	45	26	91	20	146.71	76	124	60.68	103	18	135	92	59.25	71	76	1	76	80.05	131	141	16.55	115	73	20	49	86.84	39	135	107	7	126.46	113	79	130.26	33	83	46	44	145.63	100	8	98	110																																																																																																																																																																																														
121	75.19	47	5	3	4	10.21	29	116	44	131	32.63	10	72	31.6	14	117	111	138	69.31	97	136	19	99	83.63	97	79	27.01	36	127	111	62	37.33	90	21	111	56	5.5	70	84	137.92	91	112	128	82	112.67	147	62	58	43																																																																																																																																																																																														
62	50.71	111	22	95	113	106.13	56	128	145	150	82.98	87	137	12.46	68	132	126	8	75.17	59	30	57	48	129.37	35	31	64.26	69	142	46	108	30.17	124	52	111	99	20.79	114	35	13.3	129	43	95	72	102.27	138	126	79	143																																																																																																																																																																																														
99	140.74	114	100	41	10	107.14	123	74	116	145	18.52	115	41	118.6	142	101	40	49	78.04	20	134	8	128	123.57	79	63	17.12	140	132	79	56	141.87	93	6	118	119	113.64	105	123	39.82	81	116	75	72	81.35	139	41	50	5																																																																																																																																																																																														
8	11.54	128	129	26	1	134.1	35	56	39	112	79.72	75	115	55.57	122	149	26	38	80.11	143	123	135	29	105.65	111	109	15.23	100	76	48	21	48.04	101	69	94	149	52.14	85	34	36.38	143	142	121	47	120.85	145	146	76	137																																																																																																																																																																																														
11	10.96	119	125	7	25	85.69	56	9	48	24	32.79	99	109	13.44	42	84	116	12	124	82	104	24	14	78.95	36	43	109.73	21	37	47	17	98.12	129	131	88	3	40	21	54	126.61	14	59	62	51	130.02	140	38	97	143																																																																																																																																																																																														
4	118.75	110	78	103	127	78.68	135	116	144	119	59.23	133	47	89.19	123	149	8	46	110.53	23	76	25	47	46.75	144	143	80.42	105	57	53	76	14.94	18	130	53	22	110.79	14	4	149.2	113	80	49	105	137.16	54	123	134	36																																																																																																																																																																																														
101	127.57	147	48	97	36	23.64	80	123	125	66	79.53	115	44	33.32	9	112	146	25	78.53	34	77	115	103	73.23	72	48	75.77	2	118	146	43	47.28	117	66	90	92	132.62	116	45	61.42	80	3	113	128	54.23	74	64	61	46																																																																																																																																																																																														
74	87.85	9	110	10	113	58.59	130	55	65	9	107.03	131	100	41.06	96	8	144	83	18.06	36	3	122	50	131.23	105	99	127.19	8	105	46	74	127.44	126	31	134	93	107.77	15	66	37.57	109	116	48	32	66.23	37	121	25	85																																																																																																																																																																																														
41	82.14	6	25	66	42	122.17	86	38	4	149	118.08	133	41	113.8	97	110	95	41	30.97	52	11	21	2	31.13	36	69	39.1	11	131	60	40	84.3	118	42	125	71	100.35	112	46	55.37	5	43	58	77	89.53	69	16	129	65																																																																																																																																																																																														
117	126.02	59	89	131	91	147.02	42	38	62	21	36.65	19	70	132.98	91	53	125	56	62.62	30	91	128	115	79.54	3	121	58.88	138	136	72	12	110.29	118	8	149	23	142.77	21	73	105.16	127	61	107	132	3.13	6	68	81	42																																																																																																																																																																																														
140	138.46	146	130	141	76	45.09	13	121	3	79	46.16	81	23	27.8	108	20	147	114	123.56	22	27	80	82	145.71	56	42	106.81	37	148	5	126	2.93	77	89	146	79	114.92	149	31	131.75	16	120	88	99	12.43	27	70	2	11																																																																																																																																																																																														
50	103	103	12	121	1	73.76	4	35	95	69	63.25	83	123	36.84	29	42	40	84	72.92	125	99	81	75	119.93	105	130	123.94	83	42	130	79	99.9	134	112	18	30	123.86	38	107	93.65	91	85	69	59	27.69	11	2	36	31																																																																																																																																																																																														
81	51.49	112	130	87	31	105.7	130	129	96	111	117.62	22	83	140.12	104	59	62	64	14.12	84	72	114	146	133.67	23	34	40.29	82	13	100	65	136.7	2	67	111	62	70.03	22	55	91.13	3	141	66	134	53.45	117	120	138	13																																																																																																																																																																																														
35	140.27	41	14	34	75	66.37	110	32	148	147	69.72	103	9	37.63	110	73	72	121	70.81	60	21	141	4	120.86	54	38	71.92	78	75	103	14	98.91	45	122	19	7	137.35	52	146	70	119	144	32	145	106.16	16	38	1	92																																																																																																																																																																																														
21	108.67	117	93	44	90	75.76	135	116	7	101	92.27	143	14	13.81	32	113	98	101	38.89	81	68	78	6	13.4	2	69	112.08	148	119	8	9	60.58	126	48	144	2	137.78	121	67	26.74	18	105	16	13	85.7	86	101	74	35																																																																																																																																																																																														
119	9.87	77	102	3	75	90	100	80	140	97	48.91	52	38	51.7	92	96	79	79	67.06	99	23	87	72	103.2	92	88	64.96	103	144	75	144	72.29	19	7	81	56	10.8	57	79	27.72	76	19	99	111	72.01	82	117	117	98																																																																																																																																																																																														
31	44.99	16	127	91	137	30.94	149	51	68	120	32.69	57	36	64.56	85	117	84	101	18.25	26	12	31	14	89.5	44	76	62.8	112	68	115	44	108.19	143	104	43	112	35.75	106	100	21.25	58	24	2	95	61.35	107	109	5	38																																																																																																																																																																																														
44	124	54	52	124	30	125.58	102	46	138	106	100.46	144	80	83.35	121	89	46	129	146.85	69	14	5	11	146.72	8	91	148.59	13	83	128	142	46.78	18	6	6	111	38.82	75	56	81.95	30	92	4	71	119.38	118	16	65	135																																																																																																																																																																																														
80	6.73	35	99	13	96	120.88	84	60	60	52	86.24	107	35	139.73	87	85	119	47	4.28	140	60	85	41	55.2	36	110	18.11	139	146	16	22	22.51	29	36	130	146	74.59	76	77	50.78	25	71	56	53	112.28	85	117	69	37																																																																																																																																																																																														
118	82.71	102	33	20	40	4.34	72	141	102	123	5.41	81	131	135.83	10	123	81	67	75.48	59	109	131	28	2.82	139	7	106.77	102	115	52	49	15.62	1	66	120	112	147.9	80	22	74.52	112	117	115	99	35.12	89	122	34	66																																																																																																																																																																																														
116	56.1	105	65	102	77	92.9	49	29	93	64	75.22	108	147	23.63	78	25	134	81	23.94	29	109	120	73	128.51	26	140	84.64	120	86	30	93	54.54	104	12	58	26	72.65	9	35	87.45	148	17	147	145	114.06	40	8	126	109																																																																																																																																																																																														
130	3.02	120	16	142	139	61.91	139	31	89	131	39.56	107	71	5.51	49	24	131	116	97.23	19	45	79	145	88.57	38	32	10.77	24	78	116	101	131.98	91	47	126	93	142.94	63	49	72.05	95	120	130	121	84.99	94	80	55	5																																																																																																																																																																																														
124	100.65	4	93	2	48	60.69	27	27	54	2	18.87	54	137	118.92	100	129	94	17	63.55	84	88	116	130	90.44	136	103	45.38	16	62	88	71	47.57	146	138	33	144	67.33	147	6	2.94	18	51	142	140	103.82	39	98	112	14																																																																																																																																																																																														
63	46.91	53	44	103	139	47.72	21	7	67	130	90.92	7	75	72.17	33	135	21	7	107.81	22	52	36	137	145.82	40	25	21.13	34	24	29	46	60.4	37	117	91	131	21.59	61	119	25.17	77	78	96	46	146.51	35	149	61	100																																																																																																																																																																																														
34	74.35	70	46	15	25	36.25	104	142	87	74	26.75	64	139	103.73	102	69	36	79	91.3	105	150	111	77	92.08	35	119	79.29	26	85	6	56	43.94	64	130	37	67	94.89	135	115	101.03	133	114	8	78	61.36	142	22	140	137																																																																																																																																																																																														
109	129.3	34	30	38	73	148.73	14	94	141	91	72.01	84	47	73.46	102	127	45	9	20.69	17	64	77	85	50.03	124	150	57.62	81	15	119	15	99.36	51	45	68	98	113.79	1	30	106.46	38	71	99	75	125.53	126	29	28	67																																																																																																																																																																																														
105	40.51	83	92	146	81	77.56	18	3	113	19	82.11	4	38	25.29	3	131	98	135	35.6	70	55	126	96	75.06	72	34	53.31	27	56	82	86	4.43	20	37	16	139	123.75	57	135	17.01	113	78	80	127	52.86	53	132	57	63																																																																																																																																																																																														
6	117.81	58	37	39	101	90.25	136	78	82	118	94.66	67	99	28.05	43	71	23	148	1.29	10	42	4	82	63.74	22	146	70.59	48	129	45	39	66.03	69	124	86	108	17.3	44	85	44.43	15	103	68	93	56.25	126	75	18	127																																																																																																																																																																																														
105	41.89	117	69	121	87	109.74	23	31	136	134	73.29	51	20	59.15	101	41	64	32	49.9	137	60	125	38	41.69	77	46	70.74	108	39	115	79	116.72	132	78	30	138	41.08	130	79	69.38	66	88	130	100	58.59	15	90	15	72																																																																																																																																																																																														
110	110.47	138	5	85	105	35.21	45	44	129	115	117.58	115	68	107.87	124	97	81	108	135.21	51	11	65	3	136.79	148	118	43.73	130	144	111	122	25.35	10	92	74	104	41.94	118	68	104.21	3	105	63	30	15.59	118	68	109	134																																																																																																																																																																																														
48	59.86	130	88	70	34	95.87	79	55	74	38	11.79	11	10	34.9	85	62	138	133	78.42	55	51	134	38	87.05	127	14	135.68	97	18	74	60	125.56	78	22	86	142	43.72	1	131	53.66	35	83	62	114	91.66	31	107	4	4																																																																																																																																																																																														
108	119.25	119	40	80	139	84.07	68	13	3	96	98.96	95	31	23.38	66	103	135	124	60.64	30	127	139	8	72.59	127	2	72.89	98	97	63	43	145.13	57	94	144	88	92.7	61	124	65.44	75	53	98	37	30.13	111	60	76	9																																																																																																																																																																																														
25	86.48	55	111	96	35	65.98	140	7	62	24	19.17	25	94	44.41	101	95	42	6	90.64	136	100	65	133	146.01	17	104	18.82	118	119	110	36	7.12	8	92	99	16	108.95	132	62	99.07	67	30	16	133	121.34	10	106	25	40																																																																																																																																																																																														
81	119.5	85	129	18	10	17.53	7	142	54	149	105.92	125	76	127.76	57	92	3	49	94.07	118	28	2	22	33.77	81	30	88.38	107	145	100	9	47.03	112	54	1	88	148.33	59	131	14.23	125	65	142	35	139.44	92	81	19	29																																																																																																																																																																																														
26	97.59	64	5	44	138	29.94	77	132	96	140	117.27	80	10	48.99	112	91	85	10	115.8	16	132	40	98	53.01	38	103	93.64	128	97	92	41	141.3	59	110	15	55	129.41	102	110	93.11	82	115	4	25	148.42	55	104	5	19																																																																																																																																																																																														
107	70.8	144	83	86	18	113.3	47	8	135	142	57.16	146	5	79.21	24	98	149	17	13.96	25	102	70	43	88.9	31	133	15.92	103	99	6	4	11.26	56	62	115	104	18.26	51	29	55.89	98	107	75	70	41.93	54	52	47	144																																																																																																																																																																																														
83	133.32	32	101	68	108	10.13	51	109	54	141	75.92	3	32	112.49	118	137	17	134	110.12	37	127	7	105	16.69	25	44	88.29	90	99	98	49	47.44	81	56	62	73	92.78	37	14	131.75	8	134	8	114	39.42	50	14	87	89																																																																																																																																																																																														
96	60.67	141	127	134	41	79.62	20	90	133	150	5.89	11	24	36.85	23	54	77	71	86.52	25	103	81	136	136.85	37	14	33.6	56	115	16	117	89.19	60	107	117	27	129.77	147	82	142.34	136	132	66	49	130.87	24	82	35	150																																																																																																																																																																																														
116	29.74	106	1	94	67	13.13	64	114	149	9	6.58	34	85	108.87	62	48	11	148	90.36	73	107	12	17	86.74	55	41	5.31	44	37	76	34	131.05	70	101	37	6	6.7	13	132	35.14	92	54	23	55	107.35	98	100	106	148																																																																																																																																																																																														
100	121.17	94	70	17	129	37.87	35	73	119	19	121.02	45	16	75.16	120	112	90	55	57.29	64	12	87	108	140.27	129	46	85.42	128	22	111	9	145.12	53	34	92	124	95.64	82	132	61.98	24	64	83	32	96.67	20	96	19	40																																																																																																																																																																																														
59	132.65	41	58	132	91	4.67	102	33	125	35	78.62	14	148	136.37	145	68	83	129	51.84	24	93	130	6	18.45	53	49	93.56	87	110	11	146	119.8	73	17	95	136	136.61	54	1	7.09	137	59	132	142	86.7	149	47	105	60																																																																																																																																																																																														
36	88.12	3	110	8	143	23.93	95	13	29	47	11.45	61	33	6.37	70	9	51	101	58.14	84	60	112	29	44.91	41	57	80.84	49	144	5	140	114.42	109	70	13	19	19.18	138	59	85.8	71	132	93	56	29.61	68	148	40	84																																																																																																																																																																																														
1	60.84	62	106	52	46	25.3	23	48	136	149	134.56	72	96	120.61	1	146	136	121	2.52	50	47	47	69	12.67	51	16	137.25	93	37	145	72	46.28	127	45	100	133	23.59	146	10	73.8	99	127	43	65	105.14	32	132	102	107																																																																																																																																																																																														
27	60.68	26	57	38	146	145.45	120	112	35	121	40.87	61	126	30.49	50	108	110	123	23.45	73	107	9	12	136.88	71	9	64.88	100	84	47	148	71.17	11	127	94	103	22.54	6	146	70.49	116	68	5	95	67.01	8	67	28	70																																																																																																																																																																																														
29	21.89	51	3	30	43	87.4	123	25	18	121	97.35	75	145	73.58	93	64	86	28	141.01	124	39	109	57	144.75	20	127	137.29	98	27	19	103	105.19	45	94	44	108	135.08	124	95	122.13	120	61	72	146	29.54	127	62	142	91																																																																																																																																																																																														
45	14.52	51	59	18	79	33.27	30	56	68	83	5.34	87	56	1.19	61	102	52	85	51.82	116	125	116	48	68.57	104	5	103.25	5	72	37	23	26.06	13	75	10	142	41.95	102	15	128.35	35	48	76	132	124.09	96	101	19	41																																																																																																																																																																																														
98	135.29	40	23	68	58	114.02	95	48	131	2	112.69	113	108	8.82	23	84	95	49	131.5	110	126	50	49	75.97	47	70	1.52	128	75	66	118	16.23	114	12	30	28	89.24	148	76	145.51	125	75	104	74	20.34	124	98	130	113																																																																																																																																																																																														
147	18.55	58	107	66	93	145.02	102	104	103	19	119.07	50	20	141.83	55	99	100	71	62.7	59	67	127	6	52.63	78	44	51.79	90	92	111	135	96.69	93	17	39	86	5.79	4	62	141.02	28	33	22	67	74.27	25	4	144	24																																																																																																																																																																																														
104	60.22	74	71	1	34	49.15	47	150	71	121	51.65	68	34	132.27	149	98	58	49	46.76	56	103	46	57	111.48	26	91	78.05	3	5	103	9	111.55	26	40	97	48	99.12	41	49	44.5	63	116	98	1	24.49	70	70	101	57																																																																																																																																																																																														
121	54.14	140	22	61	143	148.33	105	119	19	67	148.51	115	100	3.02	89	132	23	118	45.56	120	143	109	97	132.54	141	69	114.71	133	70	99	63	92.01	121	70	133	59	143.73	136	15	116.77	145	144	114	44	142.21	57	51	91	119																																																																																																																																																																																														
136	106.16	14	56	119	131	34.88	63	129	36	101	40.04	76	148	3.91	137	129	84	105	93.68	65	80	19	93	148.43	134	1	110.87	128	138	115	15	10.44	147	2	148	76	90.05	109	49	128.29	3	141	110	91	101.67	98	29	56	56																																																																																																																																																																																														
4	59.05	70	101	71	125	92.66	16	112	34	97	4.33	8	77	57.96	141	22	106	60	130.17	58	142	52	31	101.99	128	65	8.74	40	17	121	12	80.16	56	76	127	122	64.27	69	92	42.55	48	140	64	130	118.87	30	58	52	108																																																																																																																																																																																														
145	45.1	95	58	8	20	34.22	41	21	23	110	92.76	72	120	35.72	111	103	69	118	131.54	126	94	124	6	5.93	134	94	140.06	80	39	24	7	108.79	113	13	119	127	138.03	1	87	84.02	35	130	138	45	47.68	124	5	142	70																																																																																																																																																																																														
42	46.49	107	17	27	91	16.51	104	4	33	111	7.75	53	127	51.14	140	89	146	37	104.05	97	68	28	142	54.23	107	133	9.24	32	76	2	63	60.8	72	53	121	145	64.59	113	84	11.23	25	42	88	123	49.05	120	69	117	34																																																																																																																																																																																														
101	140.13	110	96	147	31	31.74	126	92	82	14	43.69	65	84	103.15	59	36	147	142	86.33	120	55	26	9	3.16	47	21	79.41	18	123	2	58	26.53	99	75	142	113	83.12	13	14	122.79	68	9	119	106	44.32	114	14	13	83																																																																																																																																																																																														
54	129.06	74	48	83	96	128	123	33	136	143	67.03	120	57	76.79	114	120	115	78	64.05	20	9	69	61	125.5	116	113	139.04	118	50	87	124	120.61	105	60	79	147	3.21	139	118	54.67	106	150	38	144	23.08	22	75	32	122																																																																																																																																																																																														
27	118.89	126	16	58	71	51.34	146	120	55	124	63.05	102	80	140.96	94	22	1	52	79.93	132	126	35	105	65.46	31	70	93.13	140	66	8	67	117.91	58	123	20	70	50.66	61	7	27.17	112	145	101	48	121.35	49	42	16	149																																																																																																																																																																																														
42	35.23	109	102	64	125	108.09	17	114	121	36	63.45	147	134	115.75	97	24	17	106	24.15	130	47	120	48	49.49	143	99	51.1	26	150	80	77	18.37	102	12	6	89	40.1	59	58	93.78	139	38	8	104	59.5	24	85	119	140																																																																																																																																																																																														
142	28.44	3	57	8	133	94.87	13	113	21	25	16.37	119	16	135.85	134	25	139	136	131.59	119	37	14	136	2.08	143	131	62.71	5	63	34	61	25.11	90	22	66	102	18.45	75	62	3.92	132	116	20	44	48	143	16	121	139																																																																																																																																																																																														
72	72.05	16	117	86	120	90.59	125	122	100	13	10.32	88	111	70.08	47	14	30	33	119.92	16	23	7	111	7.64	138	44	144.55	5	67	73	101	130.22	62	61	125	42	73.33	100	129	21.05	83	118	103	8	85.83	102	8	2	115																																																																																																																																																																																														
109	135.91	54	33	106	124	64.24	126	52	34	2	56.72	98	111	65.09	24	35	113	83	55.43	140	79	85	69	118.79	86	126	78.32	43	34	78	86	148.36	5	149	84	134	64.25	21	104	32.49	96	90	54	137	138.22	122	141	147	46																																																																																																																																																																																														
26	2.56	139	106	60	1	104.63	15	109	98	105	4.18	123	25	72.46	89	20	140	71	80.19	77	14	131	141	93.9	50	53	102.86	75	9	77	136	8.16	59	112	123	116	38.36	53	12	117.63	120	150	135	52	68.96	150	71	107	130																																																																																																																																																																																														
108	103.11	100	143	82	13	87.34	13	124	101	138	58.9	81	31	101.66	41	39	106	24	52.44	131	25	22	14	83.31	90	4	77.89	3	23	124	11	138.96	94	39	150	53	107.16	63	131	149.37	12	143	105	119	42.24	136	80	76	88																																																																																																																																																																																														
61	46.51	145	74	27	50	5.65	40	7	76	100	116.65	65	126	110.51	115	149	121	81	56.33	4	84	59	89	79.25	26	44	20.22	56	106	1	123	99.57	6	52	110	57	35.15	13	37	81.97	109	33	102	145	101.29	140	80	53	50																																																																																																																																																																																														
131	10.89	49	38	72	125	121.04	21	139	79	59	2.05	142	27	89.75	121	88	109	104	116.76	2	142	5	110	130.91	99	150	15.62	100	36	125	18	81.87	126	83	62	3	35.81	55	85	42.75	109	133	125	15	26.45	5	110	9	28																																																																																																																																																																																														
69	106.54	108	77	101	93	86	34	95	2	146	18.21	87	66	32.33	138	128	36	92	137.2	120	116	9	31	119.89	49	5	60.11	139	12	88	40	126.34	102	105	20	126	9.39	72	89	129.52	60	111	50	20	24.19	137	93	58	99																																																																																																																																																																																														
86	99.24	142	49	110	75	55.31	12	137	105	12	139.77	96	135	13.06	102	67	71	37	149.7	7	13	95	46	83.24	32	122	48.64	50	136	98	66	99.79	22	129	73	79	134.19	77	102	66.9	127	115	62	146	107.16	62	18	7	28																																																																																																																																																																																														
50	82.19	57	51	85	25	95.7	62	112	29	53	80.43	11	94	118.64	112	102	127	106	7.45	43	3	68	76	14.94	70	135	145.84	59	64	136	49	132.4	76	122	84	75	8.91	62	11	88.16	68	55	56	76	125.26	102	145	101	150																																																																																																																																																																																														
77	79.65	54	120	110	95	31.88	81	29	112	119	129.41	38	80	72.61	64	91	134	23	69.72	7	41	35	146	95.43	99	39	96.74	60	103	87	117	108.39	103	104	63	129	41.83	113	76	49.01	61	62	20	94	123.04	146	64	37	10																																																																																																																																																																																														
55	65.61	116	108	137	60	95.57	15	102	141	13	24.3	38	134	113.24	142	30	97	84	58.19	91	38	116	120	67.27	39	32	63.66	16	37	134	26	39.11	53	144	117	38	74.13	98	83	67.45	50	103	133	15	51.83	125	62	81	136																																																																																																																																																																																														
103	31.92	84	93	36	137	38.41	69	89	89	71	28.73	89	132	11.93	58	66	50	7	53.38	30	78	112	41	79.49	22	120	24.72	85	102	44	90	78.4	24	129	73	106	100.63	104	93	125.63	126	54	103	90	139.36	33	23	97	25																																																																																																																																																																																														
130	122.27	18	96	41	21	46.44	91	116	41	69	122.07	23	69	109.98	18	144	110	122	2.84	15	74	72	81	116.92	42	124	73.65	28	132	133	89	99.45	38	58	79	20	11.14	131	52	148.44	37	17	29	76	77.83	141	103	129	26																																																																																																																																																																																														
66	58.42	84	19	30	24	22.59	79	57	6	18	42.82	82	25	144.27	99	97	17	92	47.27	72	62	103	129	16.1	62	130	66.24	117	65	88	136	72.17	111	23	115	96	115.94	145	112	61.15	16	84	94	96	70.2	21	146	50	128																																																																																																																																																																																														
143	4.95	143	44	59	35	39.85	132	107	46	115	9.61	50	6	57.16	53	44	147	134	78.25	125	116	31	126	45.42	15	33	147.77	108	111	59	32	113.12	17	133	18	16	109.68	8	30	67.16	68	81	11	79	58.97	21	60	150	108																																																																																																																																																																																														
21	78.11	103	49	82	81	127.43	26	66	135	131	24.15	104	81	72.11	67	23	51	56	77.09	144	94	123	44	52.24	101	81	133.71	54	103	38	106	40.9	105	49	21	133	29.8	19	75	50	150	85	95	130	122.28	50	82	27	126																																																																																																																																																																																														
30	39.82	131	100	76	13	61.84	40	87	22	28	67.76	31	105	42.69	109	60	90	101	128.05	121	115	137	27	8.79	119	41	52.67	47	89	86	2	37.42	39	4	79	143	57.25	50	85	125.24	31	86	147	8	141.25	65	37	89	67																																																																																																																																																																																														
40	52.33	76	74	131	43	79.93	24	124	96	74	48.21	107	101	34.5	135	87	68	116	125.27	139	145	12	88	141.12	108	149	142.69	91	79	72	107	62.24	145	138	42	2	61.65	119	97	62.94	67	137	28	149	104.47	39	64	29	137																																																																																																																																																																																														
58	129.02	94	28	49	6	61.85	45	137	122	80	62.88	7	1	102.97	86	116	30	51	2.62	118	116	88	17	88.74	142	66	147.4	34	6	44	62	74.49	57	19	107	61	107.94	150	139	119.52	115	98	14	82	45.27	14	118	27	96																																																																																																																																																																																														
89	92.58	13	48	135	136	23.33	138	38	52	90	117.62	88	73	111.24	88	80	118	22	25.73	104	18	73	41	50.07	139	127	125.27	149	30	78	48	123.81	21	122	70	79	38.62	49	28	36.1	89	110	68	46	130.22	50	96	90	96																																																																																																																																																																																														
145	34.19	118	82	67	88	16.06	90	67	45	31	89.06	139	100	69.51	133	15	94	141	148.52	133	2	33	82	147.29	98	120	92.4	8	122	26	8	28.73	108	133	120	115	130.7	129	74	23.82	27	55	24	22	101.25	102	32	40	24																																																																																																																																																																																														
146	132.41	149	98	93	147	76.98	90	20	146	124	101.38	52	54	34.96	73	75	65	92	134.92	119	5	50	82	42.16	77	38	92.2	95	20	56	73	123.95	112	35	54	119	85.13	76	135	116.76	93	116	139	135	88.65	89	111	35	137																																																																																																																																																																																														
33	144.59	14	130	144	98	104.53	82	98	72	59	32.57	143	92	78.57	77	144	140	78	15.95	129	62	135	37	65.6	29	43	107.4	81	45	10	143	11.79	41	44	143	132	149.64	58	35	51.48	67	103	59	121	141.42	24	37	59	55																																																																																																																																																																																														
147	84.24	147	105	76	148	115.96	89	67	48	83	89.57	55	72	52.81	46	137	78	50	58.25	108	137	51	52	132.13	139	142	78.82	39	16	116	97	114.23	93	58	70	81	33.52	42	147	41.24	114	10	21	70	76.27	143	26	115	65																																																																																																																																																																																														
47	87.63	121	6	16	138	133.79	22	145	121	31	31.74	98	63	19.91	143	45	119	21	145.97	91	141	31	84	55.82	84	71	54.4	36	61	113	143	124.15	122	72	70	120	88.69	132	141	64.4	26	74	96	85	24.44	110	120	40	68																																																																																																																																																																																														
26	55.45	103	62	13	70	103	94	77	12	56	99.2	100	61	28.95	10	1	71	89	148.25	134	55	24	69	94.08	103	107	72.14	112	78	67	139	114.18	111	26	4	72	47.15	20	78	35.06	15	79	89	118	123.94	119	70	82	110																																																																																																																																																																																														
58	49.66	53	17	123	76	79.03	95	101	139	119	114.42	101	27	135.5	68	25	132	70	122.25	68	34	69	139	144.06	19	48	143.47	62	59	110	61	74.35	86	85	91	124	72.82	136	106	149.89	10	145	49	3	11.62	40	72	110	101																																																																																																																																																																																														
13	141.95	87	22	128	139	45.8	48	128	139	19	46.53	124	122	114.15	108	42	9	120	113.83	93	74	94	87	38.72	91	120	100.99	92	57	123	50	31.36	119	116	10	149	65.42	6	22	30.25	96	12	143	72	49.86	13	123	66	142																																																																																																																																																																																														
139	43.55	41	65	113	132	84.19	125	57	37	31	44.79	54	1	85.13	28	90	107	11	109.06	119	49	127	125	42.47	13	83	50.31	13	138	133	87	86.97	109	135	58	14	28.13	36	16	45.92	9	90	146	107	27.53	63	31	74	7																																																																																																																																																																																														
72	45.75	80	83	61	24	77.28	104	5	35	77	142.48	130	114	130.61	99	145	14	105	92.31	34	139	112	125	27.12	114	73	113.63	95	21	71	148	4.77	150	63	1	32	114.16	36	129	50.32	2	42	26	47	36.01	124	17	84	11																																																																																																																																																																																														
144	137.4	102	16	32	65	37.58	37	71	13	56	23.72	91	102	58.14	53	136	24	57	14.62	143	137	94	57	70.96	125	21	101.54	73	115	2	110	74.22	22	48	127	89	1.7	119	96	2.22	97	138	24	23	52.28	71	56	105	144																																																																																																																																																																																														
106	97.93	28	74	115	58	65.13	122	78	96	96	1.15	99	4	130.55	59	129	124	37	120.42	84	119	94	134	126.78	9	134	79.07	106	6	113	9	122.42	38	46	70	50	78.94	50	24	20.13	124	16	115	122	17.32	124	93	105	51																																																																																																																																																																																														
87	111.31	75	94	64	104	118.42	146	148	104	31	66.64	127	97	39.14	90	71	36	89	76.86	129	98	8	85	96.1	70	15	137.79	65	18	21	26	113.81	117	34	127	93	103.98	51	124	130.61	118	119	73	15	108.93	113	62	48	139																																																																																																																																																																																														
77	30.84	138	42	116	15	96.65	107	61	118	132	104.94	136	56	47.11	1	67	135	44	98.17	25	55	48	16	34.85	70	131	51.21	21	63	149	51	96.35	52	8	113	40	9.71	4	47	102.49	25	42	87	62	97.58	147	142	39	67																																																																																																																																																																																														
105	65.61	139	14	18	84	111.23	150	144	102	70	77.15	101	16	33.53	53	135	88	63	138.04	14	26	9	81	18.41	11	22	74.98	95	47	59	93	143.87	137	36	119	21	15.47	67	82	80.74	52	26	22	83	96.04	32	137	42	28																																																																																																																																																																																														
65	126.38	150	41	71	72	92.69	80	87	77	67	66.96	21	69	113.31	139	133	12	127	100.46	48	29	21	33	137.52	68	54	6.65	62	65	140	27	17.75	14	118	105	103	53.03	103	74	62.6	2	24	89	39	57.8	86	82	92	79																																																																																																																																																																																														
127	75.52	8	18	73	67	93.84	67	74	133	128	80.66	48	114	43.87	104	98	18	68	47.19	59	136	72	143	139.18	148	22	122.31	15	104	32	87	97.6	135	33	89	22	107.71	42	137	63.14	26	61	114	57	110.46	1	5	138	78																																																																																																																																																																																														
105	103.36	1	85	78	36	115.88	88	92	133	1	7.57	78	5	105.42	68	21	24	107	56.33	85	134	67	79	23.81	57	50	14.03	71	122	107	44	45.99	41	133	34	73	66.3	21	92	12.58	116	107	147	132	12.91	108	42	61	109																																																																																																																																																																																														
124	108.47	73	93	138	42	36.62	24	99	7	139	7.84	92	105	7.97	124	45	135	143	33.91	7	140	90	66	70.72	80	32	76.92	110	102	48	26	67.94	149	58	66	96	40.13	93	92	65.84	130	45	46	26	37.21	85	78	132	110																																																																																																																																																																																														
124	11.97	111	126	97	39	76.26	66	16	130	7	3.34	38	31	66.78	113	137	110	97	80.57	119	41	41	66	82.47	101	23	112.09	128	112	148	96	91.66	128	51	106	148	68.26	44	35	34.9	121	55	103	74	60.38	144	17	53	57																																																																																																																																																																																														
114	137.98	33	138	87	50	88.47	128	138	101	79	144.3	118	114	116.03	22	111	118	127	65.87	130	37	133	147	31.8	149	123	57.59	59	132	90	2	44.47	109	47	77	77	67.73	77	121	119.93	82	146	106	59	17.07	12	129	116	143																																																																																																																																																																																														
13	61.45	2	4	56	88	72.08	86	129	15	137	50.86	120	123	37.34	42	111	3	68	116.78	138	82	146	125	82.98	14	65	74.97	89	115	25	56	32.73	88	145	124	33	109.56	124	24	27.94	136	69	124	31	45.55	144	24	124	64																																																																																																																																																																																														
18	54.84	4	56	132	150	43.75	40	74	137	2	113.84	45	63	2	89	99	92	150	19	5	119	127	149	83.44	66	126	49.66	92	33	53	132	59.01	19	86	19	115	95.56	62	106	81.07	41	131	61	76	88.71	34	105	9	57																																																																																																																																																																																														
57	84.39	55	122	133	80	110.14	10	56	61	71	90.46	64	145	145.85	89	53	76	70	142.85	35	146	114	83	53.24	109	22	84.54	19	27	148	96	51.31	1	76	30	44	31.93	76	44	109.65	121	143	133	140	83.48	111	78	127	59																																																																																																																																																																																														
13	97.79	72	41	67	142	70.67	17	145	140	71	10.1	46	129	47.26	144	141	128	132	58.47	1	85	90	80	6.61	3	91	81.7	118	102	36	119	52.04	104	109	75	32	71.27	9	45	79.19	32	108	3	25	9.9	94	99	74	53																																																																																																																																																																																														
100	61.8	93	71	147	105	140.29	128	92	140	32	8.69	60	7	44.76	71	119	136	47	73.63	71	44	35	136	8.97	136	75	125.02	89	39	98	75	131.28	65	2	142	144	89.45	70	19	57.28	59	114	103	79	50.84	38	85	53	149																																																																																																																																																																																														
130	9.1	103	66	95	19	139.39	53	26	137	150	35.55	5	109	53.34	107	49	23	43	96.4	138	4	100	78	75.92	31	13	92.34	98	103	24	54	122.29	144	65	87	123	65.24	137	140	82.11	109	105	81	45	129.19	55	62	26	109																																																																																																																																																																																														
117	85.19	148	126	58	69	105.71	101	111	134	133	95.25	73	11	79.01	49	83	41	73	55.12	84	99	30	136	99.52	126	74	142.08	59	142	119	56	7.36	34	12	91	86	26.8	119	124	127.25	119	54	139	55	105.81	11	129	130	115																																																																																																																																																																																														
75	88.81	88	2	105	120	132.28	34	14	62	123	58	7	129	86.9	2	150	71	66	122.87	62	70	90	108	53.45	137	49	43.52	60	11	1	143	15.16	7	98	54	11	51.33	131	107	123.29	60	112	137	48	10.33	44	134	27	2																																																																																																																																																																																														
97	79.72	114	59	104	89	82.62	38	90	40	105	91.54	65	123	95.26	27	8	8	27	49.13	82	116	108	25	44.48	7	26	115.34	120	122	117	28	37.31	39	58	62	103	131.31	24	38	45.1	105	61	143	34	88.08	29	118	17	49																																																																																																																																																																																														
146	120.43	81	15	136	115	7.19	48	100	77	117	145.82	88	68	108.5	35	59	72	69	13.03	68	68	125	24	101.12	95	66	111.58	68	42	25	100	89.78	91	137	19	71	146.15	8	32	148.93	112	46	126	31	69.92	129	150	14	55																																																																																																																																																																																														
40	140.5	116	43	97	145	85.6	97	136	74	4	36.19	146	48	119.06	4	114	80	133	105.53	142	46	113	5	99.87	103	48	125.1	20	64	4	19	44.11	133	132	51	65	96.57	95	70	65.63	40	7	72	20	102.05	37	122	114	19																																																																																																																																																																																														
102	58.08	69	11	108	115	60.28	101	139	53	20	40.41	27	86	118.18	48	128	39	35	146.64	1	81	99	63	116.76	63	22	72.11	60	84	145	32	46.83	82	25	6	35	22.48	44	44	136.43	127	33	15	132	73.79	98	66	7	11																																																																																																																																																																																														
109	117.8	110	115	41	150	55.41	44	47	68	73	95.6	106	147	87.47	74	63	73	122	61.03	57	23	75	16	30.18	34	69	84.11	60	40	103	134	143.41	98	108	61	72	90.46	44	36	67.69	51	6	15	117	99.98	117	54	57	35																																																																																																																																																																																														
81	117.24	87	32	52	47	19.39	85	44	81	55	70.91	105	104	123.79	64	114	40	12	91.9	49	9	95	65	19.59	75	69	118.31	66	3	32	19	100.73	37	29	76	111	11.23	139	77	95.27	59	39	138	59	54.41	34	101	119	32																																																																																																																																																																																														
77	88.61	47	75	150	121	129.88	15	68	101	46	127.69	3	14	112.22	56	120	138	79	61.79	58	143	72	57	105.29	118	115	18.85	111	98	95	80	149.61	48	98	107	49	29.37	95	55	76.25	102	147	139	81	64.18	58	96	75	55																																																																																																																																																																																														
88	114.33	90	12	19	138	51.85	25	24	90	146	113.96	115	53	29.82	85	73	140	50	54.69	48	116	93	21	7.64	15	122	21.98	144	24	7	103	133.18	26	53	35	3	104.93	85	128	119.22	38	144	116	101	124.43	75	98	132	41																																																																																																																																																																																														
128	108.67	67	17	119	34	14.98	116	56	98	107	93.64	109	108	105.14	118	47	116	42	92.24	46	67	70	112	148.87	55	91	121.53	47	112	124	63	56.79	68	113	133	133	56.48	149	123	139.91	106	145	63	34	22.95	91	132	73	25																																																																																																																																																																																														
11	63.04	51	150	123	119	14.35	16	71	27	147	12.21	34	42	141.15	104	43	48	149	70.82	124	40	1	91	1.56	12	52	123.55	57	93	83	5	56.7	53	130	63	111	71.92	96	130	18.08	5	99	6	57	8.77	84	73	6	37																																																																																																																																																																																														
39	95	6	28	100	5	20.88	116	49	75	128	121.07	29	115	23.53	118	22	31	94	108.44	146	61	96	23	120.89	46	105	32.93	101	91	116	129	64.55	72	93	100	5	137.68	109	53	91.76	15	102	114	31	12.54	27	92	138	2																																																																																																																																																																																														
126	53.02	2	22	40	147	43.56	67	100	55	80	40.02	35	146	23.55	131	57	17	96	33.99	119	144	145	138	9.21	79	129	78.92	60	146	39	22	12.15	71	74	79	33	9.44	100	148	68.07	53	122	137	41	31.67	40	77	3	50																																																																																																																																																																																														
143	95	85	147	66	65	72.89	60	84	50	49	58.25	107	6	120.11	68	89	35	39	53.9	36	50	43	25	13.85	8	124	132.6	101	40	17	81	140.91	47	48	90	32	56.88	80	52	149.79	53	79	25	11	70.6	100	105	67	103																																																																																																																																																																																														
62	40.64	60	87	6	39	7.21	10	129	94	144	90.86	91	139	33.11	24	79	146	141	51.46	20	27	116	125	101.69	119	82	29.87	72	141	56	89	43.94	98	62	117	139	75.57	57	68	135.95	7	144	94	26	95.88	92	37	71	140																																																																																																																																																																																														
126	137.32	15	108	104	57	58.56	24	25	50	134	135.98	121	117	5.06	61	44	15	104	66.73	102	147	146	14	37.88	93	24	93.8	108	116	79	47	93.72	112	32	132	86	94.73	140	66	122.49	1	10	101	135	102.69	61	116	148	47																																																																																																																																																																																														
143	62.72	81	129	42	102	83.95	121	61	112	11	14.21	52	7	101.53	108	77	103	91	14.15	134	22	61	39	62.07	73	77	120.18	65	18	74	34	46.36	52	23	16	9	31.28	43	125	111.6	142	14	107	39	95.03	115	95	104	1																																																																																																																																																																																														
63	5.8	18	107	129	110	45.22	143	14	28	49	37.47	67	82	90.37	67	30	59	146	66.67	141	108	9	23	57.97	142	111	9.8	85	131	3	136	81.25	123	132	133	54	94.24	126	131	74.4	116	122	97	56	40.63	111	137	146	114																																																																																																																																																																																														
38	114.64	29	61	121	131	10.36	122	9	60	87	80.66	73	134	113.63	58	43	114	132	145.98	65	23	68	34	59.79	59	89	132.81	113	84	83	57	138.58	132	99	84	94	94.62	120	145	17.3	132	33	57	135	18.49	117	119	18	148																																																																																																																																																																																														
34	40.21	16	105	77	143	138.31	32	14	62	149	124.84	76	75	138.75	89	29	52	46	30.59	69	23	16	9	109.91	128	3	20.83	8	6	33	26	132.33	20	11	26	114	19.45	2	10	12.95	60	150	67	92	78.37	145	44	136	7																																																																																																																																																																																														
89	1.55	88	128	88	69	73.31	28	8	112	2	25.82	118	100	24.83	109	149	131	95	65.89	24	36	47	13	46.19	111	94	37.48	135	78	112	68	44.84	128	12	100	125	41.57	49	74	101.52	18	51	52	130	138.92	94	92	37	142																																																																																																																																																																																														
122	83.83	21	6	52	11	9.33	30	77	16	84	85.23	4	52	123.28	138	90	33	138	33.17	59	123	107	90	116.28	25	104	24.35	21	34	39	136	58.29	137	15	95	52	27.61	31	8	50.41	145	31	148	59	67.05	139	4	99	137																																																																																																																																																																																														
49	104.34	115	74	118	27	108.62	113	113	121	119	83.77	125	24	136.02	9	135	13	83	31.81	110	135	86	59	23.72	38	81	92.87	145	95	74	89	64.95	129	88	138	100	28.5	51	87	138.83	130	129	142	124	98.92	124	5	46	20																																																																																																																																																																																														
2	126.2	63	90	50	30	16.26	131	136	34	52	33.32	110	108	134.26	47	94	21	96	141.82	143	126	109	50	13.96	35	129	56.84	2	34	1	107	129.22	7	138	133	32	74.62	29	73	35.35	41	76	107	92	43.49	111	74	125	24																																																																																																																																																																																														
91	133.85	3	98	7	40	122.98	119	37	128	103	83.29	4	134	131.83	29	121	138	148	103.81	17	97	3	121	113.44	41	89	2.97	33	51	30	25	52.27	27	32	120	52	145.01	74	79	87.31	26	11	125	43	55.55	39	27	82	58																																																																																																																																																																																														
49	63.83	11	47	6	78	77.39	133	16	1	101	71.28	14	122	10.13	49	143	31	123	77.24	67	55	74	6	138.12	8	129	67.45	108	140	138	1	43.95	67	131	17	62	86.01	31	20	8	12	19	24	68	76.25	107	50	130	20																																																																																																																																																																																														
90	7.92	138	96	124	142	113.02	127	14	136	29	30.37	136	2	114.62	4	126	78	93	145.97	107	30	30	48	8.31	1	106	110.22	18	141	60	28	99.33	131	60	19	73	146.92	1	64	91.19	134	81	57	86	10.49	16	23	92	139																																																																																																																																																																																														
70	118.22	88	82	38	107	12.29	109	28	50	98	14.2	4	109	126.85	47	6	113	2	55.98	27	44	148	135	140.01	89	99	99.84	124	131	101	74	1.68	129	135	116	59	28.36	87	15	83.28	88	101	16	56	86.35	81	17	139	84																																																																																																																																																																																														
75	106.06	66	50	43	49	82.9	93	115	83	144	90.78	48	91	21.18	138	58	9	106	9.87	146	94	72	110	72.21	86	116	79.62	40	6	139	40	117.45	142	125	21	104	21.74	22	74	118.39	97	29	56	107	122.7	18	110	34	80																																																																																																																																																																																														
66	25.54	2	74	82	103	72.99	71	72	45	37	17.2	75	96	88.55	75	24	122	76	56.67	60	11	137	61	134.01	86	47	38.14	102	117	21	84	122.43	14	43	41	22	2.86	10	89	41.8	5	111	44	53	67.89	147	32	10	44																																																																																																																																																																																														
120	21.61	149	55	128	110	142.66	96	101	80	47	115.94	8	145	105.6	134	72	126	49	35.37	135	149	38	58	121.84	103	66	75.99	24	99	126	68	44.9	91	52	51	16	55.41	30	87	110.82	71	6	28	74	60.94	105	91	13	68																																																																																																																																																																																														
13	141.89	87	145	62	136	26.68	28	98	148	55	91.37	30	149	87.49	17	5	57	74	91.15	36	83	85	62	115.29	31	107	136.41	1	23	122	111	69.44	115	68	80	66	120.52	132	111	77.45	85	140	141	137	47.67	14	29	81	61																																																																																																																																																																																														
45	127.04	88	124	133	2	29.5	138	58	82	8	137.43	101	19	14.83	54	41	58	80	127.64	139	140	33	144	70.35	80	128	132	57	91	17	38	127.73	100	31	11	104	20.95	60	3	15.71	138	35	68	16	74.28	38	28	121	139																																																																																																																																																																																														
85	54.42	103	116	31	140	32.17	47	46	78	78	44.67	15	29	79.24	48	99	140	68	118.71	122	110	54	50	113.88	147	8	20.19	63	85	10	6	70.77	147	146	104	64	30.2	115	30	147.94	69	46	112	139	133.63	75	29	45	127																																																																																																																																																																																														
136	148.48	18	58	28	137	136.76	28	81	97	115	143.74	113	66	100.29	28	116	34	110	84.46	35	150	87	99	126.38	7	48	89.49	58	64	68	143	143.11	65	143	71	93	71.87	115	45	78.78	134	111	105	123	6.23	131	82	11	105																																																																																																																																																																																														
74	130.3	21	46	124	86	116.82	138	122	79	6	136.85	60	109	61.72	116	90	133	37	90.76	26	23	94	32	48.56	38	60	28.98	111	87	103	92	65.09	32	75	108	30	46.39	67	68	16.98	43	43	124	113	2.21	11	121	129	141																																																																																																																																																																																														
114	133.97	52	15	71	73	1.71	3	17	89	127	9.66	92	109	89.28	98	98	136	22	6.77	57	90	101	86	32.71	76	74	9.74	54	112	128	101	112.19	142	116	24	148	74.19	100	63	5.94	139	90	76	32	139.15	71	58	122	88																																																																																																																																																																																														
11	119.95	69	107	125	113	141.87	29	78	137	111	140.43	19	48	106.21	62	72	31	93	3.05	113	9	96	113	19.25	126	54	128.49	93	27	98	84	31.46	58	3	49	15	141.07	61	115	39.85	8	140	136	35	44.28	137	116	5	23																																																																																																																																																																																														
38	129.77	39	15	98	130	54.36	37	98	68	137	28.2	111	20	4.04	66	9	108	134	35.27	98	56	10	120	9.99	69	4	6.98	38	103	92	28	140.7	15	29	60	78	137.54	107	119	149.89	110	108	56	102	16.41	66	15	76	117																																																																																																																																																																																														
46	36.64	140	27	99	96	12.3	129	129	23	87	104.38	107	92	30.86	138	52	128	39	104.46	2	110	25	61	37.84	124	139	75.36	99	58	59	68	69.93	114	60	68	57	144.26	91	48	23.72	106	4	6	126	147.19	136	134	133	107																																																																																																																																																																																														
115	38.73	55	43	131	106	110.27	141	93	144	40	143.97	70	118	45.77	35	116	19	30	87.8	32	6	113	86	142.03	54	7	75.6	45	17	41	91	53.67	150	68	15	146	85.3	28	37	49.26	91	93	66	142	100.86	137	24	110	105																																																																																																																																																																																														
113	69.48	51	28	147	5	131.69	37	47	32	126	85.51	48	19	1.79	79	59	29	71	18.84	30	33	58	34	13.12	8	22	4.21	58	84	114	123	120.81	58	62	108	124	97.48	20	88	64.85	120	105	131	21	73.62	111	79	29	123																																																																																																																																																																																														
59	136.02	15	106	63	39	148.44	75	11	95	103	61.57	80	10	55.55	76	139	100	142	109.03	74	2	98	147	1.22	55	137	41.19	128	67	29	130	68.53	32	64	57	71	115.33	80	103	15.46	68	70	96	39	56.53	109	23	141	30																																																																																																																																																																																														
37	27.48	59	94	26	90	138.87	127	110	88	116	147.69	139	141	148.54	36	140	127	98	3.23	32	145	14	14	149.91	80	66	42.91	119	93	31	99	105.47	98	114	8	95	71.93	95	53	125.45	114	130	118	82	83.87	88	22	39	103																																																																																																																																																																																														
53	135.53	119	65	97	106	25.83	45	147	50	110	85.96	94	94	127.21	68	63	141	8	74.91	53	55	34	78	68.25	81	41	3.89	37	61	31	146	139.92	144	72	110	37	58.48	45	85	72.57	74	30	130	114	78.71	37	58	64	40																																																																																																																																																																																														
134	122.66	123	122	10	107	25.66	122	88	149	144	61.75	17	105	62.12	14	63	14	109	83.77	9	34	62	137	4.15	121	89	17.17	79	129	55	18	23.01	110	64	117	111	75	105	71	73.23	33	8	91	142	132.25	23	15	18	50																																																																																																																																																																																														
48	45.85	103	114	49	147	50.21	116	149	3	92	84.9	51	138	74.16	9	78	20	99	98.27	36	112	90	103	54.89	53	137	112.34	46	107	25	63	20.15	79	17	38	18	54.22	84	26	75.14	91	6	51	16	3.26	150	31	114	17																																																																																																																																																																																														
6	55.34	61	146	54	64	112.93	43	66	66	46	104.02	39	7	71.29	73	10	115	50	139.39	121	36	16	134	145.07	119	121	40.08	57	67	37	126	51.9	4	141	36	28	42.58	78	71	132.51	108	122	71	57	119.74	119	122	50	135																																																																																																																																																																																														
90	100.02	16	66	5	75	67.59	139	56	108	68	34.36	15	24	115.06	85	68	150	44	57.65	141	112	106	51	68.96	45	47	30.2	58	110	60	124	149.43	25	53	55	123	107.19	35	10	59.47	66	79	149	141	114.14	78	130	51	86																																																																																																																																																																																														
117	107.43	71	54	30	98	83.61	95	140	97	104	5.46	136	134	26.7	55	150	101	148	86.99	96	35	9	130	119.44	23	135	104.25	21	130	19	98	51.8	124	23	149	108	139.33	136	5	33.36	108	29	149	121	74.74	131	24	91	72																																																																																																																																																																																														
128	86.66	24	75	68	18	15.39	96	78	81	110	62.12	139	97	132.38	75	80	130	96	4.48	70	76	35	76	104.44	133	48	103.84	144	55	125	13	122.64	17	101	8	62	126.09	11	47	31.98	145	105	53	45	75.71	77	6	121	60																																																																																																																																																																																														
12	117.37	133	77	100	82	144.78	130	64	122	133	96.62	128	49	138.05	82	139	97	142	15.28	42	41	106	46	69.3	56	99	123.49	112	130	77	104	32.83	1	2	113	74	138.65	90	26	87.41	56	60	60	58	31.99	89	61	16	112																																																																																																																																																																																														
72	101.25	108	78	51	133	117.11	120	107	28	13	144.73	24	136	78.75	124	49	93	77	101.16	145	149	124	70	78.76	150	137	104.14	45	114	141	75	134.48	136	64	41	88	90.81	68	7	86.38	106	140	98	57	63.22	22	16	18	99																																																																																																																																																																																														
28	36.33	24	30	101	56	125.52	52	1	80	41	114.37	19	80	47.03	138	118	61	120	54.77	74	34	38	147	83.15	63	106	31.05	87	57	60	8	109.63	94	69	86	88	43.9	16	120	20.88	16	105	112	42	69.1	65	149	112	59																																																																																																																																																																																														
90	62.05	56	149	87	101	132.05	9	53	35	141	91.51	140	90	10.25	102	57	146	39	127.61	46	71	144	91	144.61	120	92	71.3	93	109	119	149	135.33	41	92	124	1	28.09	68	110	11.17	85	124	66	101	25.47	12	118	76	62																																																																																																																																																																																														
136	59.09	17	136	120	7	143.15	113	60	52	64	142.04	24	117	53.99	51	56	116	128	22.45	19	106	32	101	149.63	105	143	39.53	58	4	48	19	146.62	123	76	45	142	2.1	6	136	34.07	49	3	57	102	147.56	87	48	108	144																																																																																																																																																																																														
99	106.6	37	68	108	35	18.44	68	27	139	35	2.03	145	149	21.7	77	71	51	58	16.51	123	79	17	15	55.44	94	109	20.66	53	108	54	147	73.04	50	108	133	107	78.13	117	26	73.88	58	29	24	40	32.99	34	147	84	132																																																																																																																																																																																														
101	20.66	99	104	72	66	55.68	32	73	113	107	19.58	65	124	23.19	100	19	45	77	104.62	71	12	62	85	127.05	57	126	45.55	52	55	148	54	8.59	93	126	128	93	67.48	13	49	86	80	43	134	27	54.51	75	88	108	95																																																																																																																																																																																														
124	132.05	25	50	100	40	2.36	115	8	95	94	86.63	83	70	146.29	138	49	145	50	83.38	121	55	103	10	62.62	11	119	26.48	138	62	72	135	48.79	137	76	12	91	135.85	118	79	27.82	123	121	64	32	129.36	71	84	132	1																																																																																																																																																																																														
32	10.61	107	54	64	43	89.64	103	96	45	53	143.46	90	103	65.23	40	63	121	114	84.46	44	25	28	11	115.19	2	125	92.01	107	76	149	133	48.3	59	17	126	131	49.72	63	52	53.54	64	19	72	127	125.7	12	144	11	95																																																																																																																																																																																														
10	32.76	95	38	35	146	110.55	21	45	18	110	11.62	64	29	125.42	24	57	64	106	16.92	23	148	140	23	20.78	3	146	57.81	50	2	4	141	18.26	100	27	84	72	27.73	80	28	19.89	5	83	77	149	41.9	132	105	100	57																																																																																																																																																																																														
9	105.23	150	79	139	110	139.73	48	123	23	38	122.45	117	80	68.75	4	58	34	55	145.76	32	15	23	51	57.77	44	131	76.91	83	34	13	63	85.95	23	66	26	2	81.36	14	69	89.53	147	107	55	79	128.85	20	24	106	103																																																																																																																																																																																														
29	41.98	61	109	36	81	114.15	83	58	125	23	114.54	127	127	26.14	126	16	111	16	103.85	28	19	43	88	63.22	109	112	114.05	143	17	42	21	139.55	29	138	126	124	107.81	104	66	125.37	136	43	106	52	105.53	75	125	44	72																																																																																																																																																																																														
57	142.3	103	16	39	120	16.38	95	20	56	125	6.9	82	8	56.81	138	38	110	125	16.27	25	91	14	129	76.57	65	101	4.21	51	6	144	13	139.06	32	58	120	23	76.79	79	28	63.23	70	24	42	39	31.98	67	103	21	63																																																																																																																																																																																														
118	51.13	40	90	23	77	96.08	86	98	81	27	6.99	74	51	22.98	106	20	75	146	78.8	143	29	97	78	40.6	87	35	100.71	96	4	64	139	142.52	111	39	61	10	104.16	45	32	34.26	98	133	145	129	42.7	124	2	84	32																																																																																																																																																																																														
133	97.35	67	23	110	45	11.22	19	64	126	11	5.77	44	44	63.41	69	138	63	87	64.66	29	29	32	113	129.07	17	142	26.88	18	115	16	93	84.15	99	6	121	145	134.29	129	59	119.35	143	21	5	100	61.9	47	5	55	141																																																																																																																																																																																														
3	101.26	87	81	86	119	120.36	76	29	129	19	148.62	117	8	55.58	144	50	147	37	12.32	143	97	121	10	94.48	55	133	124.63	108	57	69	147	13.85	80	124	69	111	109.71	113	121	143.91	39	5	92	72	81.44	34	104	129	21																																																																																																																																																																																														
102	59.19	91	109	49	146	39.35	94	98	19	141	26.22	28	121	27.61	119	131	145	122	146.8	101	52	63	54	108.18	16	94	85.97	21	100	33	149	48.21	95	56	6	140	15.03	34	28	1.74	69	17	92	77	126.79	143	110	141	51																																																																																																																																																																																														
52	40.63	7	150	57	89	76.26	57	8	131	62	26.64	41	114	57.81	86	75	96	120	77.9	125	20	140	27	86.7	141	25	123.58	49	62	142	144	116.11	53	148	138	67	90.95	50	116	26.95	22	126	24	100	133.96	123	77	33	99																																																																																																																																																																																														
41	99.35	113	56	106	86	9.75	75	122	26	34	81.99	129	99	109.66	128	109	62	136	84.89	42	66	43	80	73.3	120	71	73.5	106	146	30	96	131.84	110	99	103	143	131.35	60	45	149.01	135	127	134	18	11.48	130	132	139	69																																																																																																																																																																																														
30	142.05	95	47	93	39	83.16	149	60	80	2	72.13	43	77	117.66	16	99	86	75	62.72	106	69	22	147	38.62	40	63	92.72	73	93	41	121	102.06	140	129	130	130	124.81	70	20	78.9	106	54	53	38	6.77	104	8	58	77																																																																																																																																																																																														
149	128.27	95	106	143	35	76.51	82	95	52	5	16.07	82	148	117.91	136	108	34	36	83.71	137	82	89	43	109.83	120	143	116.4	32	12	107	45	6.24	11	136	114	40	29.23	90	79	109.11	89	8	103	20	51.9	31	95	52	136																																																																																																																																																																																														
30	136.97	50	68	144	60	11.46	13	121	24	111	28.1	40	58	42.77	8	63	76	102	139.47	87	111	116	70	115.56	105	144	46.67	37	128	92	10	128.3	71	59	72	116	29.63	149	67	34.46	23	138	72	115	114.05	59	104	10	56																																																																																																																																																																																														
61	99.34	115	90	117	62	133.21	75	75	33	47	135.18	59	100	65.2	80	149	93	128	24.41	17	99	85	109	56.44	38	138	61.74	9	120	59	131	53.11	26	131	150	15	14.77	44	21	82	82	3	25	40	64.5	104	48	105	7																																																																																																																																																																																														
123	29.71	21	101	55	119	69.08	43	146	41	144	15.4	114	38	105.39	104	65	84	49	136.99	123	77	109	82	122.79	60	44	10.74	62	76	136	115	72.83	71	34	127	97	126.74	23	86	113.64	132	47	137	123	39.04	22	33	124	116																																																																																																																																																																																														
70	35.76	91	106	71	103	57.06	91	14	56	66	20.74	22	57	82.52	28	45	29	77	52.28	53	47	115	22	119.48	132	92	25.4	37	136	119	119	115.4	28	69	11	89	128.36	44	97	83.87	109	79	81	91	97.91	65	146	104	4																																																																																																																																																																																														
101	84.38	78	140	27	45	113.73	134	107	108	72	22.52	147	31	87.59	130	128	36	26	113.36	148	34	149	79	121.23	24	4	63.58	107	88	72	4	74.93	4	46	118	25	142.49	124	127	106.16	15	61	33	98	128.2	46	23	15	118																																																																																																																																																																																														
34	23.27	84	140	79	69	46.69	29	42	69	17	16.42	127	97	106.59	101	48	111	84	128.75	104	149	44	50	84.68	145	116	64.89	134	26	88	84	52.87	62	18	15	52	83.92	90	48	58.8	27	14	149	141	75.9	30	126	49	98																																																																																																																																																																																														
136	79.85	1	44	6	2	100.73	35	86	59	69	69.95	116	91	103.28	10	114	135	88	42.62	67	56	52	78	13.31	71	125	24.77	134	132	21	5	28.36	147	33	29	7	144.76	82	147	86.64	77	40	136	4	54.69	128	65	35	57																																																																																																																																																																																														
41	45.18	52	9	118	115	111	56	70	58	142	77.08	113	25	73.62	34	121	113	108	37.03	92	66	114	100	29.34	85	130	133.88	40	121	3	111	142.71	26	124	73	128	7.34	149	135	7.8	94	41	98	45	18.3	107	122	11	49																																																																																																																																																																																														
58	32.39	65	51	139	43	115.06	67	104	41	144	75.37	101	125	12.47	133	46	43	72	109.86	144	134	56	102	114.73	127	39	42.95	53	90	59	51	108.23	7	58	85	76	6.77	13	15	103.55	118	7	114	76	114.68	50	61	73	88																																																																																																																																																																																														
73	149.82	129	21	54	148	138.2	93	150	108	128	22.88	50	76	24.42	104	120	124	129	70.73	49	131	89	88	17.63	91	108	53.97	82	122	116	140	126.35	145	83	21	83	134.19	137	33	138.3	53	74	1	72	36.99	99	100	102	110																																																																																																																																																																																														
80	91.45	146	36	100	29	137.64	18	57	150	13	10.35	67	66	29.99	2	65	135	50	121.47	95	140	51	27	131.94	60	145	4.62	116	75	102	42	137.78	112	22	4	2	136.48	125	92	26.73	54	85	59	136	108.76	40	45	3	94																																																																																																																																																																																														
127	85.79	44	69	8	118	47.8	102	7	45	49	115.92	142	33	6.11	123	43	146	27	103	111	1	147	129	137.59	89	56	91.59	143	121	105	121	110.6	130	149	54	28	4.96	78	131	26.8	32	22	113	2	136.4	73	110	44	139																																																																																																																																																																																														
34	144.54	138	102	53	17	24.98	142	30	95	85	26.95	106	50	102.64	22	82	23	17	18.49	47	95	148	3	53.07	98	102	1.54	37	145	43	112	28.38	147	105	143	36	22.78	58	34	33.3	17	146	141	25	36.7	111	8	104	101																																																																																																																																																																																														
41	28.32	116	79	140	26	96.64	128	88	114	83	36.29	107	131	66.26	129	122	90	69	54.51	149	141	35	18	4.53	82	148	19.44	94	51	80	143	92.93	8	50	29	86	98.33	65	48	103.7	40	92	59	58	145.4	84	38	12	79																																																																																																																																																																																														
147	27.04	41	23	136	32	51.35	94	76	106	93	44.86	99	54	14.04	56	106	43	81	71.37	19	79	13	59	133	115	8	38.13	7	149	108	43	41.38	113	2	6	129	27.29	102	70	53.98	128	52	134	35	24.56	6	122	125	4																																																																																																																																																																																														
14	81.75	80	96	150	62	87.09	89	113	35	40	97.03	36	47	10.92	147	79	90	73	90.22	86	6	34	145	11.33	37	83	75.44	36	25	104	137	112.28	59	125	54	148	82.86	142	133	140.24	97	82	6	85	36.21	70	44	112	115																																																																																																																																																																																														
130	94.67	24	144	30	28	7.86	149	4	96	103	67.44	46	34	63.1	47	121	72	146	137.56	131	97	117	129	144.29	89	46	20.83	21	79	105	33	94.08	65	80	137	19	75.99	53	97	59.27	82	121	117	75	19.37	19	83	88	42																																																																																																																																																																																														
47	76.22	69	21	109	52	118.19	25	29	87	7	32.58	68	38	48.34	27	55	98	123	72.69	14	58	137	8	133.09	101	106	90.96	124	94	84	85	28.62	82	3	123	132	40.63	89	50	76	57	37	118	108	17.9	123	44	123	143																																																																																																																																																																																														
41	73.9	139	8	62	102	3.99	124	4	123	28	133.66	99	105	33.69	57	50	136	106	51.66	37	68	71	73	37.31	131	18	14.48	115	124	75	43	105.62	38	51	19	36	85.09	71	29	17.82	146	50	5	18	17.94	129	59	144	31																																																																																																																																																																																														
73	114.2	104	98	108	19	126.05	41	146	1	119	104.39	85	23	76.15	131	17	57	47	126.67	27	117	144	105	83.49	89	8	27.29	129	50	26	106	58.57	9	139	130	54	94.74	138	7	41.56	57	25	52	48	104.31	6	69	112	35																																																																																																																																																																																														
102	116.9	36	135	11	134	40.49	29	64	13	85	58.34	147	79	130.28	137	8	141	57	104.81	65	54	74	116	84.54	15	143	136.97	99	95	28	102	31.51	112	8	52	90	111	143	9	24.78	108	107	122	19	9.46	35	59	107	92																																																																																																																																																																																														
53	74.78	33	147	18	16	103.1	93	131	126	77	59.17	11	20	83.52	92	10	84	96	31.87	66	57	37	37	115.02	15	103	45.98	121	53	55	116	74.22	133	131	62	7	101.89	129	69	61.61	98	78	70	17	52.71	130	134	33	67																																																																																																																																																																																														
55	49.01	71	114	134	26	114.71	96	47	144	97	60.84	119	17	30.83	44	69	3	141	96.6	42	127	112	121	125.76	28	28	28.14	27	33	73	113	133.57	107	144	122	66	122.34	148	60	84.76	87	102	99	26	78.39	38	132	92	11																																																																																																																																																																																														
4	112.85	103	56	10	115	13.26	11	109	130	144	109.33	81	51	31.47	102	129	8	76	103.31	97	112	86	123	48.69	69	112	58.39	16	89	121	6	1.18	89	146	32	44	55.84	116	103	117.93	93	3	56	49	43.25	68	79	69	127																																																																																																																																																																																														
150	23.34	59	55	53	95	7.9	33	42	7	125	70.67	10	9	117.58	29	28	62	19	141.84	35	19	125	125	121.12	120	15	25.65	85	131	11	142	82.01	29	139	54	39	134.16	128	117	80.24	62	52	80	47	51.41	84	19	84	69	112	45	133	91.63	49	80	149	94	108.02	62	83	122	130	68.56	135	143	4	55	114.43	72	149	4	122	140.81	10	82	1	110	98.11	83	130	110	109	20.2	57	139	27	122	48.93	137	145	31	78	18.31	8	142	7	96	28.34	113	23	30	78	65.56	130	100	72	66	107.5	53	99	51	15	110.12	148	60	98	132	69.42	32	144	41	136	19.9	150	41	69	68	69.38	132	21	61	145	36.96	150	133	69	77	4.94	150	127	47	45	99.33	51	139	136	13	82.76	80	99	150	111	92.12	41	54	130	78	32.48	64	79	12	119	1.25	5	115	95	30	3.5	24	134	150	105	106.05	44	22	4	112	118.59	29	79	114	68	35.39	39	64	26	45	87.48	9	56	7	105	22	50	74	72	40	67.81	39	74	143	85	13.81	93	109	106	96	3.31	49	83	59	34	74.09	104	104	41	35	43.16	33	147	54	68	133.37	130	22	71	115	30.05	105	111	89	147	130.6	125	128	86	86	133.8	85
