50 240
55	94.64	13	68	68	66	94.14	104	32	115	74	42.98	86	43	35.83	73	54	146	97	27.33	30	139	39	23	135.18	141	20	3.45	86	65	67	104	114.64	104	53	141	19	141.07	111	3	103.31	31	114	129	45	92.23	21	72	51	10																																																																																																																																																																																														
59	147.91	92	47	117	46	25.62	58	92	5	21	61.12	37	39	115.89	44	57	74	91	89.06	42	19	23	23	60.48	102	85	116.44	119	97	96	94	50.88	26	73	27	143	34.43	56	27	101.08	38	89	56	100	70.31	72	103	47	94																																																																																																																																																																																														
107	133.8	137	107	106	108	123.2	21	97	110	93	89.78	16	76	122.2	141	96	84	117	140.99	56	1	108	103	68.8	105	112	52.04	13	14	143	41	84.68	97	66	34	106	8.96	64	31	43.04	2	123	132	114	25.99	76	124	95	44																																																																																																																																																																																														
59	121.23	29	42	135	94	25.3	20	101	100	125	19.28	93	131	48	107	25	63	121	81.81	4	90	146	23	85.03	57	30	116.41	70	81	122	107	147.19	65	101	143	16	109.61	103	96	129.97	49	98	52	83	25.8	32	11	39	149																																																																																																																																																																																														
17	43.59	33	55	77	117	141.41	33	135	131	63	34.77	109	80	46.12	132	85	84	118	11.32	13	4	130	48	30.61	90	25	50.83	63	132	60	58	106.82	79	146	65	147	94.81	57	124	62.26	3	96	122	48	145.73	115	107	125	20																																																																																																																																																																																														
19	54.4	113	42	125	140	135.66	41	110	143	84	83.03	83	53	49.64	127	79	89	146	95.21	113	95	69	73	37.83	40	17	56.96	42	81	105	62	97.45	73	124	53	73	118.43	134	49	139.25	33	88	24	103	97.67	1	140	49	96																																																																																																																																																																																														
109	24.43	9	53	126	18	129.53	74	94	27	143	27.11	145	84	118.11	72	37	136	120	131.15	69	35	131	49	96.12	114	39	125.76	68	15	3	119	44.09	149	119	56	98	113.18	40	89	7.15	76	60	70	118	36.12	53	86	105	128																																																																																																																																																																																														
135	121.01	105	4	104	82	46.13	124	44	35	101	32.62	96	95	17.93	25	26	97	4	70.72	71	130	113	65	15.16	71	51	79.97	140	6	130	114	127.23	66	52	113	116	47.05	114	91	129.57	112	45	127	31	140.95	8	90	108	103																																																																																																																																																																																														
94	141.6	120	144	106	65	137.83	74	60	144	21	114.31	148	73	137.32	122	31	139	130	73.9	74	18	11	109	134.66	82	136	90.95	7	79	3	56	51.8	127	128	97	60	115.99	43	112	79.4	69	8	55	44	15.71	38	68	44	45																																																																																																																																																																																														
138	109.23	31	20	23	6	18.91	46	48	99	41	20.97	50	131	45.9	99	133	45	59	146.84	38	6	133	52	48.07	105	93	62.51	55	110	59	117	18.94	106	87	89	13	82.16	55	105	8.64	16	112	118	85	142.54	70	81	30	75																																																																																																																																																																																														
26	135.46	24	74	1	80	54.75	53	118	68	10	26	137	62	24.24	88	44	28	124	135.97	55	89	49	31	120.09	67	50	119.79	131	5	139	54	41.29	150	20	38	142	22.98	124	25	90.85	91	2	84	40	117.92	116	119	136	136																																																																																																																																																																																														
8	114.05	140	64	125	77	149.55	25	61	137	98	130.2	138	149	60.3	65	71	143	138	37.8	63	145	23	72	117.6	65	104	149.08	74	140	107	14	30.52	149	31	84	39	128.77	55	115	46.49	35	14	6	92	16.33	5	128	132	135																																																																																																																																																																																														
42	46.07	68	90	45	112	8.03	43	70	128	52	145.46	71	69	40.05	120	67	96	25	119.32	97	14	137	78	5.24	99	139	2.47	99	19	121	21	103.9	142	16	65	112	37.35	69	6	93.98	129	89	4	65	36.39	131	54	127	133																																																																																																																																																																																														
3	105.6	41	30	140	25	19.69	8	38	138	14	90.19	29	62	32.01	125	72	16	13	60.94	77	130	77	31	117.09	28	125	23.28	122	15	148	70	15.92	105	56	99	79	95.97	80	15	109.66	143	40	13	87	40.79	15	3	97	10																																																																																																																																																																																														
52	95.23	42	12	11	131	94.61	11	37	14	45	28.95	24	120	23.86	93	77	71	68	29.49	127	50	28	120	133.2	91	23	37.1	11	110	71	8	16.4	125	25	40	21	94.63	102	137	121.6	103	57	103	20	113.76	21	57	85	56																																																																																																																																																																																														
77	27.67	77	140	13	7	130.34	103	73	82	24	103.01	5	48	32.55	84	120	34	63	4.74	84	77	116	74	127.94	5	111	146.16	43	43	36	119	118.27	81	19	23	47	87.73	45	65	25.82	125	53	57	4	99.18	132	108	134	117																																																																																																																																																																																														
39	118.89	123	117	23	40	4.2	37	23	56	35	143.34	126	45	25.65	54	53	112	81	109.43	87	48	125	3	23.73	133	100	108.31	60	65	122	51	62.38	104	109	99	43	134.4	63	66	106.84	102	113	8	136	137.84	116	106	105	63																																																																																																																																																																																														
25	47.56	53	106	24	53	140.41	61	135	52	14	66.68	102	29	148.52	10	147	12	132	87.19	58	143	33	89	141.39	54	127	56.44	14	108	133	70	126.78	120	70	54	147	22.83	143	28	84.23	111	21	27	138	139.2	48	149	7	129																																																																																																																																																																																														
83	146.92	113	110	12	103	135.44	8	74	112	85	143.71	115	103	48.76	87	49	3	91	89.72	17	108	122	6	39.41	109	117	106.13	45	147	150	124	67.2	11	128	27	93	24.03	40	133	73.99	114	33	77	59	1.37	30	146	57	124																																																																																																																																																																																														
99	27.41	135	66	37	28	71.49	139	71	67	36	140.4	96	55	124.29	23	138	10	18	68.08	114	18	54	144	24.76	116	120	15.91	111	104	127	136	63.87	26	80	64	29	27.3	112	15	11.89	103	14	61	17	6.72	82	99	108	13																																																																																																																																																																																														
40	149.5	106	135	110	92	3.41	130	77	80	33	46.52	98	104	117.8	38	98	21	24	73.61	82	126	84	138	41.04	139	101	128.02	4	91	126	138	112.83	97	65	2	66	33.11	148	63	91.23	57	104	142	32	59.29	97	145	53	70																																																																																																																																																																																														
127	18.33	100	21	94	13	117.42	47	121	9	38	61.85	25	140	100.58	67	118	21	36	137.16	92	136	133	120	137.24	3	34	86.2	20	134	140	70	43.12	92	17	111	124	17.87	83	140	27.09	35	41	3	93	44.96	18	5	74	149																																																																																																																																																																																														
132	142.33	13	103	150	26	79.9	51	58	9	17	60.74	13	81	5.07	148	73	2	101	107.41	146	22	12	102	10.46	103	62	19.36	19	18	92	39	136.03	85	58	56	86	116.38	1	85	102.9	6	58	29	114	138.15	29	100	81	11																																																																																																																																																																																														
52	82.6	119	116	70	105	3.56	41	120	127	84	2.72	54	43	103.12	50	75	83	135	47.74	146	41	95	11	48.02	139	87	138.08	74	124	5	43	16.67	23	145	78	31	110.44	36	137	131.55	94	146	38	56	40.85	116	40	14	27																																																																																																																																																																																														
123	89.49	45	133	15	45	124.27	64	47	76	137	84.73	16	46	148.43	128	64	37	29	141.1	110	99	98	3	10.51	115	114	13.55	107	89	81	66	143.52	119	107	19	96	19.18	93	31	34.53	138	22	71	90	115.59	115	44	75	132																																																																																																																																																																																														
15	103.1	139	110	140	91	92.43	55	56	110	81	34.84	138	15	58.02	132	133	136	22	134.11	31	110	147	49	34.47	129	141	116.89	23	38	83	128	50.23	127	38	103	72	148.74	36	89	51.13	78	62	77	139	77.33	105	140	75	77																																																																																																																																																																																														
99	78.08	21	8	57	67	57.71	125	139	60	94	144.53	105	39	47.78	35	140	25	107	126.51	64	127	54	14	21.04	84	46	29.63	12	35	128	4	147.81	89	21	94	78	30.71	112	98	41.68	4	91	110	46	63.98	93	130	30	22																																																																																																																																																																																														
19	125.8	14	12	5	64	45.64	36	48	72	64	16.26	29	80	145.88	59	74	112	121	1.26	38	132	36	142	15.92	43	149	21.73	35	123	93	83	66.56	145	5	146	50	37.29	94	7	104.76	32	100	80	104	112.56	100	6	45	57																																																																																																																																																																																														
116	14.72	27	6	53	82	16.81	16	17	124	140	126.1	128	73	120.93	82	71	63	49	121.14	56	73	137	85	132.72	49	55	13.12	110	115	79	113	94.54	82	100	145	121	144	22	31	45.39	138	99	138	2	62.7	22	122	8	124																																																																																																																																																																																														
97	130.53	44	137	18	89	50.85	11	148	121	121	15.29	59	2	73.84	37	127	91	18	132.87	85	140	33	79	29.56	111	103	35.31	24	15	30	148	112.79	9	134	95	96	41.63	1	40	65.73	31	105	65	37	30.91	22	6	149	74																																																																																																																																																																																														
19	80.43	69	74	76	101	104.38	140	123	14	54	149.8	111	83	147.02	113	76	130	58	118.86	95	22	57	24	71.73	148	101	109.33	92	60	5	6	24.44	4	133	5	82	89.38	129	138	77.92	12	29	78	57	109.01	140	64	98	130																																																																																																																																																																																														
41	20.06	82	16	18	44	54.49	145	14	83	2	63.27	132	77	30.85	105	87	109	83	72.18	137	141	150	69	122.24	47	72	25.38	117	67	144	117	8.04	17	43	121	32	38.8	150	146	127.16	111	55	19	106	139.07	82	38	78	5																																																																																																																																																																																														
77	60.16	150	62	110	92	100.02	123	62	128	38	125.29	67	81	140.19	40	71	55	52	27.86	140	94	49	146	113.08	107	92	40.23	96	73	129	137	77.88	142	14	42	144	147.42	113	75	145.75	120	90	94	139	1.89	15	123	43	80																																																																																																																																																																																														
87	122.56	143	85	48	5	48.16	63	129	87	7	64.78	105	139	136.66	55	141	122	92	25.36	15	91	32	121	124.65	46	65	145.73	40	148	68	24	48.71	86	12	147	86	75.01	87	110	149.65	82	41	70	80	69.74	27	15	23	95																																																																																																																																																																																														
71	20.16	48	141	77	68	14	67	137	32	94	6.55	66	40	36.32	111	139	16	8	123.18	19	116	137	149	75.42	28	5	44.59	124	25	73	59	73.07	24	47	129	107	11.61	72	141	14.04	78	136	36	110	65.01	136	101	19	112																																																																																																																																																																																														
29	72.48	90	88	135	102	47.42	56	55	56	98	16.37	85	65	53.91	113	128	108	123	98.46	35	85	10	47	60.28	11	28	148.91	96	53	107	114	98.75	62	3	22	119	23.58	142	147	94.39	71	144	138	95	50.4	25	13	10	57																																																																																																																																																																																														
14	79.48	90	90	33	24	143.17	85	135	89	146	82.4	119	43	90.47	15	47	79	6	58.88	30	24	35	10	35.54	46	94	69.67	9	145	16	109	47.19	78	10	24	126	70.88	34	128	80.09	73	137	103	114	37.73	71	123	87	79																																																																																																																																																																																														
36	126.58	109	69	129	22	52.59	53	30	81	69	132.64	147	58	79.78	4	104	115	36	67.5	122	106	98	106	22.03	84	8	20.92	22	54	56	128	73.15	48	23	142	141	13.79	58	38	118.57	11	140	66	56	71.85	97	33	15	34																																																																																																																																																																																														
21	27.32	120	92	111	41	24.36	91	148	96	43	95.1	128	143	90.02	119	147	88	64	116.37	99	53	150	82	32.86	19	11	41.29	36	118	81	103	91.57	150	12	123	126	110.34	138	93	118.81	85	31	43	122	97.85	35	75	112	26																																																																																																																																																																																														
65	13.23	105	7	23	29	21.83	90	61	79	146	63.42	28	4	4.51	109	16	50	54	97.43	133	85	59	94	8.13	62	104	49.73	95	112	122	87	122.46	58	16	141	67	146.23	60	133	35.69	14	93	115	20	74.6	34	50	95	104																																																																																																																																																																																														
82	34.08	25	143	147	40	100.38	133	137	9	74	6.21	37	38	105.72	115	3	74	16	118.03	73	133	33	39	110.02	43	21	76.03	126	98	135	93	148.64	57	131	25	98	72.45	144	70	83.67	24	25	6	132	119.52	17	128	56	36																																																																																																																																																																																														
29	87.81	86	98	123	110	17.44	120	41	15	120	64.56	53	127	50.3	132	83	93	78	53.62	79	39	91	126	102.73	89	37	6.71	111	3	72	73	95.37	150	42	42	48	44.19	112	92	130.11	94	47	51	137	85.35	150	44	32	34																																																																																																																																																																																														
55	52.1	121	25	127	63	107.54	64	88	57	116	74.41	130	2	100.38	138	109	11	68	144.75	66	99	99	132	137.31	86	22	44.09	69	33	143	43	144.27	114	31	17	137	86.45	115	23	9.26	127	109	46	90	148.35	45	46	84	92																																																																																																																																																																																														
65	82.86	80	145	53	115	106.02	12	57	77	6	105.02	4	42	132.61	147	70	41	120	75.09	57	148	150	55	126.89	150	118	134.59	121	1	33	81	120.32	68	52	108	99	39.35	78	32	131.21	120	89	4	58	144.46	54	11	82	134																																																																																																																																																																																														
115	128.42	65	46	129	81	108.57	139	11	37	98	38.69	5	117	30.71	141	83	41	26	69.84	71	5	117	48	148.67	66	45	82.9	26	114	104	108	133.08	73	52	149	71	74.79	81	145	98.23	135	91	128	28	141.38	12	31	73	134																																																																																																																																																																																														
141	90.47	150	17	114	129	109.47	147	114	61	107	51.46	89	80	13.3	14	5	10	69	30.2	27	6	123	129	3.18	89	63	95.99	70	137	124	82	69.42	19	127	111	138	32.8	80	107	43.62	28	54	129	65	84.71	2	53	37	142																																																																																																																																																																																														
100	127.91	36	67	15	84	33.74	34	111	93	69	12.89	89	61	30.03	129	34	114	136	65.04	90	148	135	145	142.84	37	123	102.89	25	68	62	114	89.42	67	13	104	141	120.76	115	79	56.99	5	140	141	16	114.94	24	66	83	146																																																																																																																																																																																														
100	103.79	16	123	45	56	147.73	121	30	102	42	122.78	114	76	144.11	135	1	28	68	135.4	134	14	66	118	12.81	48	81	21.23	16	112	101	82	106.09	129	17	87	46	51.3	130	149	131.02	40	52	70	103	100.6	80	148	88	86																																																																																																																																																																																														
63	23.08	47	91	68	145	91.08	112	124	55	100	58.45	9	72	45.95	139	103	3	130	94.92	6	89	76	143	93.49	39	105	135.54	1	28	70	35	86.44	27	14	38	112	115.87	94	143	7.8	25	112	99	5	47.81	135	19	67	20																																																																																																																																																																																														
138	62.19	83	93	131	132	1.31	134	84	77	90	90.08	109	77	15.68	32	38	102	29	14.26	132	81	13	50	27.83	15	9	97.89	84	20	49	118	80.48	1	5	107	117	8.38	41	95	146.29	76	65	101	103	109.06	70	133	26	114																																																																																																																																																																																														
68	47.16	101	61	59	52	82.33	101	129	36	38	132.95	74	120	104.82	44	66	48	124	144.26	79	52	4	97	12.7	124	25	5.66	142	60	4	63	132.46	140	68	78	77	58.69	75	31	80.78	150	38	84	112	7.86	136	13	62	120																																																																																																																																																																																														
105	81.71	18	64	144	34	29.28	146	40	132	13	114.58	43	105	53.24	15	25	46	40	3.11	79	83	33	141	24.49	107	80	126.89	3	131	112	123	41.75	20	89	138	26	91.57	50	135	39.24	96	127	134	25	98.08	148	105	12	148																																																																																																																																																																																														
69	50.66	145	139	94	124	113.89	40	80	68	15	86.28	142	100	78.26	13	49	83	30	59.17	143	24	103	70	115.89	111	49	35.1	105	19	17	9	45.15	24	98	18	86	57.02	75	133	111.63	65	24	116	75	10.48	23	111	44	95																																																																																																																																																																																														
38	111.46	24	28	16	109	147.41	96	87	81	139	64.26	58	139	47.56	118	25	56	103	104.4	104	10	76	101	24.83	60	95	82.51	49	77	107	20	101.28	15	147	72	97	8.48	23	68	91.03	112	112	139	110	121.96	129	66	21	12																																																																																																																																																																																														
85	93.92	85	135	5	40	48.08	130	15	33	143	52.81	14	5	123.7	69	101	130	52	71.15	67	47	47	13	116.12	17	138	147.77	150	28	116	20	59.78	150	53	121	77	57.15	26	7	104.43	48	69	63	70	81.62	110	52	28	135																																																																																																																																																																																														
112	148.98	51	35	64	98	78.71	144	95	8	9	53.27	147	137	141.5	66	128	23	78	1.6	127	9	98	80	54.19	38	70	64.67	134	81	25	85	75.51	21	64	15	136	26.32	3	26	30.81	79	111	26	139	57.22	62	128	62	54																																																																																																																																																																																														
12	85.01	34	35	22	114	99.18	145	65	40	118	74.47	53	3	29.02	68	62	136	145	86.16	97	63	135	84	43.85	88	143	71.17	102	21	119	36	129.73	144	118	131	2	63.56	111	8	50.38	64	21	125	26	59.85	97	77	115	79																																																																																																																																																																																														
106	89.96	98	12	60	50	33.56	86	64	25	23	10.92	37	107	119.97	14	100	97	3	33.58	81	92	146	65	114.57	23	45	134.58	20	131	53	19	36.31	85	61	66	141	148.12	129	115	141.35	23	149	92	92	43.74	12	36	75	136																																																																																																																																																																																														
6	108.53	101	113	93	9	96.6	77	148	56	59	145.04	93	114	83.73	3	50	17	86	11.93	56	127	94	94	26.03	121	143	39.4	10	108	136	136	75.43	34	86	122	102	25.14	106	86	124.65	140	100	116	51	94.84	11	102	115	147																																																																																																																																																																																														
58	14	123	78	37	121	96.85	131	15	136	61	48.73	74	107	44.36	49	50	1	94	36.66	12	147	53	138	20.39	93	120	5.59	120	28	84	138	4.05	15	114	55	144	15.82	14	77	95.79	100	87	50	3	124.91	114	147	150	80																																																																																																																																																																																														
27	40.6	75	73	80	96	26.34	25	133	137	42	25.89	81	42	126	138	87	70	95	34.45	107	79	24	17	104.99	114	81	41.04	31	4	134	80	78.87	79	26	55	148	46.31	53	140	107.88	148	76	122	108	23.36	125	54	131	119																																																																																																																																																																																														
113	70.45	69	118	31	76	137.89	100	32	141	7	50.67	14	90	43.89	28	98	132	144	104.86	104	56	23	69	21.12	24	37	60.39	39	102	137	125	135.7	92	46	28	41	119.74	16	135	43.27	125	113	79	116	105.69	124	102	121	6																																																																																																																																																																																														
18	73.5	63	121	51	49	44.78	87	130	141	52	149.18	31	52	5.86	56	145	39	119	44.97	148	37	82	96	15.88	137	105	97.51	116	17	89	94	47.49	128	48	90	101	131.11	75	41	77.93	108	70	114	113	119.12	4	104	100	83																																																																																																																																																																																														
27	122.04	25	58	93	93	47.27	124	57	99	42	69.19	44	4	95.28	80	148	48	100	69.75	107	107	84	149	10.35	94	10	131.09	47	96	147	96	46.6	5	116	126	7	2.55	23	43	122.18	121	58	79	30	15.67	132	128	105	16																																																																																																																																																																																														
55	70.08	116	6	55	128	61.13	75	74	49	18	16.16	18	10	28.7	16	21	80	144	46.73	37	101	86	22	73.48	92	65	38.33	50	13	142	54	80.12	43	48	92	62	146.98	17	140	54.24	118	66	74	142	133.78	85	107	104	69																																																																																																																																																																																														
109	12.84	107	103	141	104	35.96	61	96	149	129	13.66	26	32	78.13	88	92	98	126	91.13	121	21	124	68	19.63	77	86	70.78	90	67	47	123	72.03	15	82	106	31	117.33	11	100	139.36	110	74	118	47	53.75	31	112	132	30																																																																																																																																																																																														
119	44.6	1	92	68	13	5.56	27	21	2	147	70.92	92	143	43.99	130	115	96	32	145.31	77	42	41	21	4.68	73	111	57.11	137	59	135	148	147.87	113	48	56	15	88.87	54	27	59.05	3	38	57	104	94.19	49	25	127	114																																																																																																																																																																																														
120	70.84	104	16	50	80	103.73	120	77	8	52	91.3	16	21	65.82	29	46	106	113	71.11	143	20	138	122	132.14	53	126	7.75	106	146	134	77	119.84	44	36	10	65	40.75	49	43	60.34	32	67	140	123	137.51	56	109	141	12																																																																																																																																																																																														
49	77.88	20	105	10	111	73.79	91	145	25	6	127.61	132	118	122.7	134	131	39	59	118.31	45	88	95	92	120.32	121	99	19.66	40	40	119	41	3.93	47	26	64	65	93.3	18	115	144.18	67	89	30	48	66.37	139	25	55	97																																																																																																																																																																																														
80	79.41	50	39	31	93	82.09	75	76	132	100	2.18	16	95	97.3	82	68	122	141	123.29	125	16	8	69	122.22	111	70	116.81	137	143	87	50	101.66	128	20	118	100	142.02	48	87	71.33	108	77	21	148	80.33	22	57	59	93																																																																																																																																																																																														
137	62.02	93	50	66	125	38.27	113	88	8	25	82.26	95	93	91.91	125	62	23	24	51.87	80	100	116	109	47.02	149	150	41.1	68	16	79	107	123.73	75	27	119	94	91.89	148	14	5.74	40	41	27	131	12.19	44	19	66	137																																																																																																																																																																																														
71	59.91	42	127	80	129	104.78	64	146	87	92	10.19	12	84	118.79	145	27	100	45	56.62	140	9	65	85	27.09	107	105	42.18	18	150	94	9	2.76	50	61	84	84	35.82	115	122	39.05	10	147	29	140	56.01	123	27	42	124																																																																																																																																																																																														
92	46.15	59	144	48	32	104.11	51	50	126	44	136.73	75	24	88.98	27	25	103	117	37.29	22	116	39	51	8.82	97	84	143.63	32	62	74	6	24	99	28	136	114	49.1	141	37	130.48	148	4	76	12	149.73	97	5	39	74																																																																																																																																																																																														
5	125.74	121	5	72	15	48.2	38	40	107	16	145.23	30	142	21.56	32	132	86	100	46.66	80	144	38	81	88.01	107	140	116.31	124	32	73	144	75.64	41	57	70	39	67.68	138	129	86.85	68	11	103	147	85.2	107	70	66	67																																																																																																																																																																																														
112	5	52	84	93	50	108.31	47	66	71	145	147.45	131	26	113.3	129	47	35	27	5.61	15	104	120	12	98	128	22	61.51	81	33	93	84	144.88	61	120	3	130	141.81	124	143	139.99	116	87	131	61	41.32	147	23	15	11																																																																																																																																																																																														
147	1.86	65	135	82	46	15.34	97	44	28	136	29.43	33	78	77.14	85	130	115	139	24.29	147	42	82	39	60.99	123	122	122.89	29	8	99	90	52.02	100	134	4	21	136.78	70	2	111.72	88	38	67	95	89.1	56	53	59	105																																																																																																																																																																																														
121	110.26	49	80	144	74	21.87	64	88	15	76	86.83	54	12	25.77	56	47	121	27	101.71	107	8	148	58	52	118	78	40.88	104	68	87	119	98.05	29	86	82	45	99.89	89	33	82.77	67	149	109	10	120.65	130	133	32	48																																																																																																																																																																																														
34	115.01	29	7	116	20	64.95	109	119	146	124	121.69	141	75	71.11	35	97	136	21	49.63	96	125	137	139	39.12	10	102	87.87	117	3	21	27	117.05	143	122	90	55	123.92	131	56	41.51	23	61	147	74	38.92	17	134	95	8																																																																																																																																																																																														
20	57.31	92	50	104	38	37.97	131	148	138	91	86.78	148	46	25.02	101	87	99	83	16.08	89	125	16	114	115.04	133	110	102.86	95	91	148	81	138.78	19	105	81	14	94.3	144	57	94.62	50	64	93	150	35.87	7	107	57	46																																																																																																																																																																																														
97	102.06	148	146	144	31	140.48	76	23	18	123	85.71	141	44	56.74	83	46	96	113	80.07	7	146	67	23	97.68	44	90	76.61	82	34	39	145	130.75	34	25	138	116	89.67	103	129	66.86	52	132	87	25	48.14	114	100	21	20																																																																																																																																																																																														
118	124.48	35	149	89	79	139.32	21	95	37	142	65.26	104	139	141.17	4	136	7	35	67.58	76	42	25	68	38.1	48	115	10.67	131	47	133	115	9.04	138	96	60	149	94.51	107	147	142.65	1	103	80	102	136.78	45	147	142	101																																																																																																																																																																																														
34	97.8	109	12	50	143	109.17	142	3	86	83	9.19	8	5	123.8	73	78	103	55	138.56	48	22	96	90	80.4	124	64	68.33	142	33	118	17	136.98	42	104	94	14	28.09	124	115	137.01	71	90	137	84	31.88	109	19	10	116																																																																																																																																																																																														
144	70.25	29	140	53	30	16.5	67	20	47	102	46.47	13	92	130.56	37	117	150	30	93.34	119	69	58	137	147.92	39	150	145.92	85	32	86	41	84.98	9	127	7	54	91.94	34	67	40.35	112	77	20	47	145.89	92	10	23	19																																																																																																																																																																																														
129	137.59	47	132	121	69	62.68	8	27	129	62	5.16	21	41	73.48	83	10	34	149	55.27	37	27	86	54	14.5	25	74	49.58	122	48	129	7	139.12	102	130	116	86	29.83	27	89	81.66	17	111	74	64	5.56	126	136	111	125																																																																																																																																																																																														
15	36	16	87	84	19	122.05	12	15	46	100	57.59	67	88	87.45	61	123	72	79	98.55	138	45	11	141	107.08	140	79	80.91	69	29	146	11	61.62	126	123	9	20	25.48	59	89	38.27	51	47	134	131	24.26	130	19	54	128																																																																																																																																																																																														
71	40.56	79	132	122	47	148.32	127	60	137	100	35.74	106	124	43.11	26	36	85	90	80.42	115	94	48	39	42.44	98	39	138.2	136	20	15	24	56.77	140	60	106	130	79.86	101	13	61.89	98	33	135	14	52.8	142	145	84	38																																																																																																																																																																																														
42	27.21	102	135	40	142	47.22	147	32	51	7	5.21	105	131	118.03	41	35	66	30	97.45	126	6	117	49	142.25	143	15	58.11	137	108	74	149	114.11	25	75	109	41	144.44	71	139	71.66	97	52	109	85	11.93	85	131	113	2																																																																																																																																																																																														
32	124.29	131	94	137	37	73.85	147	69	117	23	65.06	65	44	103.5	69	3	102	44	79.36	118	125	91	28	146.29	144	94	92.12	26	75	22	121	126.88	93	101	2	95	149.03	118	116	23.22	146	73	67	17	46.47	102	9	74	100																																																																																																																																																																																														
97	112.04	27	121	46	140	124.22	19	107	68	110	6.38	129	140	136.99	11	146	34	4	54.71	119	126	50	63	2.8	147	122	96.2	81	124	15	21	25.93	59	137	36	146	118.22	64	103	61.5	62	19	43	38	86.79	33	139	69	41																																																																																																																																																																																														
96	139.29	120	10	90	18	6.27	103	32	28	2	131.66	61	138	84.99	148	111	79	140	76.15	148	108	21	96	102.87	77	40	35	136	148	107	57	28.2	35	27	128	87	115.59	128	48	4.74	1	128	64	82	119.82	150	35	94	92																																																																																																																																																																																														
49	81.45	15	150	9	91	85.18	54	122	47	109	32.59	95	131	134.4	98	73	49	22	41.61	125	40	75	48	51.89	55	99	55.35	84	80	79	4	87.32	28	88	76	118	67.52	126	99	147.63	118	123	33	104	66.43	109	70	88	48																																																																																																																																																																																														
143	138.2	89	82	113	98	79.81	71	20	138	36	68.7	84	61	79.9	138	26	45	16	140.98	77	71	8	75	29.74	69	55	131.82	72	38	86	132	73.27	9	124	51	84	29.42	22	84	35.28	2	33	6	87	130.51	113	140	111	44																																																																																																																																																																																														
98	96.61	97	86	87	37	124.69	122	61	108	149	22.72	10	121	106.89	12	98	1	81	16.51	91	141	6	15	36.01	85	81	125.8	59	89	54	42	136.68	79	65	3	30	15.9	89	20	111.67	4	10	5	104	86.04	57	133	111	63																																																																																																																																																																																														
8	91.67	15	76	87	13	91.93	118	13	3	145	24	63	35	74.3	116	110	94	56	146.8	104	83	14	20	74.69	76	55	96.36	132	14	4	71	148.9	80	27	110	121	53.15	126	44	65.39	101	71	71	37	148.24	57	91	145	126																																																																																																																																																																																														
36	45.81	116	42	140	28	117.91	127	98	49	97	79.61	24	3	42.68	72	142	85	13	40.24	127	9	12	61	79.66	131	127	18.68	8	5	123	2	133.12	85	129	145	65	94.99	68	45	120.95	97	102	102	87	78.33	93	53	102	65																																																																																																																																																																																														
145	131.52	148	77	6	79	122.27	52	11	35	25	105.86	134	107	59.39	52	135	22	54	36.75	39	75	103	126	24.7	113	116	44	90	83	37	107	135.53	75	134	62	52	105.73	50	48	60.48	58	27	128	37	139.27	59	134	106	23																																																																																																																																																																																														
139	118.17	87	96	40	121	141.03	114	76	54	143	56.03	126	129	107.57	78	70	39	116	85.97	11	65	66	80	128.79	27	146	11.47	81	81	61	22	22.02	26	24	63	9	102.93	148	138	82.56	60	60	100	99	32.33	123	1	80	85																																																																																																																																																																																														
125	72.73	128	9	55	36	105.62	3	144	102	6	142.3	107	23	96.17	33	116	110	91	80.7	71	147	110	62	82.35	76	6	9.07	56	77	127	14	54.9	20	125	7	12	37.48	126	87	120.19	102	6	12	12	84.68	50	35	145	68																																																																																																																																																																																														
25	102.24	35	45	69	85	111.74	1	5	29	106	24.68	100	44	141.18	7	76	40	70	91.35	137	45	64	118	55.2	122	29	41.4	143	3	81	136	54.82	92	146	118	19	95.88	58	46	25.81	95	39	26	72	12.99	84	117	15	116																																																																																																																																																																																														
9	105.33	125	101	87	75	126.02	102	9	101	102	102.06	102	120	95.52	121	102	35	16	140.17	58	112	59	14	128.67	107	129	14.12	99	113	83	33	134.69	63	93	42	146	3.06	5	36	28.69	17	88	137	101	90.08	1	37	125	16																																																																																																																																																																																														
142	94.2	91	110	42	53	82.16	69	6	24	125	7.78	51	60	48.64	39	149	31	94	25.98	69	64	64	1	78.61	45	43	16.32	117	12	74	57	42.53	54	74	39	90	76.45	9	117	121.27	143	136	39	59	2.56	39	67	38	108																																																																																																																																																																																														
89	19.67	66	117	112	76	68.85	114	117	142	90	133.18	130	118	89.26	7	102	33	71	92.6	135	105	68	70	20.57	119	120	79.55	27	22	101	73	107.29	149	65	121	74	92.38	53	143	145.1	42	117	42	130	39.62	21	20	53	85																																																																																																																																																																																														
142	144.66	48	150	21	81	109.28	71	30	52	74	24.51	19	13	52.94	135	102	2	112	52.21	109	42	57	107	86.57	21	62	119.38	97	115	16	102	5.06	8	141	135	108	102.6	117	25	18.67	138	137	91	40	129.08	4	131	96	138																																																																																																																																																																																														
80	69.88	27	65	59	100	130.46	80	46	39	118	118.35	13	148	24.57	136	63	143	136	139.77	2	96	30	127	88.92	7	43	54.38	54	55	66	24	58.89	76	82	76	73	146.22	117	99	144.52	91	25	20	45	52.83	139	4	138	129																																																																																																																																																																																														
16	48.68	135	137	145	19	136.57	82	20	39	35	51.69	23	87	44.09	64	2	99	41	80.89	14	127	12	150	24.45	17	79	4.57	59	133	110	101	115.81	61	94	56	44	114.86	77	133	23.52	116	57	50	19	94.54	98	73	45	86																																																																																																																																																																																														
109	103.85	113	34	138	31	60.68	101	69	75	135	91.02	79	99	87.34	93	108	71	68	60.34	38	104	96	120	91.01	52	74	122.9	54	34	66	113	46.19	78	101	85	136	58.63	139	62	127.06	114	32	122	71	25.12	15	71	9	133																																																																																																																																																																																														
36	6.28	87	20	142	149	110.85	115	15	36	28	76.72	90	89	85.3	84	131	64	135	44.05	105	39	50	138	57.14	123	113	105.41	14	140	47	78	1.89	127	130	95	138	142.92	110	116	118.32	28	3	81	74	131.2	150	5	130	134																																																																																																																																																																																														
126	4.26	102	45	85	14	113.84	94	143	51	103	98.97	24	49	119.53	64	79	123	67	87.39	47	51	89	11	57.64	69	66	83.14	51	91	38	90	56.32	39	150	45	111	111.26	150	2	46.77	89	115	37	138	146.36	134	147	146	64																																																																																																																																																																																														
129	112.64	47	67	146	4	2.75	38	104	30	17	135.32	39	73	148.7	96	55	118	93	134.47	21	91	19	131	54.43	22	119	131.38	4	104	90	5	138.92	63	138	33	69	16.17	29	51	1.03	85	128	104	79	146.84	139	10	31	69																																																																																																																																																																																														
76	129.07	45	133	49	108	64.77	17	49	56	99	2.89	136	79	30.62	111	78	63	94	4.74	94	115	150	2	33.39	98	105	115.05	46	114	16	64	7.79	25	38	111	88	26.49	126	124	74.78	26	130	99	58	125.2	7	44	36	125																																																																																																																																																																																														
99	141.22	149	115	90	122	95.81	141	144	47	93	125.79	94	143	103.87	136	106	133	6	36.41	6	95	112	23	23.7	90	149	90.88	38	142	94	108	90.01	55	143	19	59	134.81	32	10	2.1	115	33	8	64	131.4	144	63	83	142																																																																																																																																																																																														
29	75.89	139	148	138	35	87.45	74	125	47	124	131.66	149	12	143.29	63	17	132	24	91.64	102	70	93	129	31.11	117	55	67.97	129	72	70	40	31.04	39	68	16	86	49.69	104	60	16.33	136	129	7	129	145.84	66	120	46	1																																																																																																																																																																																														
46	21.4	113	142	49	121	103.62	22	63	124	115	121.07	140	89	89.06	85	105	78	20	9.74	90	30	137	58	23.34	129	17	95.19	10	29	70	22	13.32	96	28	9	93	129.39	34	58	44.13	43	37	116	134	56.16	125	22	34	150																																																																																																																																																																																														
133	142.25	12	31	26	104	132.69	34	76	75	37	38.69	35	84	102.87	74	23	37	28	80.98	7	86	22	120	65.58	51	32	85.14	143	62	142	26	29.84	74	91	115	91	105.81	150	128	145.59	117	112	2	75	2.02	108	88	3	103																																																																																																																																																																																														
43	134.46	64	51	64	149	93.33	39	99	12	116	48.74	35	71	71.67	112	16	100	97	75.35	92	29	114	55	19.4	143	8	44.41	26	25	10	136	72.81	122	38	23	137	146.36	34	150	140.59	73	90	110	69	149.75	40	105	118	42																																																																																																																																																																																														
57	144.66	128	101	8	41	68.18	18	34	40	45	18.3	97	149	15.98	29	85	33	67	92.2	91	44	69	129	86.86	38	63	109.65	53	43	2	38	107.36	118	72	124	33	48.54	10	90	27.11	73	21	103	6	131.6	54	109	84	13																																																																																																																																																																																														
114	22.69	73	22	61	39	12.81	91	18	105	45	130.3	106	111	60.67	70	1	61	69	115.84	65	57	125	126	67.59	130	26	90.47	143	124	121	143	90.96	117	22	42	114	76.81	126	70	63.67	90	106	29	68	39.62	59	27	39	119																																																																																																																																																																																														
27	69.7	119	148	79	121	99.5	140	71	24	128	147.78	124	104	2.59	133	63	111	130	73.09	80	59	121	39	93.03	107	8	5.28	132	49	144	27	115.01	67	15	36	58	147.08	53	147	32.32	95	101	135	18	139.57	71	49	79	141																																																																																																																																																																																														
84	78.9	77	28	40	136	140.14	86	30	42	60	33.02	35	143	130.38	93	136	98	91	120.62	136	110	89	3	38.83	52	10	29.7	32	66	92	37	19.82	27	80	39	113	15.28	30	62	131.18	100	13	140	140	96.95	122	25	79	12																																																																																																																																																																																														
48	85.15	73	69	131	67	82.18	136	65	113	128	94.43	16	125	78.42	88	21	29	145	140.85	138	117	55	124	41.68	57	33	41	6	38	124	115	149.3	38	74	128	47	135.35	15	71	80.9	55	31	15	127	118.73	18	147	122	125																																																																																																																																																																																														
61	50.82	17	32	120	100	6.05	10	36	23	44	47.31	94	105	109.02	65	54	56	135	22.28	73	60	37	16	41.63	17	48	139.53	101	31	59	46	131.03	138	133	80	11	91.47	76	76	59.48	58	113	142	18	21.15	38	36	104	15																																																																																																																																																																																														
133	2.24	40	150	30	21	110.47	40	37	143	70	131.57	83	98	66.36	116	7	121	60	69.97	7	48	56	11	112.36	62	139	43.72	84	64	138	110	90.1	8	85	121	47	69.25	116	121	116.11	126	34	112	147	112.6	93	22	118	21																																																																																																																																																																																														
3	48.79	66	29	114	82	130.31	31	26	72	134	84.88	83	29	85.72	147	96	134	14	35.54	72	49	48	92	144.37	36	57	104.92	17	43	26	140	52.68	32	88	99	132	47.91	65	134	45.48	10	38	52	91	119.96	38	132	98	149																																																																																																																																																																																														
140	50.19	144	135	107	117	47.05	141	46	143	41	45.98	50	55	35.62	84	3	117	98	27.99	77	85	103	130	139.06	87	74	10.6	138	100	138	10	79.03	111	88	87	7	117.11	8	97	23.74	96	46	93	105	12.68	63	92	140	149																																																																																																																																																																																														
85	71.42	17	1	50	10	23.11	16	45	143	23	64.1	49	16	33.48	65	38	134	138	147.08	108	108	103	135	103.82	24	98	124.86	8	7	38	139	81.65	74	53	72	119	70.99	108	134	104.79	63	107	65	107	59.11	142	103	127	142																																																																																																																																																																																														
101	50.59	41	106	57	134	128.61	114	11	15	7	27.47	150	28	54.34	29	59	96	88	48.84	139	69	82	30	70.24	20	75	126.25	65	24	103	121	130.75	57	15	17	135	20.15	130	47	89.71	47	104	51	95	72.01	99	4	53	45																																																																																																																																																																																														
47	64.68	62	13	58	103	126.54	48	43	47	129	39.71	18	15	1.53	129	35	110	37	53.02	117	40	85	45	30.81	76	131	131.32	82	49	121	89	116.64	92	66	13	22	72.59	34	142	98.68	42	8	25	130	128.86	61	11	37	19																																																																																																																																																																																														
87	18.84	39	89	86	91	142.91	52	93	32	135	34.24	18	67	80.54	59	141	37	139	13.12	20	36	136	106	119.05	98	133	6.71	61	39	132	42	79.06	102	139	111	69	88.78	35	40	83.94	108	140	142	9	52.49	66	56	86	38																																																																																																																																																																																														
5	141.76	12	112	53	54	140.11	44	57	100	44	97.26	139	123	88.17	132	50	92	136	119.78	76	71	40	89	122.68	109	58	5.57	10	56	18	7	111.88	1	94	116	55	93.35	46	12	82.39	42	119	121	35	52.59	3	40	44	94																																																																																																																																																																																														
24	66.48	147	63	103	147	131.73	94	10	108	126	2.57	99	67	34.03	78	74	94	54	103.97	76	148	138	12	64.54	25	10	46.03	111	101	47	133	97.67	37	142	118	21	37.41	88	101	76.9	30	36	55	42	6.33	135	121	76	21																																																																																																																																																																																														
61	136.97	86	9	146	78	43.39	92	84	28	126	117.76	74	97	80.69	51	88	126	130	57.26	138	135	143	11	78.36	26	149	89.93	97	51	52	135	95.98	137	64	56	138	133.77	64	96	130.02	77	83	23	119	81.65	13	23	130	121																																																																																																																																																																																														
70	14.37	90	115	67	137	144.57	21	67	81	139	2.35	6	146	44.39	47	18	123	73	104.51	92	79	126	11	59.58	150	18	69.08	72	88	21	59	15.3	92	3	134	109	19.84	30	57	61.93	31	106	45	60	125.39	6	98	87	135																																																																																																																																																																																														
41	112.76	120	84	54	111	7.7	42	131	51	99	124.96	59	40	45.3	104	123	147	64	96.87	3	39	134	133	110.12	46	5	50.54	111	124	63	106	138	47	150	23	25	109.23	130	94	46.37	88	39	120	145	92.59	119	44	148	46																																																																																																																																																																																														
52	22.9	56	123	139	11	6.41	74	46	40	88	128.3	84	8	79.53	46	84	85	150	25.72	38	75	74	73	94.03	47	117	7.83	16	72	6	85	21.21	86	59	24	48	22.58	57	140	29.85	15	9	87	16	36.5	53	50	116	35																																																																																																																																																																																														
124	135.28	118	17	27	33	14.34	137	109	70	125	136.95	35	76	103.29	99	106	61	95	88.59	45	85	123	16	111.84	150	3	74.74	100	128	79	111	77.74	58	37	65	93	142.87	18	42	68.11	123	101	15	52	109.58	137	22	5	22																																																																																																																																																																																														
86	146.31	138	55	148	97	131.51	25	146	115	49	48.29	37	82	127.58	94	70	101	13	31.81	85	45	116	107	47.38	119	134	69.93	130	110	132	99	6.17	48	137	74	125	64.89	89	25	7.5	11	4	73	9	35.15	90	9	58	1																																																																																																																																																																																														
120	35.99	1	138	17	38	98.91	139	115	18	84	66.62	55	37	55.81	107	55	83	96	21.17	136	111	39	38	18.23	145	75	148.99	124	146	22	101	30	9	95	41	101	139.05	17	29	61.88	129	86	74	116	140.79	67	63	46	116																																																																																																																																																																																														
85	121.55	74	94	95	14	106.17	77	133	110	61	70.58	84	35	21.98	10	80	32	31	34.31	23	4	130	50	102.68	3	110	60.64	25	124	82	25	38.43	52	6	142	10	46.33	87	76	91.59	146	128	26	48	72.39	139	5	125	44																																																																																																																																																																																														
17	22.79	103	4	90	24	82.92	92	145	64	15	45.53	136	121	72.5	61	34	29	61	69.9	140	21	19	97	56.19	5	49	24.33	57	39	144	102	61.64	69	1	105	132	145.43	135	45	137.95	110	126	138	115	116.77	81	24	121	1																																																																																																																																																																																														
77	76.45	35	15	72	136	32.38	130	1	109	75	88.28	121	49	36.02	73	33	72	20	86.25	140	98	75	65	12.91	52	130	120.42	10	91	110	41	43.19	108	86	72	66	101.04	68	141	99.11	107	23	30	62	49.39	132	50	87	60																																																																																																																																																																																														
7	4.89	32	104	102	140	48.3	45	120	70	139	134.1	16	26	9.07	21	65	72	133	115.93	127	34	32	124	71.79	130	148	89.18	1	28	114	129	138.3	7	35	88	37	32.66	141	66	61.46	120	127	99	35	149.39	12	31	30	51																																																																																																																																																																																														
66	119.62	84	37	123	36	98.87	109	43	100	95	66.4	139	123	43.2	29	36	115	29	113.5	43	86	63	75	105.42	84	5	120.88	9	116	24	125	49.76	56	116	121	8	50.5	16	33	88.49	56	121	71	116	145.81	17	7	145	63																																																																																																																																																																																														
70	27.59	38	128	99	5	132.14	100	34	119	88	58.93	37	128	11.13	109	134	92	65	105.24	16	76	52	122	49.66	95	116	10.79	49	27	138	65	99.78	23	39	84	54	125.94	36	40	23.13	83	98	79	134	51.58	40	117	40	9																																																																																																																																																																																														
66	112.59	139	5	17	58	130.4	116	5	34	5	68.66	80	12	86.31	33	5	78	26	140.46	30	69	71	80	62.8	134	63	80.51	134	84	125	44	116.04	23	1	73	60	40.23	53	99	61.09	29	104	111	41	149.8	63	19	78	14																																																																																																																																																																																														
30	4.38	57	43	24	25	12.06	90	115	122	19	126.4	47	33	68	89	129	143	6	38.93	141	79	49	109	32.75	40	8	12.33	144	149	101	122	104.44	114	141	110	91	26.35	42	59	33.73	149	88	101	33	55.77	83	103	95	83																																																																																																																																																																																														
141	116.26	98	103	123	44	30.74	7	61	5	30	103.57	84	88	63.86	61	13	1	19	12.47	55	69	43	53	8.13	118	120	93.17	119	51	54	117	76.88	82	23	27	96	94.46	23	78	23.01	45	18	29	27	118.19	77	112	55	86																																																																																																																																																																																														
66	106.26	90	136	100	49	149.96	36	42	1	26	144.6	100	12	130.16	80	35	119	37	106.88	132	13	14	43	132.68	73	135	107.51	37	94	95	89	62.14	39	23	94	150	19.55	49	115	85.17	47	104	5	99	135.89	49	33	31	124																																																																																																																																																																																														
113	144.72	148	101	63	95	57.06	8	8	62	78	93.14	119	126	99.29	149	18	61	59	33.22	16	93	126	114	6.87	101	30	4.1	137	122	52	49	126.91	15	29	92	145	4.99	64	46	16.38	148	7	145	90	110.51	77	107	14	52																																																																																																																																																																																														
46	1.43	41	55	137	69	39.36	129	79	55	75	68.56	46	18	122.62	59	9	89	68	110.22	150	35	93	3	141.51	44	13	11.69	24	137	143	98	4.92	25	51	25	15	45.54	109	20	81.98	98	1	104	89	84.16	36	43	124	98																																																																																																																																																																																														
66	7.41	33	104	97	18	136.8	50	130	121	130	14.33	112	146	8.32	47	48	86	52	122.01	60	45	42	85	98.31	101	72	89.24	18	86	131	54	142.15	93	141	143	78	39.35	10	73	100	85	108	135	16	32.2	118	38	132	83																																																																																																																																																																																														
2	130.73	131	41	105	58	57.81	109	116	28	96	144.5	62	124	149.29	29	59	87	102	73.99	141	73	104	14	18.99	59	30	36.14	60	123	117	44	69.77	73	112	103	111	64.81	68	55	94.68	108	93	132	32	56.21	93	129	25	52																																																																																																																																																																																														
131	25.38	6	148	118	145	25.11	15	6	80	105	64.8	57	139	31.7	35	140	22	146	88.01	78	3	74	138	129.24	6	147	89.7	36	120	96	2	8.65	60	31	141	109	135.69	138	84	2.01	61	127	50	122	2.46	95	56	81	35																																																																																																																																																																																														
50	141.43	2	89	61	74	135.63	21	7	54	102	84.24	26	46	81.96	24	27	15	54	39.97	23	97	48	37	87.13	11	20	4.38	2	137	106	48	128.15	50	72	96	14	111.17	75	84	111.56	107	113	78	121	58.67	103	61	123	62																																																																																																																																																																																														
2	10.48	129	100	112	14	93.03	124	58	101	121	69.64	14	103	1.9	80	140	62	143	128.07	61	12	29	149	113.86	7	68	149.11	75	98	13	51	45.89	36	65	54	131	127.14	137	116	105.09	90	144	132	9	144.2	71	35	42	50																																																																																																																																																																																														
142	128.04	118	9	141	105	67.22	10	111	44	115	76.51	68	104	56.56	89	146	18	45	99.98	34	69	116	84	44.85	105	143	71.06	11	123	2	102	103.65	139	31	11	57	106.37	57	85	118.77	85	140	93	89	117.09	84	106	143	116																																																																																																																																																																																														
15	34.09	133	62	112	7	128.78	61	33	103	46	77.14	142	22	106.64	36	23	37	143	106.15	109	23	51	130	125.41	143	113	142.03	19	138	29	14	97.93	72	69	86	113	53.33	131	63	50.33	117	138	54	42	138.57	18	95	138	83																																																																																																																																																																																														
106	25.08	122	149	48	3	136.05	20	60	34	143	59.57	27	79	130.32	100	37	6	69	24.59	115	94	25	144	24.8	37	67	2.86	19	137	7	100	15.03	121	20	143	52	80.61	25	33	50.97	15	12	15	10	134.66	111	122	109	144																																																																																																																																																																																														
95	88.59	36	56	126	86	106.63	2	84	126	79	6.67	127	13	18.73	13	61	121	95	107.06	84	6	36	150	23.39	38	146	37.06	84	128	13	36	105.1	75	150	56	84	43.54	74	110	26.08	4	120	123	44	105.29	116	70	49	2																																																																																																																																																																																														
13	90.96	132	138	90	29	77.38	107	21	9	17	80.63	22	107	149.73	57	47	43	27	69.14	14	42	100	47	131.7	131	53	65.71	23	70	64	41	8.88	133	108	108	37	95.68	104	7	99.31	43	18	33	45	131.4	70	117	62	74																																																																																																																																																																																														
54	97.95	137	145	16	109	50.92	17	22	104	21	87.25	136	75	123.16	53	105	73	112	57.42	92	141	63	136	76.03	70	90	85.78	78	14	112	2	143.58	120	87	59	20	52.41	36	103	10.3	93	44	55	82	137.58	37	144	123	82																																																																																																																																																																																														
4	80.63	64	111	71	135	80.68	2	62	12	51	118.04	18	89	20.31	90	141	42	83	19.75	136	121	88	64	44.74	103	33	61.05	111	19	95	110	68.58	132	147	83	45	30.16	51	35	88.28	86	27	20	84	38.54	32	75	144	126																																																																																																																																																																																														
63	112.13	83	113	88	91	9.8	122	14	35	5	119.46	148	17	46.66	19	6	6	47	30.09	128	5	95	111	50.55	76	113	115.08	2	95	71	102	48.88	119	23	97	14	3.05	118	63	149.58	41	135	26	115	143.38	130	100	88	136																																																																																																																																																																																														
66	48.42	128	148	111	143	49.54	126	14	57	77	75.97	58	52	58.87	3	126	87	86	88.41	14	99	110	68	62.14	128	76	91.25	11	134	61	139	145.99	100	45	16	38	145.65	71	136	104.48	73	67	36	7	77.74	94	5	60	66																																																																																																																																																																																														
60	128.47	134	81	51	62	140.72	56	58	23	82	74.73	53	50	8.39	5	60	80	71	19.41	61	98	117	4	95.87	112	107	8.71	5	19	12	35	142.76	149	32	56	145	21.82	17	34	17.84	130	7	127	133	60.47	41	24	16	26																																																																																																																																																																																														
18	143.97	51	41	69	113	141.17	40	148	114	100	135.2	118	9	34.33	3	134	16	138	148.78	36	28	72	48	138.68	134	44	111.45	62	81	39	52	12.98	115	47	95	68	104.16	139	113	1.03	101	94	49	9	60.44	3	75	117	94																																																																																																																																																																																														
109	125.82	85	34	110	97	62.38	6	141	61	56	89.18	98	108	40.8	58	18	139	45	107.95	125	15	80	46	69.85	113	61	77.11	46	103	57	38	47.43	14	11	32	67	11.08	85	27	90.12	47	117	67	6	126.19	77	64	89	5																																																																																																																																																																																														
139	35.52	129	76	131	121	71.04	32	11	147	97	6.13	69	66	48.32	135	69	126	3	69.82	92	88	16	106	72.77	117	32	48.96	57	140	1	64	134.14	116	10	133	68	56.75	146	96	48.53	23	84	10	72	115.97	63	148	117	115																																																																																																																																																																																														
87	57.65	74	68	107	80	53.23	21	59	59	78	65.78	86	117	6.68	83	139	91	54	147	46	102	126	44	56.1	125	22	19.7	109	90	22	150	39.26	140	129	10	37	91.96	81	105	55.7	104	53	19	36	51.77	91	68	137	39																																																																																																																																																																																														
90	23.78	69	2	103	127	52.63	68	85	100	23	141.83	109	52	131.5	50	59	52	68	147.35	133	68	74	123	19.43	48	15	99.94	48	76	67	107	61.69	49	55	74	140	142.2	103	69	34.33	80	13	141	1	23.82	96	93	15	57																																																																																																																																																																																														
24	29.5	131	143	47	3	95.42	137	150	9	67	112.01	30	136	5.24	12	13	11	43	62.76	86	116	63	57	41.77	128	116	116.53	94	32	46	65	62.58	63	122	90	8	27.15	17	89	62.23	107	58	136	63	99.89	128	16	13	69																																																																																																																																																																																														
51	110.53	33	14	35	31	48.06	2	45	126	73	118.84	21	32	81.18	110	86	26	89	6.62	45	92	81	75	132.14	74	23	40.88	54	101	107	92	66.64	70	66	62	18	116.98	73	5	7.99	81	122	48	100	28.96	39	81	17	118																																																																																																																																																																																														
14	36.53	100	88	138	71	124.71	30	38	99	59	39.97	44	3	55.14	46	63	15	149	131.74	39	28	149	142	118.34	7	84	101.89	150	55	127	14	127.03	94	89	66	113	121.68	22	63	76.17	119	12	72	25	134.77	49	21	13	2																																																																																																																																																																																														
123	84.22	9	77	3	39	42.16	14	46	47	39	28.62	11	91	11.12	29	126	40	31	29.25	4	133	146	27	47.27	61	12	122.01	87	85	132	54	2.24	13	46	102	127	27.62	83	98	48.8	23	36	116	8	124.38	28	44	91	27																																																																																																																																																																																														
118	92.16	149	144	121	78	19.93	128	132	81	76	26.09	8	12	88.83	104	23	66	112	76.07	41	4	44	5	141.77	140	70	23.18	1	105	64	74	81.98	8	120	29	81	59.37	108	43	135.48	122	12	80	114	3.51	116	101	54	9																																																																																																																																																																																														
75	26.75	62	102	149	77	53.54	99	38	51	121	122.17	4	5	10.14	12	89	9	17	111.91	59	108	35	42	66.87	50	69	79.67	134	110	43	115	117.71	44	71	102	99	133.51	117	58	36.73	88	49	38	3	133.81	127	138	58	146																																																																																																																																																																																														
13	75.92	36	47	148	91	8	35	8	147	95	52.49	10	146	85.75	65	43	107	95	51.03	13	88	98	110	129.71	61	145	103.6	69	47	87	137	119.75	83	123	106	122	91.62	7	28	18.61	21	37	23	150	69.78	72	60	127	94																																																																																																																																																																																														
78	118.15	8	98	10	51	101.99	94	32	90	111	85.67	96	147	66.88	62	5	49	75	112.6	131	68	23	71	27.92	34	88	124.3	12	43	63	7	20.38	140	107	113	128	121.11	40	78	48.41	74	62	147	23	128.83	53	30	146	127																																																																																																																																																																																														
137	105.47	67	110	74	107	22.34	5	36	131	126	41.01	145	60	66.35	145	118	57	81	29.04	7	87	42	1	21.42	98	7	26.3	121	8	35	136	71.46	24	120	135	72	40.72	107	11	25.45	54	62	50	90	38.71	5	2	48	65																																																																																																																																																																																														
149	106.62	128	100	95	94	32.04	40	54	79	138	44.86	122	99	107.53	74	96	4	108	84.58	39	80	22	3	113.51	26	101	2.28	86	137	55	10	35.48	44	2	6	115	126.41	96	75	124.99	120	22	102	26	18.71	1	76	42	127																																																																																																																																																																																														
29	107.24	62	55	83	53	129.71	68	47	24	92	135.51	70	74	126.31	56	114	83	84	142.35	54	12	143	66	13.69	40	19	5.58	113	56	141	3	50.49	5	83	51	88	75.06	9	105	23.14	127	7	134	46	27.42	98	35	126	74																																																																																																																																																																																														
83	1.81	137	20	25	43	75.09	14	27	129	145	89.11	56	31	49.49	129	111	98	130	65.95	128	139	128	85	77.56	29	4	141.16	75	3	28	111	87.86	143	82	63	101	24.4	20	3	84.6	94	11	64	134	24.48	56	65	124	37																																																																																																																																																																																														
42	105.79	25	123	75	21	125.34	14	10	58	96	33.8	116	50	40.37	104	33	142	48	9.9	87	36	148	107	116.72	85	54	4.79	49	133	52	13	56.52	91	117	92	121	136.75	76	110	88.05	10	97	66	1	110.87	30	129	131	106																																																																																																																																																																																														
69	92.15	9	129	14	71	108.48	25	71	104	147	32.71	121	97	124.13	70	78	99	86	130.16	99	5	129	95	134.25	61	50	102.05	31	5	109	76	113.09	148	25	27	84	26.37	38	55	148.52	15	96	60	60	72.63	85	23	94	37																																																																																																																																																																																														
11	124.3	126	104	8	147	76.28	98	108	18	16	144.57	123	131	116.32	62	54	149	148	123.41	76	80	137	63	114.07	25	49	3.89	110	105	23	14	136.09	143	61	131	75	47.92	92	92	11.18	6	7	89	74	109.25	108	70	35	102																																																																																																																																																																																														
69	3.61	118	99	108	50	29.71	6	52	29	64	109.45	31	80	22.08	4	37	96	120	78.71	136	131	127	62	18.02	4	5	36.49	46	139	28	79	83.94	105	97	148	79	45.86	12	60	19.33	66	140	93	91	90.52	14	52	104	116																																																																																																																																																																																														
25	8.16	85	7	5	78	146.02	38	102	84	64	128.57	18	15	108.17	110	90	143	19	15.65	136	32	8	143	84.33	22	100	11.14	85	82	102	44	146.57	144	121	145	15	62.97	83	108	51.48	53	75	88	23	132.02	51	1	35	1																																																																																																																																																																																														
51	38.3	9	19	123	81	125.09	60	111	52	138	74.59	130	94	34.07	104	86	92	107	138.02	13	104	101	29	48.01	123	150	14.49	72	62	23	120	25.93	6	111	113	9	139.24	99	41	104.93	134	116	95	10	58.24	119	68	93	53																																																																																																																																																																																														
98	116.69	148	20	145	55	22.2	142	66	103	105	132.86	110	83	72.69	135	65	53	72	51.07	57	122	56	75	2.38	40	37	20.97	117	100	65	69	7.73	132	17	68	143	13.49	126	110	65.06	21	125	96	33	56.25	141	45	147	27																																																																																																																																																																																														
106	67.37	1	35	71	19	138.47	71	116	111	18	129.59	3	60	97.96	131	145	134	94	64.04	128	37	101	129	106.48	28	145	131.25	148	86	82	88	130.68	90	12	150	61	3.18	41	122	143.58	108	116	73	74	37.95	22	25	88	129																																																																																																																																																																																														
40	67.35	131	107	89	107	141.87	17	9	54	75	73.77	114	36	22.14	104	3	17	47	129.08	109	65	74	84	139.52	67	67	130.39	63	47	82	145	78.22	102	36	4	145	43.4	52	115	117.56	72	103	86	120	39.64	33	93	88	23																																																																																																																																																																																														
8	81.98	136	54	34	59	89.38	134	12	147	111	147.83	62	124	146.47	28	66	50	88	121.25	17	108	45	1	36.22	68	88	103.37	4	64	97	107	59.62	135	33	90	103	123.39	133	13	36.54	132	111	29	18	91.88	12	103	7	82																																																																																																																																																																																														
99	92.21	86	16	77	70	1.44	16	11	77	12	40.2	81	125	45.39	66	43	49	49	138.28	28	104	123	47	3.21	7	83	81.25	47	18	25	34	15.32	43	33	33	2	134.88	85	149	97.77	4	86	44	88	94.27	38	6	130	54																																																																																																																																																																																														
12	115.75	36	77	74	107	139.36	10	65	14	1	64.5	103	18	109.66	62	109	40	147	69.64	85	123	82	4	39.2	141	95	4.9	34	75	109	148	114.7	4	136	140	104	38.01	1	72	62.1	54	3	17	122	76.42	100	131	134	34																																																																																																																																																																																														
68	44.03	149	82	75	54	97.53	141	122	55	33	71.22	28	17	84.89	43	54	35	100	93.21	39	12	57	149	131.43	79	106	55.94	40	24	128	45	37.39	73	137	129	146	81.2	129	48	141.74	25	28	98	9	104.38	49	39	90	35																																																																																																																																																																																														
32	112.44	5	112	147	93	67.96	144	37	76	87	54.9	115	14	90.25	88	12	118	8	70.6	30	92	12	11	123.01	35	115	32.99	17	43	102	126	75.46	78	96	41	13	30.76	22	61	26.51	5	96	73	142	68.87	56	41	116	143																																																																																																																																																																																														
80	64.63	93	126	105	71	147.25	92	102	28	133	84.76	30	19	9.59	99	150	112	53	5.71	16	68	134	148	67.01	112	116	49.99	31	88	70	87	108.42	149	130	109	104	139.28	39	75	13.79	36	82	109	14	146.66	26	68	18	102																																																																																																																																																																																														
17	4.6	56	95	12	120	67.14	140	37	10	6	120.96	150	15	127.29	73	116	78	13	68.68	103	77	44	108	129.25	78	143	117.45	80	78	143	85	96.3	72	34	88	108	106.71	132	132	97.54	88	18	96	46	60.54	150	58	32	59																																																																																																																																																																																														
76	42.26	128	15	13	4	140.3	94	36	43	1	31.16	56	107	36.5	107	4	22	43	1.81	68	101	105	41	79.03	134	127	109.41	133	45	125	10	148.35	7	84	81	55	60.32	4	135	94.66	79	125	32	74	66.24	139	25	30	85																																																																																																																																																																																														
144	100.73	116	58	19	22	30.91	149	60	90	115	62.67	34	40	19.97	7	74	115	42	94.24	138	80	80	123	24.41	108	143	68.19	80	56	148	41	11.54	90	120	130	80	18.66	85	61	128.8	110	7	127	141	140.38	31	110	6	60																																																																																																																																																																																														
61	104.61	139	133	29	53	55.4	125	13	17	114	2.46	16	52	141.11	24	38	39	77	51.4	114	118	43	69	5.69	11	17	84.96	138	144	77	60	115.89	109	97	138	132	1.87	145	52	14.77	75	104	29	94	31.53	49	36	8	117																																																																																																																																																																																														
86	60.69	122	97	14	145	76.5	145	121	47	47	93.65	149	76	45.23	67	90	40	25	66.15	14	118	31	136	47.08	76	3	134.28	35	8	22	115	20.99	57	63	45	96	26.43	61	48	118.78	85	20	41	8	133.49	147	68	56	145																																																																																																																																																																																														
105	112.45	13	78	135	40	79.88	19	21	53	140	63.83	116	26	4.98	117	123	12	123	67.15	132	50	25	22	16.98	51	15	118.16	113	117	115	149	106.61	109	78	23	120	128.45	41	92	65.89	74	138	63	129	34.18	133	91	67	9																																																																																																																																																																																														
26	101.6	143	8	131	56	133.96	21	118	71	120	37.45	121	82	92.81	79	34	128	68	136.38	2	34	103	81	144.75	108	143	93.32	98	105	105	32	29.44	139	92	110	53	59.49	97	59	26.15	79	33	44	133	110.86	140	43	47	95																																																																																																																																																																																														
62	118.83	9	91	13	62	142.34	133	46	82	26	69.38	139	18	140.47	82	133	6	123	41.84	58	114	7	105	92.48	25	114	98.03	47	106	132	30	95.35	6	73	111	119	49.79	122	115	59.74	8	3	132	51	75.36	17	10	130	95																																																																																																																																																																																														
36	98.2	91	119	33	93	39.84	23	2	18	114	119.74	97	72	46.91	13	31	100	29	94.78	113	87	93	17	43.49	95	144	2.39	48	21	108	6	43.83	126	53	103	116	119.63	109	138	16.99	36	28	115	4	49.9	68	48	56	78																																																																																																																																																																																														
40	81.69	4	67	44	61	105.39	70	69	60	62	101.73	43	9	115.92	88	132	36	97	80.06	129	49	71	124	2.01	98	82	135.69	83	103	36	70	108.1	68	9	33	96	55.22	32	49	88.59	139	76	54	15	112.52	20	97	89	83																																																																																																																																																																																														
63	115.99	30	119	87	107	47.51	76	101	101	52	47.42	147	133	73.57	132	37	92	134	12.81	50	10	145	79	102.29	116	68	119.83	135	51	68	30	65.48	96	34	21	73	45.35	114	19	25	80	129	51	87	96.45	79	86	18	111																																																																																																																																																																																														
72	82.44	41	93	25	11	54.22	42	87	117	94	135.22	132	9	52.46	31	145	4	89	88.38	42	38	88	147	47.61	55	33	120.36	132	20	112	97	84.65	139	24	150	129	49.35	150	134	112.64	32	51	118	52	145.3	96	74	4	121																																																																																																																																																																																														
2	22.3	8	42	90	73	82.49	99	127	106	7	76.84	53	122	129.45	89	69	147	46	115.51	122	55	9	138	31.12	7	69	119.52	29	150	61	56	84.07	106	123	129	73	46.95	142	13	123.28	105	88	81	9	89.8	99	70	142	44																																																																																																																																																																																														
128	44.62	32	94	121	57	26.7	113	91	127	48	59.69	27	149	147.54	115	85	31	90	92.09	139	7	132	79	120.2	16	32	59.79	59	83	18	56	52.98	101	50	88	66	76.23	34	134	95.46	133	112	116	39	110.5	45	51	29	119																																																																																																																																																																																														
67	133.9	60	70	17	103	64.08	3	73	117	74	124.92	18	9	131.25	42	115	129	106	121.74	70	103	88	101	141.64	62	59	83.96	28	123	128	91	118.94	57	99	20	52	149.6	95	40	83.96	29	96	133	133	65.05	61	76	60	11																																																																																																																																																																																														
28	69.47	12	98	52	28	109.27	136	29	8	87	135.11	134	39	91.78	82	131	53	129	97.34	112	9	81	50	113	25	31	77.44	82	49	117	121	59.41	6	3	33	74	77.5	103	108	83.04	13	42	94	35	83.61	61	105	102	88																																																																																																																																																																																														
86	9.26	125	82	37	19	77.04	120	86	35	110	56.69	75	45	31.14	44	42	145	141	25.98	23	112	148	81	116.42	18	77	51.89	39	50	98	97	8.17	91	109	149	47	69.99	147	87	111.23	48	149	113	135	94.58	82	40	100	14																																																																																																																																																																																														
127	127.51	121	145	129	29	11.33	73	32	3	140	14.23	145	87	87.19	60	147	88	6	128.08	148	50	4	90	144.86	19	17	12.55	65	19	28	37	22.56	138	78	22	66	88.35	46	27	98.29	54	31	78	116	54.87	145	18	118	45																																																																																																																																																																																														
47	142.98	112	84	14	127	45.56	32	24	78	83	120.24	13	124	30	92	35	52	101	97.51	89	138	107	62	82.84	134	127	3.13	52	29	136	116	127.67	53	83	113	47	92.83	6	35	33.05	98	44	143	10	25.32	79	42	43	122																																																																																																																																																																																														
80	80.74	65	63	140	113	111.72	95	64	22	117	52.35	42	100	4.78	54	83	149	127	137.63	98	145	56	105	120.63	20	47	67.99	100	68	1	8	1.69	136	95	27	109	74.79	146	30	121.36	75	136	135	72	144.82	74	110	16	122																																																																																																																																																																																														
81	30.81	47	55	7	36	86.11	138	2	39	97	74.97	47	1	139.47	144	70	84	90	50.78	106	102	120	9	18.73	94	66	97.27	115	138	111	64	83.45	52	25	17	39	98.9	135	135	146.45	68	51	121	5	131.15	36	72	23	144																																																																																																																																																																																														
81	58.47	145	31	39	13	94.47	86	93	63	77	71.04	52	86	45.73	113	114	50	14	72.4	99	15	27	67	147.99	7	60	29.59	143	71	27	15	89.02	140	31	81	58	108.61	14	45	82.94	98	110	111	51	109.71	135	54	84	66																																																																																																																																																																																														
73	75.75	34	123	87	74	78.34	59	6	46	58	124.57	62	95	101.6	75	77	45	138	113.19	110	150	82	149	33.16	2	128	62.75	124	150	16	96	46.81	31	106	88	47	38.28	149	25	130.04	55	147	130	9	14.84	20	31	40	133																																																																																																																																																																																														
103	112.08	90	53	98	71	15.39	42	107	52	16	99.83	112	115	96.53	34	37	94	111	12.94	108	146	29	27	112.42	70	33	53.01	34	137	64	74	4.89	46	109	44	15	14.32	55	52	94.52	36	39	49	131	27.33	96	74	73	28																																																																																																																																																																																														
66	24.86	38	86	57	124	130.83	66	117	119	32	119.58	103	8	142	39	107	63	42	63.3	22	143	25	12	55.19	76	118	84.22	43	7	106	6	69.79	30	3	128	3	101.37	68	97	44.37	68	3	24	1	127.51	91	110	144	89																																																																																																																																																																																														
133	21.22	92	48	98	89	58.85	79	145	127	68	104.28	36	110	3.09	56	56	52	32	144.02	53	70	117	9	56.33	134	94	125.31	39	51	134	23	136.3	92	70	96	139	125.87	129	29	107.74	26	23	103	141	80.04	23	12	81	31																																																																																																																																																																																														
143	87.63	13	72	7	40	148.12	141	35	94	105	111.21	100	118	7.46	63	10	49	78	24.48	132	80	105	106	106.43	89	109	139.76	3	78	71	26	39.94	49	37	105	2	4.79	140	109	144.46	110	55	67	77	21.02	30	86	90	96																																																																																																																																																																																														
29	35.14	5	142	114	96	84.36	10	19	92	135	51.23	111	82	73.13	132	37	106	112	42.5	49	6	28	93	105.61	71	56	106.6	143	104	61	115	40.62	59	49	67	96	74.77	146	104	41.59	133	18	67	64	18.27	67	16	135	56																																																																																																																																																																																														
35	59.06	57	74	111	59	37.39	24	97	19	133	27.89	141	143	142.26	85	30	113	24	106.99	27	21	2	6	94.76	147	63	2.25	140	108	103	81	3.95	47	93	91	77	80.09	139	110	102.92	57	70	81	63	124.03	147	54	10	93																																																																																																																																																																																														
78	149.62	75	5	43	86	120.17	50	53	21	108	71.16	86	116	133.46	139	47	49	113	55.78	37	61	10	110	35.32	116	131	126.12	127	45	125	44	35.48	22	44	84	75	46.91	66	84	131.77	17	2	86	83	127.15	128	81	89	44																																																																																																																																																																																														
138	136.66	75	101	23	55	117.15	2	51	38	71	55.29	143	147	37.36	58	50	17	119	99.63	51	141	44	140	97.28	81	15	35.6	129	127	86	14	17.69	62	113	129	111	27.01	26	15	5.24	135	24	128	117	70.81	147	70	7	16																																																																																																																																																																																														
82	118.19	45	20	40	15	100.49	75	143	94	11	49.22	122	67	122.43	63	51	103	83	10.2	53	105	47	117	26.98	39	65	28.3	62	137	53	59	117.91	132	149	41	53	135.97	115	132	54.25	88	150	92	20	147.41	13	41	145	137																																																																																																																																																																																														
128	7.14	15	5	124	141	92.13	101	110	143	9	35.92	102	80	128.01	11	4	99	125	99.25	86	143	149	51	92.18	100	30	4.92	50	30	122	126	24.58	102	83	18	40	12.94	135	128	137.89	110	124	111	71	41.86	148	8	76	7																																																																																																																																																																																														
81	27.2	94	46	138	5	12.02	19	114	101	25	13.38	114	68	23.11	95	91	38	60	53.31	70	41	125	113	77.17	139	57	125.65	67	107	139	140	148.07	66	82	19	134	68.4	90	65	57.92	144	88	46	105	12.32	102	115	74	12																																																																																																																																																																																														
46	94.49	19	50	10	92	134.83	39	22	96	25	85.31	45	118	57.47	26	35	63	76	27.52	112	96	95	54	9.76	28	36	34.13	148	70	52	44	69.94	18	123	150	26	146.56	1	51	85.47	52	51	34	39	146.5	91	117	115	21																																																																																																																																																																																														
125	54.76	120	74	18	57	10.35	15	29	142	80	111.46	89	108	62.84	61	97	93	88	66.33	80	2	31	109	127.62	17	11	67.44	147	57	108	79	147.72	63	66	21	23	111.93	147	85	145.11	48	65	15	46	64.85	81	58	102	63																																																																																																																																																																																														
105	5.37	36	63	48	4	102.57	49	31	10	67	82.91	119	77	116.95	6	113	48	69	40.76	45	34	53	44	2.83	128	22	39.98	41	61	47	52	106.52	132	48	87	47	118.13	5	73	97.38	112	110	121	99	63.33	33	11	43	80																																																																																																																																																																																														
41	113.07	123	17	70	31	105.99	122	29	18	98	53.85	57	89	22.54	119	67	61	74	92.83	29	93	65	15	58.91	98	40	48.93	27	54	94	129	122.22	78	47	123	90	125.37	90	100	88.29	23	147	142	141	1.74	81	67	118	74																																																																																																																																																																																														
24	147.63	19	144	45	44	147.18	29	8	74	96	115.09	88	24	77.94	18	66	54	91	38.42	2	58	26	86	78.46	121	5	120.29	101	90	50	58	53.59	113	108	75	45	35.29	118	49	103.89	146	127	18	123	79.94	73	86	93	150																																																																																																																																																																																														
58	1.35	28	124	4	146	3.42	71	132	106	133	46.43	67	14	147.81	52	147	135	63	77.48	5	108	76	15	26.63	132	120	8.53	27	77	122	98	143.58	3	112	55	62	2.24	58	144	94.31	143	89	38	45	23.97	62	62	58	66																																																																																																																																																																																														
6	70.5	124	13	105	74	98.53	48	131	91	50	84.41	112	17	125.46	115	83	2	54	113.8	123	24	61	44	2.95	119	127	53.83	66	65	8	89	13.69	87	100	77	139	114.32	5	147	55.23	29	9	32	143	52.9	51	32	130	70																																																																																																																																																																																														
114	103.78	122	54	67	135	136.49	114	117	55	141	144.55	112	104	134.61	137	22	32	63	44.91	93	141	2	65	97.75	68	18	18.62	138	150	20	79	81.28	66	118	21	1	15.19	115	125	113.31	137	136	77	18	78.44	76	87	19	129																																																																																																																																																																																														
146	69.45	85	62	110	121	41.72	118	53	65	7	134.57	127	98	43.67	139	130	41	36	55.44	149	95	16	147	99.31	37	81	88.3	94	38	14	147	62.15	104	13	62	26	141.92	104	137	73.91	6	5	86	39	51.95	130	143	141	48																																																																																																																																																																																														
19	19.38	32	139	52	45	81.9	130	71	73	10	114.79	75	46	13.82	114	99	67	119	88.44	49	26	138	125	8.97	31	82	19.47	14	44	97	20	81.04	75	29	135	109	147.49	68	62	11.98	61	75	33	121	77.25	93	102	143	12																																																																																																																																																																																														
2	139.23	39	56	111	85	2.84	133	80	35	9	36.73	31	67	97.65	18	112	65	76	10.83	142	62	145	141	90.56	47	133	57.76	42	124	126	143	146.89	52	118	84	88	125.94	90	64	62.46	82	10	105	13	112.98	104	32	61	150	12	134	122	65.58	72	110	108	68	41.11	107	143	61	117	28.26	88	44	82	73	81.15	80	111	62	56	91.74	109	138	133	35	64.64	33	66	65	24	78.28	86	8	137	124	78.71	62	100	110	93	77.54	74	34	18	31	81.35	62	36	125	13	100.07	97	110	10	145	3.33	73	16	121	126	44.47	11	132	142	88	140.18	41	6	35	144	39.09	47	16	56	133	73.68	49	28	129	19	15.95	69	23	102	57	32.7	69	28	21	2	115.45	108	135	126	111	97.01	132	29	73	54	17.58	51	9	44	81	15.69	101	81	117	76	140.3	97	98	147	87	16.02	35	28	96	36	18.32	61	101	133	43	22.79	143	71	31	3	99.23	105	16	46	128	1.28	124	49	105	25	34.1	54	147	24	148	84.44	94	144	11	64	143.42	76	89	41	9	91.83	89	46	146	21	25.57	131	140	79	15	49.4	102	32	71	47	88.63	12	111	5	63	62.16	52	15	148	31	17.21	120	81	48	142	127.8	128
