50 240
15	51.68	30	74	31	112	92.04	56	75	66	61	32.67	118	131	63.9	55	2	138	104	140.89	121	20	40	106	126.72	134	56	127.47	63	7	131	87	102.43	63	149	15	141	111.57	10	92	75.84	63	69	3	87	119.56	92	108	141	54																																																																																																																																																																																														
102	51.67	138	23	145	150	135.04	61	51	21	106	90.36	71	105	61.3	95	3	139	124	94.77	75	51	139	78	123.84	79	47	59.88	98	111	112	33	80.29	40	116	124	127	127.8	86	85	28.39	95	126	120	111	18.31	11	138	56	24																																																																																																																																																																																														
146	120.85	61	27	140	11	76.89	10	113	99	5	111.57	74	1	62.01	59	96	145	12	103.4	74	133	70	121	107.34	49	38	39.86	106	99	137	4	110.98	94	82	69	74	141.44	140	117	68.42	84	33	124	30	18.79	19	109	10	91																																																																																																																																																																																														
141	70.58	36	34	115	4	57.51	21	141	138	12	113.95	139	138	5.8	36	129	72	103	41.06	19	33	134	64	124.93	57	63	56.41	56	23	58	110	105.91	122	15	25	118	134.36	49	18	5	86	102	129	13	118.22	46	95	108	12																																																																																																																																																																																														
98	70.16	147	67	80	77	133.09	125	18	150	107	60.68	63	132	104.42	34	149	68	41	55.71	96	117	98	69	13.09	134	93	39.28	27	40	89	111	64.74	144	80	6	42	73.21	72	100	142.69	62	42	79	141	50.11	144	32	12	74																																																																																																																																																																																														
56	58.92	44	73	108	8	42.28	133	109	50	3	28.88	87	70	61.48	25	9	115	150	41.77	91	67	90	60	100.68	21	14	68.29	135	132	44	15	1.66	112	75	147	57	53.15	144	89	45.01	73	37	55	65	92.74	55	32	54	136																																																																																																																																																																																														
147	24.24	7	87	88	86	95.98	54	10	37	42	93.65	103	28	39.24	130	87	147	16	104.03	67	51	88	106	60.78	58	15	41.69	40	8	96	60	63.89	78	128	14	53	145.15	20	105	29.58	131	50	85	12	133.4	118	70	93	57																																																																																																																																																																																														
112	65.49	13	77	6	150	73.34	140	146	100	52	144.81	135	68	57.9	2	27	109	55	83.81	62	114	36	11	83.23	81	122	13.36	114	83	107	54	99.14	146	23	108	9	39.15	108	81	55.43	28	130	35	124	124.74	9	145	19	68																																																																																																																																																																																														
128	139.77	8	58	79	6	38.25	91	91	119	36	31.9	139	45	66.03	49	19	26	87	148.94	30	90	131	56	78.23	37	31	149.47	73	10	126	74	122.18	11	65	34	12	128.98	84	41	82.65	89	121	33	145	58.55	143	22	69	102																																																																																																																																																																																														
72	106.4	24	148	17	56	68.54	35	101	121	42	10.79	2	86	102.39	90	27	94	90	11.3	39	43	130	12	122.25	90	23	110.34	135	130	123	47	96.56	100	92	58	74	141.82	9	130	46.74	58	11	103	36	133.57	71	51	128	53																																																																																																																																																																																														
127	12.26	60	6	122	89	80	20	129	16	105	61.45	88	24	129.89	140	41	36	4	59.29	147	40	109	64	71.17	27	41	31.93	50	115	39	119	103.31	14	22	57	14	76.18	84	111	11.84	4	131	96	54	17.15	21	111	17	63																																																																																																																																																																																														
57	143.47	20	130	20	133	64.77	73	94	92	62	21.58	66	12	108.11	6	21	17	58	6.03	18	96	34	79	94.04	3	92	23.09	115	41	90	104	86.11	134	4	125	113	59.49	127	143	88.93	22	30	25	91	80.2	15	126	100	77																																																																																																																																																																																														
118	41.97	31	13	93	135	127.14	25	138	144	74	144.46	137	7	104.56	65	56	84	85	16.14	1	40	69	41	137.13	110	71	105.18	92	115	31	116	16.96	81	66	57	113	54.46	49	145	57.63	5	99	38	44	13.96	15	80	124	83																																																																																																																																																																																														
14	143.11	6	52	13	100	139.32	44	8	114	4	41.41	117	19	42.28	62	51	91	94	109.29	78	32	90	34	72.98	53	22	44.38	112	65	79	59	131.99	137	75	107	53	146.73	70	83	78.51	60	30	25	6	148.39	48	63	40	139																																																																																																																																																																																														
33	61.94	144	81	71	101	140.57	9	27	11	79	15.23	83	27	111.47	49	21	137	129	123.35	146	146	14	84	61.02	101	17	43.45	68	57	84	42	59.42	28	27	41	124	57.33	120	76	98.73	135	63	3	82	61.22	131	102	17	87																																																																																																																																																																																														
65	71.3	20	131	103	85	84.85	146	122	14	109	54.39	125	32	103.46	120	76	92	41	37.59	12	133	69	38	65.44	54	88	72.32	55	100	115	127	22.34	58	58	46	59	148.86	71	129	9.54	23	104	34	79	137.1	21	140	92	54																																																																																																																																																																																														
63	101.54	98	7	139	148	52.81	49	114	46	122	31.97	30	33	72.16	150	15	85	111	110.46	62	82	4	98	48.07	39	40	115.66	12	127	138	103	6.03	71	1	135	51	38.7	102	76	80.03	14	81	36	94	78.27	51	147	38	29																																																																																																																																																																																														
76	30.81	62	116	83	69	129.16	10	40	109	14	82.11	65	16	94.05	57	44	69	103	19.87	71	57	38	95	34.43	104	149	146.55	8	93	33	15	73.45	128	8	98	111	55.62	77	115	102.67	77	8	148	87	38.59	105	3	126	76																																																																																																																																																																																														
82	81.24	24	123	35	54	139.68	144	79	68	87	119.96	96	81	1.75	47	69	115	50	83.08	65	111	55	148	95.36	14	24	47.89	111	18	14	131	47.67	61	56	23	48	117.3	85	65	64.34	107	2	31	41	111.54	122	97	84	104																																																																																																																																																																																														
129	95.78	142	20	117	100	87.2	66	130	131	143	13.54	113	140	21.27	5	72	20	22	15.69	48	13	99	89	42.83	140	38	30.73	110	84	54	46	75.54	42	19	101	17	22.3	40	13	89.36	30	127	65	63	145.15	31	122	54	133																																																																																																																																																																																														
59	71.58	91	53	13	101	135.29	126	141	18	150	120.12	78	101	67.85	12	69	12	103	127.14	90	104	42	30	66.82	41	50	81.42	85	144	21	51	145.44	1	8	47	16	71.52	59	99	93.71	52	129	44	116	59.8	71	9	60	127																																																																																																																																																																																														
89	67.08	124	44	43	64	11.45	102	139	34	16	70.21	88	84	26.54	129	33	27	134	73.74	84	82	8	116	101.83	118	80	79.99	79	94	115	72	22.17	122	23	106	20	87.63	11	141	49.97	135	24	127	15	56.84	30	96	113	105																																																																																																																																																																																														
121	5.25	27	67	75	16	53.37	80	5	4	127	114.31	25	31	118.88	127	41	84	2	137.88	57	14	40	107	149.67	6	59	46.08	5	66	138	77	29.06	27	59	86	150	22.31	150	1	116.9	12	73	32	84	41.5	130	134	144	144																																																																																																																																																																																														
2	102.53	89	87	149	22	129.68	33	123	147	122	99.9	57	121	50.55	137	15	110	142	120.44	53	22	60	9	59.63	132	55	22.63	66	69	30	83	29.3	60	107	89	70	128.17	34	113	109.97	139	4	27	15	143	76	131	5	140																																																																																																																																																																																														
29	101.74	117	52	114	21	118.37	101	117	9	126	145.52	126	56	135.19	118	89	92	115	41.88	8	31	86	131	13.48	18	113	79.98	95	102	147	6	146.56	131	143	98	51	103.67	97	15	73.84	39	127	119	69	25.25	133	35	38	103																																																																																																																																																																																														
30	122.37	37	132	73	89	133.78	92	88	16	26	105.8	21	127	44.89	3	124	80	35	109.29	29	84	100	123	50.04	101	83	118.06	146	71	97	14	47.97	126	43	139	115	90.63	113	119	46.4	12	43	92	79	83.18	123	108	18	109																																																																																																																																																																																														
54	94.32	13	28	80	66	93.36	82	137	32	25	112.92	5	30	3.28	116	72	10	132	26.38	127	70	94	150	4.52	58	103	55.67	103	35	99	122	132.92	120	19	54	107	111.18	100	131	72.89	137	43	69	142	65.22	36	79	142	145																																																																																																																																																																																														
62	23.03	105	83	49	4	38.35	36	146	8	138	29.34	35	150	67.19	17	36	3	134	29.93	61	131	129	126	47.04	109	31	15.33	103	75	136	122	75.38	4	30	125	19	128.67	105	46	38.07	114	67	4	86	15.83	15	114	116	132																																																																																																																																																																																														
38	125.66	9	45	124	70	144.56	86	131	5	64	70.48	98	61	100.28	39	112	124	91	66.59	50	148	93	64	129.58	20	140	1.51	52	142	119	145	116.81	139	35	24	139	123.44	65	119	117.2	114	65	59	137	27.34	93	125	87	98																																																																																																																																																																																														
133	119.95	117	150	38	149	149.76	26	58	51	108	142.86	14	25	125.96	32	78	98	36	131.8	87	5	117	118	68.07	91	82	134.05	89	94	18	84	39.95	129	119	36	124	132.2	132	6	140.58	104	10	89	112	9.25	29	50	28	48																																																																																																																																																																																														
35	44.54	30	34	75	132	81.61	110	100	69	111	47.19	53	125	38.87	9	65	138	147	7.86	47	117	98	129	44.26	76	108	147.88	6	30	2	102	50.29	34	25	124	92	61.7	25	15	20.91	2	57	79	53	133.57	90	23	68	97																																																																																																																																																																																														
6	70.07	93	150	68	126	43.03	28	24	134	17	54.06	74	57	103.3	20	39	25	80	40.95	20	33	26	43	9.91	150	6	63.54	124	105	61	51	67.2	4	26	112	10	128.8	51	77	148.02	150	117	109	48	91.5	70	71	137	55																																																																																																																																																																																														
115	144.04	125	61	89	69	103.47	48	73	48	146	2.53	25	46	147.91	73	100	37	38	105.14	68	126	146	106	36.43	12	142	68.12	14	9	30	41	103.3	119	77	92	32	145.74	72	127	142.37	116	6	133	145	84.38	46	102	35	78																																																																																																																																																																																														
90	125.7	139	123	15	66	29.24	113	73	63	93	148.42	126	126	57.17	116	33	6	44	71.48	95	54	109	76	116.52	81	56	127.34	50	79	38	21	113.48	133	75	34	113	11.62	20	110	10.48	7	129	121	67	95.85	81	37	69	73																																																																																																																																																																																														
73	140.48	133	31	92	93	120.86	136	76	137	9	147.65	112	52	2.42	134	128	101	98	55.59	59	17	82	126	13.32	50	100	39.69	12	17	52	146	96.54	81	44	71	61	61.38	46	139	23.83	29	84	31	126	34.92	78	65	16	110																																																																																																																																																																																														
128	6.44	111	112	91	124	106.8	96	142	129	7	99.55	45	54	97.8	62	121	141	80	44.37	96	127	42	112	93.4	27	42	45.35	41	61	21	118	142.14	124	103	1	27	60.47	25	56	111.68	5	130	52	90	125.45	44	125	128	1																																																																																																																																																																																														
48	29.59	115	54	52	82	72.55	77	99	31	115	53.82	28	144	146.26	40	88	145	141	55.47	147	21	81	127	29.09	86	52	35.36	149	103	100	110	57.21	62	17	29	144	27.28	122	49	20.52	121	121	45	73	9.37	79	5	130	108																																																																																																																																																																																														
120	22.16	32	11	128	5	111.16	15	60	108	48	69.2	121	95	82.46	66	99	82	11	62.94	95	7	86	92	124.64	34	78	47.86	147	49	26	38	38.91	49	103	140	118	55.82	108	136	131.78	150	74	134	40	65.22	55	138	98	65																																																																																																																																																																																														
44	125.11	111	95	147	45	61.06	34	83	30	97	63.33	83	112	27.25	72	14	13	102	3.14	119	86	1	111	147.64	141	86	74.09	146	52	141	132	10.85	96	99	80	25	74.95	150	39	5.77	24	4	88	105	40.75	11	42	149	135																																																																																																																																																																																														
27	89.18	124	65	95	41	70.34	13	69	113	43	50.25	58	12	52.2	104	133	97	133	131.75	106	6	120	47	77.12	144	18	62.39	5	133	6	14	56.17	58	117	31	38	69.55	91	31	72.44	127	86	11	22	61.47	95	32	53	16																																																																																																																																																																																														
95	148.08	17	96	96	135	50.18	98	68	97	102	16.69	102	74	18.59	123	19	19	143	130.15	56	41	20	32	13.61	59	141	17.56	99	120	146	74	1.35	107	59	112	43	68.14	124	58	89.45	150	4	47	12	67.64	8	136	28	7																																																																																																																																																																																														
74	88.34	48	139	73	99	63.81	30	28	36	53	12.31	150	44	58.93	55	118	37	127	35.63	82	118	50	37	116.46	5	65	54.5	135	29	30	127	30.07	26	42	31	53	109.34	125	27	126	61	17	35	18	9.63	16	136	123	53																																																																																																																																																																																														
75	44.04	100	142	115	87	105.13	110	19	46	142	46.68	117	73	94.98	109	5	61	104	78.16	108	47	55	100	125.18	62	143	102.21	7	144	149	118	88.23	29	66	89	51	24.99	58	24	138.59	10	29	1	18	118.82	82	5	140	97																																																																																																																																																																																														
110	4.62	83	117	92	113	33.28	81	60	9	124	81.24	130	112	122.93	45	14	31	16	70.55	36	11	90	44	60.93	108	44	131.25	35	91	31	135	91.12	74	43	54	145	129.75	75	87	66.99	129	79	102	14	11.73	54	90	21	11																																																																																																																																																																																														
143	148.66	52	138	80	13	4.3	4	22	117	11	110.6	144	141	145.36	99	107	100	34	86.16	110	33	109	125	145.54	71	19	121.27	36	14	96	141	140.8	78	89	48	63	109.92	63	73	61.73	115	74	42	83	2.64	89	105	92	70																																																																																																																																																																																														
32	120.77	103	39	20	112	108.27	108	122	41	8	48.86	9	75	113.14	77	36	147	28	29.67	40	123	92	72	10.11	84	35	74.1	48	44	48	26	65.2	43	88	46	106	105.04	77	79	122.64	142	63	93	30	141.44	15	18	124	8																																																																																																																																																																																														
52	15.37	74	15	38	102	69.1	95	14	102	91	68.82	99	135	92.11	47	8	148	53	136.01	9	94	126	126	15.8	4	27	21.47	135	125	138	67	14.15	103	150	103	98	92.8	4	117	146.08	146	128	39	133	113.48	40	97	112	25																																																																																																																																																																																														
20	67.14	27	74	62	80	100.48	95	111	143	56	142.92	91	8	11.73	28	29	127	24	64.39	32	40	117	22	18.52	140	62	37.87	8	136	102	95	11.58	43	136	9	109	133.36	109	61	120.2	147	38	145	21	34.81	115	31	3	14																																																																																																																																																																																														
76	142.42	53	128	56	145	3.33	60	13	51	50	115.75	90	9	89.63	56	57	85	58	14.13	23	78	29	129	7.7	111	76	109.76	76	22	109	18	19.88	81	106	97	38	20.04	108	18	12.28	54	149	37	70	32.43	21	131	24	70																																																																																																																																																																																														
20	97.16	114	65	15	146	88.16	85	68	133	150	16.03	17	104	102.17	80	43	43	23	131.21	46	31	93	126	129.83	36	69	20.21	2	81	139	62	15.06	71	104	143	79	13.47	34	124	37.14	109	2	149	25	74.62	139	122	61	51																																																																																																																																																																																														
139	86.37	31	67	42	19	56.79	145	123	102	36	104.81	16	34	111.46	41	54	52	96	123.86	75	86	45	12	50.94	149	33	67.63	25	114	70	16	35.04	85	37	116	96	74.05	66	88	55.46	57	6	54	105	74.43	7	64	5	120																																																																																																																																																																																														
61	124.12	8	89	48	73	123.58	55	21	115	89	128.89	32	113	30.9	150	118	133	51	118.49	94	33	89	45	143.98	126	81	139.55	84	128	29	60	25.35	14	74	10	12	97.35	5	60	3.8	140	10	27	110	123.71	79	52	13	49																																																																																																																																																																																														
122	28.51	76	65	66	100	55.34	102	5	140	69	148.51	143	8	143.99	88	87	130	36	93.29	136	50	7	141	14.81	128	95	139.08	102	133	76	26	96.87	56	15	18	60	3.28	119	103	53.26	71	31	98	96	139.69	142	103	20	146																																																																																																																																																																																														
9	24.78	108	123	125	105	72.71	106	13	35	89	95.26	39	137	121.37	133	57	29	42	34.46	65	93	16	86	99.92	101	114	110.02	110	121	75	124	143.83	16	90	41	98	57.01	80	73	131.85	28	63	49	104	23.41	128	33	107	111																																																																																																																																																																																														
113	122.41	12	25	29	79	73.52	7	127	57	69	26.19	43	150	43.61	69	148	60	128	41.46	85	93	141	70	143.69	117	86	136.28	70	38	54	30	11.5	65	129	29	81	31.03	139	45	47.82	49	23	121	66	81.55	5	19	68	70																																																																																																																																																																																														
85	21.52	15	10	76	138	67.09	133	144	70	9	71.32	11	62	13.7	81	78	134	93	147.95	35	81	4	77	21.76	142	87	97.93	101	45	37	19	139.44	95	59	138	6	79.06	17	135	40.14	28	140	129	24	127.7	93	110	58	73																																																																																																																																																																																														
110	111.55	109	106	51	113	146.19	97	82	95	41	63.08	130	74	101.53	101	94	31	139	68.7	48	61	140	115	24.68	8	123	107.69	98	19	141	99	42.3	140	35	62	129	13.41	120	109	33.29	38	150	87	21	142.85	10	16	7	83																																																																																																																																																																																														
146	107.76	6	132	1	51	141.55	32	82	90	125	57.67	122	51	122.43	105	8	145	100	68.12	50	147	143	77	90.96	45	3	48.61	86	55	75	83	101.79	83	76	111	113	92.77	22	144	23.82	128	101	67	110	57.72	85	105	13	136																																																																																																																																																																																														
130	17.55	127	19	17	61	87.88	13	109	28	25	83.13	128	13	116.64	101	93	118	29	34.33	113	132	70	82	86.11	21	52	113.92	4	23	133	137	16	87	57	145	133	89.74	148	129	18.39	74	113	117	96	107.8	24	134	50	87																																																																																																																																																																																														
19	33.31	79	74	139	104	69.75	137	89	30	116	112.38	111	24	95.9	69	99	139	77	119.3	5	102	89	43	80.91	54	20	63.14	146	55	81	37	16.88	63	137	33	69	18.02	85	14	121.35	10	108	99	54	147.93	124	132	18	45																																																																																																																																																																																														
145	26.27	67	87	99	139	38.58	146	57	96	132	6.15	8	3	82.22	65	90	138	97	56.98	98	139	103	36	109.26	44	129	7.68	40	74	74	92	10.96	109	38	13	86	133.31	79	95	54.4	119	108	6	26	121.42	105	69	139	127																																																																																																																																																																																														
121	105.24	140	7	6	69	108.27	143	61	150	4	42.57	73	118	111.76	139	30	147	52	62.43	84	69	108	58	47.36	112	70	60.92	4	33	105	99	23.13	71	1	123	71	98.83	108	50	140.43	74	75	6	37	141.63	6	17	30	150																																																																																																																																																																																														
96	50.77	10	19	143	62	6.87	95	110	73	143	95.6	42	127	123.74	31	147	71	106	67.52	19	68	150	140	32.16	107	146	125.8	146	114	95	84	24.52	142	121	2	119	97.96	36	140	125.83	131	102	100	56	111.6	132	94	84	150																																																																																																																																																																																														
101	5.48	134	20	93	148	6.43	127	89	86	140	36.71	15	10	135.5	74	123	42	3	27.27	58	135	26	20	71.68	51	72	139.84	116	2	150	98	45.32	76	67	49	88	23.69	135	57	64.45	8	40	132	134	111.88	52	31	25	102																																																																																																																																																																																														
35	44.03	24	32	35	55	106.78	134	49	27	117	89.05	36	102	7.18	31	4	22	136	111.09	2	35	75	21	141.94	37	41	45.95	138	60	51	133	127.1	148	78	135	149	40.92	147	133	20.11	42	27	42	43	87.41	9	103	147	118																																																																																																																																																																																														
121	67.34	130	123	41	118	64.86	75	27	114	103	39.45	25	143	36.94	7	39	89	101	82.57	24	139	115	114	125.25	143	127	135.98	130	120	100	47	118.51	77	81	19	61	53.98	55	150	96.31	84	74	42	116	128.72	49	45	80	130																																																																																																																																																																																														
100	61.18	25	31	104	106	25.7	98	41	114	16	76.7	32	54	32.56	54	62	3	96	107.15	148	149	135	52	55.71	133	51	91.71	138	108	149	37	147.31	69	51	78	12	133.67	73	132	75.76	108	67	10	2	90.85	137	112	149	112																																																																																																																																																																																														
1	41.48	20	87	5	69	125.78	127	53	60	75	96.56	142	64	31	71	49	36	118	125.68	117	99	135	96	71.04	133	96	143.25	137	11	121	78	7.59	66	34	46	82	33.1	59	21	32.6	75	133	10	79	15.86	69	45	10	77																																																																																																																																																																																														
125	7.44	116	109	50	135	133.18	55	118	129	129	92.72	15	144	36.63	56	25	47	27	146.96	66	124	96	90	53.42	21	72	15.05	126	118	78	50	112.84	83	124	146	64	86.77	106	105	112.11	129	29	130	70	116.39	50	114	37	16																																																																																																																																																																																														
102	72.03	57	73	122	10	13.85	136	11	90	91	98.27	23	72	89.06	50	24	136	122	77.49	75	45	41	135	144.33	114	35	2.61	33	142	146	80	42.77	23	6	1	148	81.69	37	129	19.72	41	135	58	131	118.05	4	13	149	15																																																																																																																																																																																														
51	137.95	85	131	121	11	127.88	112	125	5	109	37.91	54	69	108.24	127	92	62	34	127.59	120	11	90	138	121.06	44	60	103.81	10	105	63	14	67.41	18	35	30	56	23.09	103	20	93.19	150	146	145	81	9.27	127	137	54	101																																																																																																																																																																																														
64	63.81	53	128	130	63	105.99	49	21	59	100	64.62	81	122	52.58	104	48	63	37	119.94	3	148	21	43	125.64	99	132	53.69	7	68	8	4	67.12	12	43	70	17	68.8	106	66	135.05	3	7	46	102	81.22	112	61	13	116																																																																																																																																																																																														
19	29.28	94	95	10	81	134.01	103	31	75	140	71.94	26	79	136.89	81	61	92	98	92.64	86	32	89	1	55.67	133	12	81.26	13	136	85	122	11.68	138	39	3	129	117.28	18	10	134.44	127	140	37	96	137.66	7	78	59	92																																																																																																																																																																																														
144	108.78	90	88	142	67	123.47	92	97	129	122	17.34	6	83	22.64	84	129	1	93	19.57	73	21	60	77	89.45	64	89	102.16	16	124	36	54	85.4	84	144	80	137	82.03	40	31	30.52	50	121	68	119	39.9	14	106	76	94																																																																																																																																																																																														
87	108.02	19	47	42	2	140.71	78	113	98	60	119.02	84	148	77.75	94	12	133	121	19.15	66	38	143	62	121.87	22	3	11.99	89	58	54	141	15.35	19	80	43	120	143.5	34	41	37.05	42	83	120	133	18.63	15	68	46	67																																																																																																																																																																																														
105	55.63	24	103	77	125	81.09	4	108	137	132	36.67	41	103	107.7	14	55	84	48	76.04	31	11	29	132	91.08	30	90	71.08	35	60	36	36	139.05	91	19	36	9	58.64	52	137	138.63	110	6	137	148	79.26	45	76	127	112																																																																																																																																																																																														
91	125.14	139	37	44	29	84.99	92	22	148	47	113.57	29	20	134.92	117	1	26	125	54.89	115	129	132	147	139.21	126	11	61.37	125	79	32	1	127.68	148	39	21	65	87.34	111	34	93.07	147	130	93	144	134.84	58	13	57	136																																																																																																																																																																																														
118	121.86	46	106	10	101	89.7	143	99	79	26	60.23	117	78	74.39	148	136	122	110	100.59	30	1	99	31	106.9	84	41	18.15	84	85	92	121	101.19	30	15	129	138	48.3	54	53	143.26	10	92	79	69	30.73	62	129	17	93																																																																																																																																																																																														
138	46.25	146	132	60	138	134.58	45	86	90	84	121.71	83	117	3.26	94	115	113	92	79.87	82	15	88	88	128.01	39	18	20.72	97	142	139	115	28.45	39	77	39	53	94.55	136	66	30.59	102	17	73	124	141.84	19	126	63	21																																																																																																																																																																																														
84	84.17	38	85	109	109	54.14	9	99	22	76	134.68	46	30	128.72	99	66	21	129	50.04	133	8	141	106	26.88	54	64	31.33	82	130	49	28	47.09	48	119	7	65	137.8	105	113	9.25	113	81	85	129	82.77	39	48	35	50																																																																																																																																																																																														
115	74.63	138	83	92	3	88.18	19	113	87	79	55.48	114	4	105	131	87	30	53	47.27	134	44	142	142	102.63	111	103	130.33	109	94	122	81	104.73	99	15	77	32	113.79	49	77	19.77	121	84	72	31	4.39	47	72	141	109																																																																																																																																																																																														
144	47.04	44	89	44	146	6.51	85	76	81	41	19.59	54	22	46.92	113	84	60	87	2.98	11	8	89	55	144.62	37	130	58.61	54	111	146	119	8.95	57	101	66	34	83.83	114	71	35.82	49	60	126	116	91.61	96	132	146	31																																																																																																																																																																																														
23	148.37	140	112	17	51	114.97	89	63	50	5	35.08	149	16	128.19	128	36	33	79	110.42	53	26	126	86	44.22	128	147	34.17	137	53	101	68	38.24	9	32	15	12	69.94	101	1	112.05	68	80	85	60	138.96	137	76	70	75																																																																																																																																																																																														
14	139.35	138	62	88	120	115.87	115	124	45	129	110.15	100	81	68	138	143	40	58	124.82	30	3	148	109	104.83	139	74	87.15	97	72	11	26	88.51	75	42	32	78	46.23	75	65	144.84	112	17	28	43	107.2	58	28	110	76																																																																																																																																																																																														
115	120.93	141	19	97	91	54.4	44	49	119	97	73.35	40	130	142.33	134	3	134	126	41.8	61	42	131	12	111.57	69	66	8.82	144	115	92	19	147.57	6	19	76	27	99.34	14	11	82.73	17	85	94	146	137.62	30	82	49	3																																																																																																																																																																																														
145	35.29	127	69	23	14	91.92	95	104	56	11	87.22	69	101	146.48	101	82	79	109	39.15	5	122	105	43	67.8	122	3	123.19	140	102	19	23	59.04	19	114	70	60	101.05	16	141	11.23	61	27	102	54	130.79	42	3	109	105																																																																																																																																																																																														
48	115.18	85	78	90	61	62.82	39	119	70	121	49.69	91	126	43.87	81	68	149	38	36.35	10	41	72	48	142.21	41	148	69.67	122	124	142	65	140.1	36	23	65	11	117.01	69	101	117.71	6	54	102	15	87.09	128	9	107	131																																																																																																																																																																																														
3	26.92	91	51	107	69	104.51	79	44	10	67	101.04	113	42	109.39	99	65	97	7	18.1	85	24	50	27	127.4	140	76	127.8	80	17	76	139	1.73	98	148	145	125	86.05	46	105	20.63	25	87	137	142	101.06	128	125	19	27																																																																																																																																																																																														
45	130.23	126	19	96	119	5.02	133	48	51	145	137.06	33	68	17.19	108	128	112	42	83.67	20	67	63	99	10.45	32	147	2.27	52	146	106	54	123.11	32	13	131	101	14.41	80	142	141.79	64	61	143	80	134.34	143	132	52	31																																																																																																																																																																																														
72	38.65	90	96	76	92	86.17	29	56	49	109	24.06	145	112	106.35	138	148	148	149	3.95	139	142	120	36	30.52	99	125	60.17	123	46	33	54	52.8	52	149	101	13	81.55	91	110	39.42	40	85	37	17	102.22	37	19	43	45																																																																																																																																																																																														
124	75.61	130	23	126	146	71.71	149	42	100	99	98.08	18	149	92.48	80	89	144	77	85.36	12	60	25	102	127.86	115	15	96.06	25	45	3	96	29.14	96	27	31	25	73.75	13	103	12.26	119	121	114	62	73.22	109	149	117	2																																																																																																																																																																																														
106	83.32	23	36	5	124	137.45	55	85	63	141	105.93	59	147	29.17	93	32	60	125	61.24	29	120	61	125	19.04	39	48	126.51	146	23	130	32	73.5	30	53	41	21	89.21	141	145	132.51	98	47	119	7	140.44	4	92	5	150																																																																																																																																																																																														
17	44.53	118	138	150	64	12.67	140	100	48	144	43.14	5	84	55.47	21	72	146	136	32.48	122	122	111	89	112.23	124	106	104.8	115	13	50	24	4.02	46	57	54	14	105.02	121	92	94.84	6	47	94	140	112.78	26	102	124	33																																																																																																																																																																																														
71	55.73	96	135	100	105	119.69	31	150	33	125	69.95	136	23	64.85	16	103	130	109	35.32	75	60	19	96	109.6	95	149	38.88	80	57	127	9	17.19	11	138	11	108	145.03	54	88	128.18	37	98	10	67	127.05	7	48	69	83																																																																																																																																																																																														
88	64.15	89	126	62	56	15.04	114	136	130	74	128.23	34	139	108.55	150	71	75	112	133.71	109	17	55	31	35	124	37	78.01	149	44	131	110	34.62	118	148	59	118	10.31	135	92	30.42	99	78	116	140	125.44	93	50	27	130																																																																																																																																																																																														
99	138.06	44	56	110	76	103.78	27	30	94	121	7.24	65	38	63.71	107	75	110	81	50.02	86	66	62	59	47.55	101	12	112.18	112	31	71	108	57.56	54	59	82	60	57	134	111	107.63	109	102	32	74	2.18	82	87	113	28																																																																																																																																																																																														
88	93.59	110	83	52	34	45.78	139	109	107	44	143.62	68	26	132.32	23	137	103	5	34.82	61	65	62	33	31.89	126	138	96.16	27	64	92	147	71.98	24	3	40	105	73.56	65	99	142.88	143	125	37	19	144.22	80	148	63	42																																																																																																																																																																																														
35	17.89	140	64	111	119	126.04	118	116	77	64	117.62	138	86	34.2	21	119	61	25	138.77	114	17	107	40	33.34	50	82	32.05	2	18	106	37	72.97	77	26	149	142	109.69	60	9	136.66	127	13	28	33	52.22	144	62	95	66																																																																																																																																																																																														
14	1.5	47	83	85	11	77.85	126	102	79	3	113.67	136	10	89.31	75	107	141	37	8.97	96	42	105	6	111.95	66	132	89.13	75	118	53	115	28.16	105	41	121	4	15.93	150	94	54.14	118	76	7	68	6.02	66	87	77	135																																																																																																																																																																																														
86	30.99	3	87	81	130	143.05	13	98	65	81	4.82	72	18	52.14	6	85	128	136	68.8	73	66	60	9	57.3	135	96	115.34	49	44	33	98	142.31	123	8	31	115	148.77	97	88	60.54	100	80	64	102	56.36	108	146	144	11																																																																																																																																																																																														
85	44.63	55	41	141	2	94.38	49	143	94	29	29.75	123	108	64.1	106	43	19	111	99.66	37	103	41	139	135.04	145	138	28.41	128	45	73	120	111.28	123	140	35	110	107.42	127	14	71.44	18	134	55	56	58.36	21	87	81	18																																																																																																																																																																																														
19	95.56	74	122	109	139	116.97	116	33	122	19	74.7	8	50	140.38	61	147	62	101	102.25	133	4	26	56	50.33	150	43	37.63	57	127	123	49	139.49	45	12	78	116	144.34	85	102	109.94	62	7	89	32	5.5	32	133	57	36																																																																																																																																																																																														
135	40.24	75	3	30	33	144.09	33	38	52	88	101.82	29	41	103.3	126	69	69	79	60.56	107	120	87	2	118.49	121	17	92.03	145	132	51	55	60.65	78	86	33	81	77.56	95	29	133.03	77	41	150	92	132.52	78	125	41	111																																																																																																																																																																																														
145	124.64	140	12	79	32	40.97	22	15	64	145	17.39	29	74	146.34	8	56	144	54	72.34	93	72	2	111	61.81	114	141	114.92	52	71	146	47	69.72	85	36	37	1	63.71	5	58	114.98	114	143	91	32	12.5	23	17	117	140																																																																																																																																																																																														
78	91.61	50	86	102	63	130.12	2	104	1	94	85.55	117	150	17.73	52	72	40	39	95.92	101	131	55	131	101.97	3	60	52.48	47	95	39	15	21.9	13	33	92	132	117.21	41	117	53.04	140	147	78	99	42.27	35	27	57	88																																																																																																																																																																																														
56	32.01	115	59	38	20	56.02	19	37	63	85	135.27	52	53	39.62	13	119	108	25	80.26	17	14	46	131	36.69	119	23	123	13	117	108	54	9.81	113	120	131	131	51.44	22	21	65.65	57	96	64	44	119.1	76	143	37	8																																																																																																																																																																																														
96	146.7	135	57	99	90	129.61	133	103	79	31	23.66	10	145	65.63	20	71	78	106	99.99	146	18	133	81	31.42	15	70	82.28	22	67	51	22	75.44	19	104	104	48	8.58	101	112	83.1	68	13	69	15	70.51	62	106	45	117																																																																																																																																																																																														
8	21.55	16	85	138	39	89.47	71	114	111	39	24.28	49	28	64.88	17	47	82	109	49.54	94	95	28	65	115.03	91	81	43.69	126	59	129	89	75.13	147	47	68	26	147.83	108	44	103.21	53	130	103	121	36.87	91	69	37	29																																																																																																																																																																																														
110	148.76	52	40	64	137	101.16	19	68	75	78	64.17	133	120	118.16	42	104	67	125	29.37	19	72	114	134	137.52	98	140	75.24	128	150	28	75	54.82	132	84	40	132	9.31	123	111	119.54	71	65	113	125	106.46	145	17	82	78																																																																																																																																																																																														
69	136.08	94	114	112	38	54.43	12	80	111	59	141.41	149	71	4.11	31	126	55	148	34.46	75	144	92	43	134.75	93	130	60.7	12	21	114	17	96.64	33	3	138	65	110.2	106	104	96.67	57	46	131	137	60.25	50	61	131	134																																																																																																																																																																																														
44	6.98	70	132	20	56	76.19	113	101	64	15	148.46	140	72	41.14	80	20	122	47	14.94	29	103	116	25	86.05	138	73	100.1	143	43	48	67	5.3	134	44	110	145	105.7	108	98	136.07	57	11	117	95	26.67	59	28	134	65																																																																																																																																																																																														
112	14.02	116	27	105	125	65.27	26	3	72	135	97.62	146	97	37.69	93	17	76	146	88.01	142	137	3	80	82.31	138	97	53.15	109	99	61	16	76.28	3	78	57	138	82.43	17	114	73	149	28	136	55	58.54	85	110	68	36																																																																																																																																																																																														
49	43.07	33	150	56	16	96.05	117	143	131	84	46.5	106	76	41.11	82	102	121	127	128.09	77	119	146	52	39.48	43	80	122.85	105	96	57	14	98.02	150	148	66	128	8.85	6	99	29.73	39	44	121	41	109.32	120	48	107	113																																																																																																																																																																																														
94	102.7	128	67	54	112	38.89	73	93	143	135	61.74	27	52	95.97	81	139	23	42	54.19	132	129	118	43	7.08	80	14	32.84	102	113	76	57	133.27	87	11	119	58	94.81	137	101	4.31	149	108	55	22	70.18	98	64	100	114																																																																																																																																																																																														
48	115.72	7	73	123	13	22.8	104	80	130	10	86.33	32	136	51.81	48	4	17	78	147.11	138	72	130	69	89.73	94	82	104.95	65	144	84	55	121.27	87	11	75	18	84.24	90	13	70.62	119	60	130	34	116.73	87	83	118	74																																																																																																																																																																																														
98	73.57	49	52	127	112	131.61	133	53	111	31	52.36	44	96	129.85	105	120	97	26	23.39	29	91	141	10	120.48	8	52	81.36	78	42	97	33	108.52	77	149	86	102	111.94	44	90	74.87	2	53	118	120	104.19	63	36	23	12																																																																																																																																																																																														
125	50.82	24	73	135	129	92.32	61	50	68	85	129.48	91	39	3.69	10	16	118	148	58.71	102	83	32	63	144.37	23	58	83.3	117	3	24	62	72.03	133	57	17	31	24.66	17	119	120.33	20	129	122	80	129.6	110	85	51	129																																																																																																																																																																																														
144	138.45	36	52	35	56	75.48	70	6	99	66	119.07	25	26	137.79	82	120	96	92	126.76	33	59	19	52	24.99	127	113	139.28	75	65	7	18	23.42	149	128	124	61	45.53	140	92	4.01	44	6	29	96	23.9	32	34	51	141																																																																																																																																																																																														
4	86.4	111	8	142	31	34.5	60	71	75	10	118.71	38	71	26.36	106	50	79	85	58.77	12	113	12	119	36.34	61	93	77.59	7	90	65	5	143.6	75	111	68	128	69.97	77	98	135.16	26	2	96	82	64.88	148	44	128	66																																																																																																																																																																																														
117	15.74	70	7	124	49	146.12	67	30	3	39	62.32	66	132	79.79	116	20	81	44	132.94	145	15	26	22	149.59	32	46	63.28	68	77	23	25	113.75	127	38	79	95	90.55	119	131	12.22	139	133	39	105	39.13	28	4	90	77																																																																																																																																																																																														
49	82.05	28	48	7	67	52.52	125	10	23	94	105.65	68	130	140.22	130	52	34	95	123.92	61	77	130	127	98.99	125	75	70.09	123	69	77	50	94.71	12	94	134	85	106.85	77	7	75.19	102	75	68	64	127.88	3	64	54	18																																																																																																																																																																																														
59	80.63	93	12	132	133	79.96	76	70	14	121	115.67	150	143	84.73	109	137	141	53	6.78	106	99	19	89	112.81	27	86	62.37	118	149	54	58	14.58	140	137	89	125	82.83	22	121	86.41	85	18	134	11	75.47	102	91	1	88																																																																																																																																																																																														
146	44.25	12	8	42	123	54.17	50	18	107	96	103.06	54	76	83.26	49	48	137	60	98.41	137	80	34	117	125.51	46	37	48.2	88	120	56	16	89.56	46	146	90	108	59.36	32	115	80.49	53	79	97	112	99.19	2	93	56	146																																																																																																																																																																																														
41	145.95	1	117	143	95	97.61	79	135	148	54	67.29	102	2	43.43	75	90	38	56	95.16	88	45	109	140	5.72	85	5	70.78	146	37	18	32	127.25	126	110	43	17	63.11	135	2	115.85	149	143	113	142	142.72	44	109	29	106																																																																																																																																																																																														
19	98.61	28	128	60	67	56.9	145	50	101	30	59.83	144	69	38.47	136	79	61	60	135.83	120	95	5	27	52.58	83	140	44.05	34	74	33	38	38.61	140	122	96	85	77.24	31	132	148.26	117	76	10	73	96	106	42	116	131																																																																																																																																																																																														
75	115.22	47	125	141	107	60.16	85	70	68	122	96.29	91	96	59.95	129	50	88	39	107.98	112	115	145	121	49.12	36	95	99.52	100	70	77	55	138.34	149	77	98	133	100.03	28	47	50.69	108	90	62	140	55.93	1	115	39	33																																																																																																																																																																																														
150	42.94	135	58	55	30	132.65	104	46	28	15	19.05	26	12	55.56	40	133	117	55	4.59	29	78	92	40	108.14	42	72	72.35	65	144	70	120	108.62	26	116	39	1	127.82	57	124	136.7	17	14	65	123	81.49	138	80	9	143																																																																																																																																																																																														
122	7.65	54	13	97	34	70.55	16	57	1	11	8.68	126	84	71.86	150	37	3	85	31.35	73	34	103	138	116.63	6	16	1.39	41	62	5	141	37.63	147	100	7	87	48.35	106	135	73.63	127	121	58	15	130.52	12	127	2	121																																																																																																																																																																																														
75	27.1	74	94	147	138	105.08	137	35	90	61	57.23	119	131	147.42	134	14	131	91	78.14	16	144	135	60	72.05	55	49	9.73	5	94	148	106	79.87	101	142	49	21	70.67	7	148	58.85	48	64	11	101	82.06	28	6	40	74																																																																																																																																																																																														
21	118.09	13	6	9	33	66.4	140	102	13	84	46.83	68	6	124.87	10	30	22	91	21.65	118	18	53	133	99.49	30	105	77.26	148	138	139	143	48.48	30	102	48	96	104.7	145	129	86	145	31	3	75	128.37	36	38	13	18																																																																																																																																																																																														
23	147.96	10	41	30	92	146.61	94	28	34	45	86.31	45	85	127.3	80	48	85	41	34.4	129	128	9	137	120.39	141	4	124.83	111	122	71	83	64.12	1	8	124	145	101.37	115	37	39.58	110	124	125	138	68.05	61	70	32	147																																																																																																																																																																																														
141	114.32	73	56	138	29	140.75	75	53	140	122	93.93	74	146	98.24	52	140	85	36	34.5	30	92	119	113	140.31	126	50	110.82	125	40	105	34	128.79	17	90	100	20	18.75	115	101	35.71	81	139	83	27	60.94	33	59	97	118																																																																																																																																																																																														
75	60.64	3	121	37	12	149.59	112	11	147	22	142.63	102	18	72.84	100	54	109	52	44.76	1	112	135	116	81.25	36	116	103.48	83	18	58	130	22.73	106	31	83	2	66.39	88	52	140.36	60	105	94	29	129.66	31	56	3	67																																																																																																																																																																																														
113	6.02	91	97	1	43	47.71	93	133	128	8	77.26	28	2	134.25	95	55	150	90	111.48	121	97	82	84	21.76	68	84	87.39	114	72	25	138	45.86	33	67	97	89	4.46	3	36	111.14	23	142	5	25	104.89	16	90	125	8																																																																																																																																																																																														
148	138.49	51	92	16	150	21.08	32	16	34	64	15.3	72	58	126.25	148	73	26	114	133.87	117	15	63	69	108.78	46	27	91.03	98	28	54	35	67.09	11	104	94	8	74.8	130	136	145.2	63	137	116	144	88.1	110	26	70	71																																																																																																																																																																																														
25	79.44	30	46	13	81	55.14	73	129	19	48	30.2	36	132	36.97	20	50	117	139	43.98	40	54	41	114	120.29	3	23	82.46	119	39	87	48	25.17	137	61	47	73	9.66	134	81	112.91	53	13	52	20	25.78	92	10	57	62																																																																																																																																																																																														
115	44.53	17	135	39	105	66.4	36	117	50	74	104.3	32	71	93.07	60	49	29	111	137.28	14	20	118	45	70.27	67	12	39.63	83	32	143	12	38.12	124	78	46	136	93.43	149	17	30.76	35	54	15	120	141.82	94	94	63	56																																																																																																																																																																																														
27	119.2	139	90	111	35	122.29	28	57	124	37	110.64	42	54	140.59	31	43	12	124	58.57	84	89	56	145	143.95	119	99	94.85	126	24	56	8	40.6	54	95	117	55	25.95	48	98	7.11	34	4	41	129	147.45	93	23	137	58																																																																																																																																																																																														
57	71.01	84	17	52	150	62.55	150	69	112	99	102.38	124	59	61.61	4	5	124	103	15.72	71	147	137	54	109.11	36	67	40.27	25	57	74	112	127.83	34	26	114	141	141.98	16	28	91.77	37	20	21	45	145.78	30	149	20	128																																																																																																																																																																																														
92	95.82	150	82	63	63	89.78	16	50	107	63	32.5	52	136	99.61	14	27	98	49	31.15	20	140	70	83	92.17	58	27	61.41	99	72	145	129	98.23	25	80	115	27	121.43	132	104	139.04	116	33	126	148	22.53	16	50	2	68																																																																																																																																																																																														
13	29.31	140	126	12	108	102.65	134	150	118	79	91.21	119	54	112.49	77	140	140	92	121.16	125	12	63	121	146.85	98	31	86.2	112	57	21	9	28.33	20	59	54	106	131.03	44	122	29.42	78	125	31	128	56.57	106	142	112	99																																																																																																																																																																																														
56	2.98	131	64	68	46	91.61	113	111	68	97	105.58	18	58	35.13	18	68	146	32	126.2	91	141	122	50	44	61	33	66.15	36	122	143	109	149.96	102	77	137	99	59.45	3	129	84.53	56	134	30	114	84.05	104	63	8	113																																																																																																																																																																																														
21	129.48	73	139	100	64	55.35	142	96	51	147	87.5	150	121	97.96	70	15	104	2	93.95	8	50	86	63	103.54	56	99	136.97	92	73	126	31	109.08	19	36	45	138	67.23	127	104	17.13	147	26	120	85	148.42	43	62	34	38																																																																																																																																																																																														
55	65.3	21	123	83	90	114.44	3	100	120	51	118.95	60	121	35.03	65	3	126	59	95.67	61	10	62	24	127.73	59	29	90.81	36	110	15	40	6.69	41	138	49	1	36.05	48	40	142.28	4	69	46	61	52.07	17	37	64	20																																																																																																																																																																																														
37	61.98	113	31	20	85	10.01	25	41	6	72	31.72	51	86	116.52	43	44	137	147	132.54	123	41	70	104	115.93	146	5	110.06	94	58	47	108	58.76	150	102	85	36	28.58	94	129	149.05	23	67	83	103	135.34	118	123	60	33																																																																																																																																																																																														
114	65.23	7	71	91	77	129.96	135	7	85	23	109.45	9	122	15.79	66	9	105	131	88.33	10	127	25	130	67.72	67	12	109.54	89	91	102	34	134.27	149	103	88	42	39.68	28	44	78.79	114	136	137	8	79.04	65	147	8	33																																																																																																																																																																																														
120	135.13	112	144	83	79	27.54	117	18	13	138	142.84	86	19	96.41	82	48	78	125	103.8	128	6	107	98	99.72	71	41	148.33	81	31	51	49	114.99	103	93	91	58	133.55	110	75	41.41	121	51	84	71	23.27	117	94	122	55																																																																																																																																																																																														
50	138.6	40	130	31	63	141.8	147	19	27	86	33.16	5	97	50.17	66	11	83	9	25.69	125	27	104	143	7.74	134	22	41.72	143	100	69	93	83.65	130	75	113	61	97.02	19	138	76.29	6	112	32	91	81.05	111	20	112	79																																																																																																																																																																																														
83	38.76	39	123	23	91	100.21	122	83	2	7	100.56	92	102	138.27	141	127	86	108	79.72	43	93	84	110	37.34	116	22	81.01	144	81	57	81	9.18	92	90	30	11	29.34	30	6	138.9	60	32	89	21	132.48	35	111	105	18																																																																																																																																																																																														
53	79.45	17	81	55	134	146.03	64	24	15	103	18.9	73	133	11.57	106	107	66	93	20.82	13	74	6	149	113.1	50	6	94.2	120	137	142	67	30.26	41	9	78	100	16.93	42	113	56.2	71	61	62	95	86.91	82	121	36	93																																																																																																																																																																																														
132	5.33	30	104	142	55	57.49	124	93	28	85	67.37	149	54	137.69	144	126	50	103	111.9	47	36	132	58	5.92	52	126	40.28	14	130	65	3	130.67	27	146	130	26	72.42	148	97	97.21	102	140	55	89	33.23	108	78	6	25																																																																																																																																																																																														
91	129.37	14	21	111	53	8.17	120	59	27	18	107.72	79	99	65.56	86	38	138	51	23.91	62	12	134	41	89.99	127	51	53.96	120	75	83	25	8.29	64	145	52	48	103.95	26	117	26.55	90	13	124	85	59.35	46	49	39	115																																																																																																																																																																																														
24	52.85	31	150	34	29	119.82	107	137	120	7	113.88	35	121	53.19	67	108	85	106	146.32	132	31	63	94	144.55	136	12	22.18	68	103	65	24	69.8	144	131	71	99	56.54	115	53	145.54	146	49	3	9	57.25	113	38	25	54																																																																																																																																																																																														
70	19.65	3	49	132	53	24.32	51	19	1	44	118.87	95	66	45.92	90	37	115	22	59.23	102	53	45	6	119.49	96	13	84.85	59	141	83	124	126.42	7	111	128	39	23.89	10	60	125.61	19	150	96	96	27.83	13	17	43	47																																																																																																																																																																																														
104	92.26	113	14	63	63	114.6	124	106	32	84	136.26	68	112	93.2	126	8	145	65	138.04	124	64	118	149	80.58	55	81	134.31	36	139	35	102	148.01	59	125	21	114	76.73	74	27	5.16	105	103	121	80	116.55	30	97	149	40																																																																																																																																																																																														
150	137.42	68	62	64	74	141.7	129	13	8	132	54.29	95	17	94.83	54	39	87	137	75.41	100	86	94	150	35.1	79	22	116.86	18	78	79	76	121.56	90	56	67	51	44.18	109	85	115.67	3	51	88	9	45.02	36	53	121	134																																																																																																																																																																																														
115	114.55	26	76	116	14	107.15	104	63	10	22	93.36	112	7	149.76	139	146	7	9	80.05	129	5	140	87	121.17	87	113	1.01	97	98	112	120	80.46	5	99	20	29	42.64	95	12	122.17	134	57	113	69	21.67	69	67	93	106																																																																																																																																																																																														
58	135.8	98	71	12	40	47.28	146	11	101	111	47.69	16	147	32.35	65	7	56	17	54.6	51	98	3	77	87.63	95	70	40.48	101	61	75	41	140.83	38	104	57	133	131.02	134	53	35.92	83	3	77	141	51.96	111	63	143	78																																																																																																																																																																																														
133	137.37	72	25	129	25	69.23	122	17	95	98	138.64	106	145	111.44	32	145	50	106	87.28	100	60	134	31	147.98	32	9	112.96	49	42	121	15	118.22	51	36	54	65	25.17	20	1	42.23	108	43	94	92	28.41	96	20	73	20																																																																																																																																																																																														
97	146.58	76	13	87	99	89.87	74	103	43	84	9.81	143	85	87.64	87	44	69	4	22.76	113	149	23	50	128.53	144	111	103.35	43	143	106	10	10.65	95	139	122	88	28.3	132	80	145.67	138	5	65	55	149.44	141	18	51	114																																																																																																																																																																																														
118	52.71	58	22	43	102	51.43	39	6	7	117	125.69	122	2	12.61	107	74	36	83	41.14	70	59	119	115	127.44	56	96	61.75	149	124	6	78	96.59	96	51	49	1	41.72	135	103	35.27	53	64	114	89	122.73	60	95	136	75																																																																																																																																																																																														
81	149.18	115	133	104	11	40.49	58	103	17	17	19.63	17	10	115.6	27	98	111	35	136.74	30	32	16	114	118.61	64	121	104.79	137	126	59	124	113.54	32	37	37	26	87.16	20	81	64.52	85	46	42	105	95.66	35	123	141	62																																																																																																																																																																																														
149	69.59	98	145	40	2	2.83	142	110	105	50	39.1	104	109	127.5	67	137	16	128	44.02	105	119	139	65	38.75	24	19	98.14	88	146	51	52	65.49	61	7	37	15	50.54	99	25	99.45	136	12	29	64	134.68	134	60	30	52																																																																																																																																																																																														
59	86.66	68	148	84	141	8.77	144	148	58	22	7.55	86	58	131.63	123	135	127	140	2.17	140	94	1	34	133.08	19	70	8.6	1	105	80	96	53.19	33	9	139	42	46.82	126	67	76.98	132	25	15	14	14.64	91	132	13	13																																																																																																																																																																																														
46	102	102	124	136	33	111.82	55	107	24	129	79.13	130	54	95.15	101	120	41	81	6.49	18	52	66	97	121.42	5	112	134.64	67	132	8	73	1.35	31	82	78	56	102.91	136	25	135.93	64	137	8	59	85	39	44	51	48																																																																																																																																																																																														
13	139.17	132	148	111	80	97.76	86	148	138	134	69.56	70	56	29.77	44	42	143	106	91.97	97	122	110	31	94.65	76	23	37.69	74	96	18	90	99.23	12	142	67	57	39.97	14	136	12.2	60	91	38	1	146.89	69	97	144	122																																																																																																																																																																																														
39	58.41	137	102	131	9	148.56	57	64	39	147	30.55	90	64	49.33	7	125	80	73	11.33	89	62	54	146	114.35	29	17	19.65	144	121	86	65	114.99	98	125	77	107	125.52	19	128	95.65	5	105	136	129	90.82	124	111	66	34																																																																																																																																																																																														
90	63.61	40	38	124	23	108.21	127	77	78	71	24.41	87	9	86.34	130	16	94	3	133.12	116	14	119	110	40.43	63	121	16.34	34	5	59	59	147.71	106	137	25	103	90.26	56	45	38.56	117	139	47	14	137.45	104	55	112	60																																																																																																																																																																																														
56	5.18	136	103	65	35	23.16	128	139	107	99	12.41	90	131	58.19	26	41	32	131	25.54	113	147	24	16	106.06	39	57	52.22	33	129	140	96	69.64	6	119	80	75	120.67	112	25	11.16	11	135	136	75	46.71	72	121	3	88																																																																																																																																																																																														
117	77.02	76	148	94	48	12.7	85	51	5	41	64.34	44	72	131.19	98	47	99	96	113.46	114	145	32	67	88.97	65	78	92.52	64	129	36	106	42.62	44	31	134	4	129.76	29	32	38.54	6	135	92	116	67.78	5	41	136	92																																																																																																																																																																																														
94	71.95	84	121	28	11	78.94	9	8	129	1	80.85	30	68	139.2	109	68	88	143	132.44	88	136	69	52	102.27	45	7	32.35	148	74	136	64	40.15	131	77	38	138	61.92	85	117	30.86	91	68	23	87	74.7	84	143	126	121																																																																																																																																																																																														
144	66.51	26	20	29	115	146.72	36	56	32	34	1.77	138	7	25.9	41	127	42	14	105.01	16	85	124	25	43.71	90	55	98.52	77	16	74	35	83.32	132	104	124	25	109.14	136	62	92.88	68	103	74	99	95.67	34	112	126	105																																																																																																																																																																																														
105	55.46	54	150	65	109	61.29	116	93	11	71	99.78	89	122	119.1	146	137	58	100	92.01	46	93	11	80	118.16	46	107	83.86	79	15	111	146	61.38	116	18	130	15	61.77	130	42	19.34	75	149	70	8	49.59	66	41	36	65																																																																																																																																																																																														
91	110.08	8	49	63	8	116.21	1	57	140	74	104.72	149	26	139.86	71	18	2	57	96.8	107	74	115	62	80.92	10	22	137.93	142	27	29	118	51.98	103	138	4	104	61.61	108	98	7	67	142	23	120	87.53	102	34	25	57																																																																																																																																																																																														
75	64.12	34	35	7	59	107.6	107	22	132	26	120.37	79	63	13.34	150	61	7	115	116.16	132	89	73	148	68.08	4	40	115.69	60	3	117	97	96.45	60	103	34	54	35.19	105	31	92.42	131	28	23	89	6.25	99	49	88	129																																																																																																																																																																																														
38	137.06	118	107	22	136	146.06	28	147	86	109	42.84	118	128	95.64	70	119	78	47	110.35	38	17	94	99	4.35	51	27	23.32	64	112	63	1	90.51	141	143	99	92	16.37	10	93	61.47	91	44	118	14	105.65	106	135	114	66																																																																																																																																																																																														
98	7.95	23	4	69	43	73.14	109	143	19	57	116.39	144	145	101.43	143	33	11	101	4.65	41	99	68	123	54.3	138	55	36.42	53	26	67	113	61.58	135	110	108	85	59.32	59	61	18.01	38	125	53	5	148.56	91	98	13	146																																																																																																																																																																																														
46	23.16	75	146	54	16	145.14	13	9	29	26	18.23	131	26	113.43	140	33	129	25	41.78	78	1	69	7	95.53	109	11	40.01	11	140	73	108	59.03	118	34	133	110	77.38	80	95	115.37	12	68	83	140	76.73	102	97	124	64																																																																																																																																																																																														
28	136.11	61	44	28	97	4.75	32	67	49	71	115.19	123	25	72.93	14	99	112	18	3.96	81	28	104	93	97.82	21	24	20.01	20	120	13	11	56.9	2	94	59	59	95.42	7	28	126.4	127	71	87	76	106.24	140	25	89	51																																																																																																																																																																																														
81	23.84	40	107	10	107	7.55	120	100	46	85	104.49	112	63	14.5	66	7	56	47	103.24	24	144	7	66	55.03	133	127	20.21	79	8	131	146	116.37	47	124	109	51	74.08	130	129	78.61	150	98	92	32	9.4	66	71	72	66																																																																																																																																																																																														
52	98.66	111	87	131	115	81.61	51	110	38	7	84.5	139	140	56.65	124	25	80	136	91.55	36	79	6	96	116.18	76	149	47.16	17	47	91	97	29.86	63	49	23	64	132.04	128	22	51.91	127	7	64	96	21.9	43	115	91	57																																																																																																																																																																																														
50	59.26	18	38	106	34	149.19	34	132	121	111	17.31	100	119	111.48	100	107	125	97	127.41	81	94	2	111	69.89	101	74	34.84	26	53	135	123	139.27	93	84	92	63	90.48	106	10	4.07	78	52	111	135	129.8	25	144	142	42																																																																																																																																																																																														
30	89.68	79	72	81	148	69.79	145	92	4	108	17.9	45	15	101.44	22	149	110	77	4.5	59	18	53	126	78.22	146	39	75.6	75	45	114	33	84.71	98	103	135	45	83.1	10	62	113.5	20	32	84	15	84.1	80	125	107	88																																																																																																																																																																																														
123	132.64	150	121	121	77	70.39	35	54	128	126	111.16	149	133	19.26	92	39	134	75	69.46	23	45	140	38	10.59	99	2	123.73	35	108	146	67	56.21	67	39	123	127	141.98	24	102	13.15	94	106	48	146	81	71	91	85	99																																																																																																																																																																																														
78	19.34	122	76	50	114	84.63	148	127	79	92	12.59	87	143	136.2	64	51	3	70	109.14	143	15	144	139	146.52	89	65	109.58	108	95	35	130	11.23	138	93	66	127	9.49	53	91	133.02	31	18	131	114	115.85	90	15	45	144																																																																																																																																																																																														
52	49.71	144	37	43	94	123.38	76	104	128	137	6.73	128	76	139.4	29	129	103	128	21.72	111	41	46	126	89.97	80	121	9.96	69	95	18	142	50.51	72	53	60	82	98.33	143	119	49.98	113	115	2	103	8.36	37	72	42	17																																																																																																																																																																																														
80	88.45	146	52	110	119	93.23	97	125	140	104	123.01	68	87	24.9	116	132	150	139	33.33	47	64	97	6	139.94	139	128	114.14	85	10	1	129	7.42	60	8	94	68	77.56	12	82	133.77	9	67	25	135	55.86	84	139	53	15																																																																																																																																																																																														
90	109.49	112	102	113	77	40.1	26	70	85	64	4.27	4	69	89.91	20	43	38	77	113.04	8	72	81	19	32.75	144	73	19.16	26	33	123	12	103.59	122	104	40	49	84.93	147	118	96.75	95	114	9	150	74.26	59	123	52	4																																																																																																																																																																																														
64	92.88	138	99	23	52	119.53	86	117	98	53	38.16	88	87	17.32	118	99	98	17	52.56	28	121	145	47	76.8	62	150	104	54	143	100	95	93.39	3	46	58	85	52.39	77	76	33.38	62	48	27	16	122.95	85	25	106	79																																																																																																																																																																																														
82	15.64	60	132	150	97	1.66	66	27	143	99	126.99	60	106	40.4	102	145	121	63	31.99	138	85	46	134	19.44	132	104	23.95	71	48	83	98	11.11	18	79	109	98	62.04	136	18	55.95	122	61	105	98	26.26	99	137	24	110																																																																																																																																																																																														
16	6.68	14	121	143	38	90.31	112	2	111	118	53.72	79	32	134.98	125	22	62	41	15.19	149	148	121	3	16.23	57	96	63.6	47	88	15	27	33.98	56	105	5	124	111.89	11	7	20.94	51	12	20	67	117.1	34	38	95	57																																																																																																																																																																																														
96	132.59	68	117	80	87	38.47	31	125	49	103	17.22	56	106	94.78	1	99	126	18	65.94	79	67	18	148	119.69	74	23	111.94	2	42	56	5	110.24	57	40	106	134	125.32	99	73	111.35	122	23	60	115	139.49	112	9	24	130																																																																																																																																																																																														
84	57.48	17	137	137	9	145.56	36	128	96	28	146.11	111	57	79.2	150	127	129	35	120.3	35	4	113	150	96.92	12	126	9.68	11	52	111	88	70.01	38	95	119	138	138.7	117	19	7.56	139	107	120	103	55.93	20	22	106	94																																																																																																																																																																																														
37	132.37	144	86	47	137	108.21	102	129	9	110	53.16	34	55	7.52	19	118	91	95	52.25	27	98	15	128	117.93	34	135	15.26	78	130	123	142	53.09	77	12	57	70	55.94	3	120	138.89	93	71	17	7	4.08	22	120	90	115																																																																																																																																																																																														
61	116.39	66	120	68	139	10.12	99	18	41	119	54.49	7	141	115.22	104	5	34	32	80.26	88	83	69	65	110.54	63	126	32.13	49	92	109	126	98.97	128	104	69	56	77.09	142	34	85.02	17	104	7	121	5.91	15	13	30	67																																																																																																																																																																																														
49	145.32	55	20	87	8	142.65	55	146	27	62	108.39	78	85	103.03	129	39	62	94	105.8	11	38	31	13	145.51	39	24	72.88	60	117	56	89	38.13	33	37	29	57	120.45	105	40	57.68	134	120	144	33	17.26	147	84	125	54																																																																																																																																																																																														
17	41.45	48	108	131	27	24.95	11	12	92	143	123.8	91	10	12.57	26	79	21	32	76.91	36	17	105	96	47.91	109	132	92.34	63	76	46	38	103.73	78	142	71	128	112.61	129	49	44	114	40	27	69	2.78	17	10	61	80																																																																																																																																																																																														
109	63.63	79	64	94	103	94.27	87	76	98	106	15.99	34	120	112.09	25	76	106	128	72.19	58	64	74	70	3.91	118	11	107.34	21	5	93	118	100.91	144	135	49	95	103.17	82	28	42.26	124	23	117	42	47.38	127	49	135	92																																																																																																																																																																																														
76	17.62	15	57	121	12	12.03	17	50	143	42	77.79	103	2	6.55	54	104	150	4	104.28	109	140	55	17	103.77	88	45	110.97	69	114	87	136	143.85	52	70	150	85	115.15	55	124	7.16	71	36	38	87	42.61	1	61	16	145																																																																																																																																																																																														
37	125.66	88	48	62	94	124.67	112	99	12	63	4.33	57	17	146.5	150	142	141	54	138.39	106	92	126	105	16.52	150	75	13.19	107	25	131	78	120.87	11	66	60	50	95.77	84	143	104.75	55	138	1	132	12.65	93	38	69	44																																																																																																																																																																																														
102	40.15	59	4	68	6	28.86	9	65	46	27	37.24	25	48	34.69	115	79	24	10	73.91	115	142	88	35	19.85	39	128	118.5	45	54	94	59	97.95	25	128	13	121	38.56	71	99	37.49	35	150	67	53	95.97	147	76	64	92																																																																																																																																																																																														
103	106.09	69	127	107	117	71.18	22	31	53	44	94.91	93	64	137.69	72	10	16	145	127.06	58	141	133	127	95.11	14	66	67.6	65	13	7	65	12.01	15	83	128	23	44.95	64	64	98.75	141	128	43	57	95.36	101	128	81	126																																																																																																																																																																																														
142	144.26	118	74	29	63	13.84	43	15	130	41	118.25	120	22	16.9	83	65	85	116	18.42	108	9	111	47	98.13	149	70	28.78	23	84	43	75	58.06	100	22	148	70	5.89	53	68	118.9	27	59	90	107	117.12	4	120	12	38																																																																																																																																																																																														
70	68.38	75	43	8	126	62.16	98	36	10	35	117.58	117	98	60.53	63	48	91	107	116.22	79	103	70	36	90.07	54	87	58.95	11	9	132	9	24.08	138	18	28	128	27.51	145	107	137.85	140	121	142	86	39.1	93	92	115	110																																																																																																																																																																																														
85	110.06	4	49	60	127	17.75	37	78	129	98	43.44	73	3	111.3	51	80	27	88	99.71	118	17	65	10	126	67	83	29.76	26	5	139	12	66.11	13	5	146	107	146.04	15	139	34.31	25	24	112	38	112.34	34	120	56	62																																																																																																																																																																																														
85	116.13	57	108	123	65	119.95	148	64	105	11	3.66	96	42	77.02	30	146	56	43	69.36	87	136	109	138	102.37	117	41	108.06	81	87	149	24	1.85	73	66	94	101	58.95	99	92	78.95	37	129	72	126	122.1	63	24	15	54																																																																																																																																																																																														
85	27.95	46	44	9	129	14.13	126	83	67	114	80.37	92	18	64.53	33	36	109	144	148.69	136	102	64	13	58.65	131	96	81.39	135	52	61	4	82.02	145	120	55	27	133.62	80	85	122.35	62	100	141	58	54.78	108	139	148	8																																																																																																																																																																																														
31	63.33	130	105	16	20	14.63	110	118	104	150	136	74	18	103.59	143	98	124	73	89.93	45	69	60	44	143.65	104	111	72.82	111	37	43	84	133.4	149	1	90	27	57.81	22	82	65.98	112	1	120	60	50.91	7	20	148	112																																																																																																																																																																																														
36	58.18	7	31	77	33	72.49	147	81	7	124	53.51	79	24	138.91	147	112	23	41	146.22	1	60	47	99	87.64	3	22	95.65	38	125	39	32	5.75	146	9	137	57	60.03	48	101	144.91	138	32	44	108	119.59	40	62	144	63																																																																																																																																																																																														
89	149.64	59	80	114	25	28.99	143	118	42	55	122.96	27	17	50.64	50	9	49	136	143.41	123	72	101	120	72.59	83	140	83.91	76	9	27	84	87.61	95	138	21	51	16.07	24	113	11.11	85	106	60	86	60.09	104	95	40	6																																																																																																																																																																																														
149	36.52	107	19	22	5	83.53	20	134	16	88	33.16	145	86	35.86	91	49	44	53	90.5	122	146	62	131	77.61	63	108	4.07	27	67	48	117	31.52	116	50	29	32	129.42	114	57	30.73	90	96	55	53	31.24	106	29	78	69																																																																																																																																																																																														
116	97.77	37	35	63	123	27.04	119	20	45	77	21.39	90	4	138.72	54	131	150	2	63.45	2	57	18	118	109.82	70	50	73.21	93	90	127	142	32.36	51	55	33	140	79.85	131	149	87.16	102	56	124	148	139.82	122	97	23	119																																																																																																																																																																																														
138	144.6	73	23	40	148	54.31	139	98	18	92	108.38	61	23	112.8	10	99	122	147	52.9	126	110	91	47	125.36	30	81	55.47	8	78	45	30	15.99	102	57	118	125	135.2	20	44	71.35	143	87	124	36	71.22	19	103	122	107																																																																																																																																																																																														
113	38.49	72	29	140	37	63.26	69	35	58	55	92.99	34	59	123.23	85	118	126	33	109.95	29	37	81	65	8.05	70	97	127.78	87	19	7	83	31.68	144	72	123	111	43.87	37	140	70.54	83	68	68	46	80.99	121	31	9	131																																																																																																																																																																																														
14	9.21	77	5	52	129	71.65	116	100	141	48	117.91	128	90	120.89	35	94	135	107	110.87	76	42	127	144	99.16	121	107	44.92	15	23	22	133	113.38	79	9	98	80	48.6	132	120	45.84	143	144	8	50	48.28	136	78	61	56																																																																																																																																																																																														
21	62.95	123	88	83	117	13.25	103	119	22	8	111.89	119	62	71.63	8	136	146	79	7.92	5	97	147	89	32.59	52	89	84.15	29	51	86	57	126.66	27	96	70	9	15.61	73	37	37.63	146	133	74	5	38.68	20	104	11	85																																																																																																																																																																																														
12	57.35	71	40	94	121	83.81	144	140	130	1	116.05	41	143	99	109	104	58	15	23.39	101	148	133	44	40.21	107	10	71.98	94	21	71	110	83.4	145	29	71	6	63.33	91	139	73.06	101	87	44	132	75.65	58	35	101	19																																																																																																																																																																																														
74	148.07	104	34	98	87	66.46	142	52	107	117	108.25	101	77	22.68	64	109	69	71	62.49	122	147	108	63	113.13	19	45	49.42	107	39	5	83	41.87	72	4	102	26	122.55	86	83	7.04	43	145	41	62	94.93	44	129	85	86																																																																																																																																																																																														
43	135.87	30	128	13	13	21.69	85	31	31	64	96.61	115	28	67.03	9	75	91	77	123.21	49	44	98	122	28.35	119	94	69.79	114	88	118	2	20.11	145	123	46	128	135.12	53	95	94.39	102	4	29	138	71.25	66	125	106	3																																																																																																																																																																																														
111	71.5	63	13	3	123	122.07	63	1	108	13	95.01	24	60	40.76	126	81	28	113	87.75	139	117	122	30	94.9	94	102	29.15	22	99	67	74	88.18	50	122	90	17	10.28	114	93	100.43	57	122	57	43	46.46	131	64	49	23																																																																																																																																																																																														
73	106.49	78	83	119	54	17.48	13	42	17	115	45.53	66	86	75.99	69	5	37	51	113.46	145	134	5	141	32	53	63	90.92	85	74	12	54	70.8	85	19	140	40	51.71	38	132	62.99	141	30	102	101	11.37	140	138	42	82																																																																																																																																																																																														
64	120.41	92	76	144	32	89.43	13	104	40	125	106.44	23	138	41.74	28	48	105	54	136.18	143	150	114	145	23.11	150	81	111.95	94	6	139	130	12.29	27	93	75	21	72.37	59	62	30.49	101	28	139	128	89.52	5	69	33	1																																																																																																																																																																																														
10	120.28	88	132	37	118	142.53	91	118	71	56	78.05	15	144	83.33	24	65	42	52	62.25	118	121	129	109	136.02	83	116	86.21	134	66	20	70	17.93	33	14	93	72	8.21	11	1	136.7	40	33	108	98	82.75	82	12	38	124																																																																																																																																																																																														
53	50.99	84	145	25	135	7.78	99	73	31	94	77.48	76	19	59.94	61	67	126	46	116.19	110	83	31	148	138.28	91	137	140.72	52	82	33	71	45.32	148	142	120	70	102.03	57	107	21.87	143	117	64	72	31.09	63	102	147	102																																																																																																																																																																																														
142	42.78	20	61	122	120	44.14	95	90	126	7	76.77	80	147	61.6	6	9	90	101	141.87	82	128	118	26	62.35	37	79	56.45	44	18	24	15	142.07	6	56	12	30	66.68	73	3	9.82	84	53	106	73	132.26	105	17	72	101																																																																																																																																																																																														
116	97.77	96	106	35	128	146.62	13	90	2	39	131.32	106	81	43.35	54	144	24	50	49.95	54	89	88	24	106.09	5	48	42.98	143	60	83	114	119.66	72	131	95	137	120.19	31	25	92.4	92	130	58	127	5.28	137	140	21	77																																																																																																																																																																																														
23	8.25	114	148	146	61	140.01	101	85	46	68	28.05	88	113	113.32	69	98	19	21	52	45	82	57	88	2.24	41	23	125.67	2	110	23	129	64.41	24	63	112	21	25.65	140	51	114.83	97	132	67	150	17.15	40	128	127	99																																																																																																																																																																																														
75	148.22	15	135	130	70	109.34	41	133	131	27	28.08	59	2	112.49	142	9	40	15	58.47	51	38	44	135	5.2	102	31	139.72	119	116	82	25	95.97	23	40	21	9	103.22	90	82	102.83	72	120	60	16	142.99	26	125	106	140																																																																																																																																																																																														
57	73.55	21	69	42	150	130.51	96	101	150	51	128.27	120	142	85.59	98	69	150	137	60.22	137	103	11	65	10.28	65	52	99.54	10	138	45	36	6.3	114	148	99	55	30.2	8	46	141.22	150	59	99	65	61.19	95	140	131	67																																																																																																																																																																																														
112	116.93	143	65	30	19	73.48	53	123	103	123	18.82	113	18	51.7	21	26	13	5	109.81	17	97	54	136	18.63	85	129	103.54	126	30	110	109	8.99	134	143	98	109	17.31	94	86	12.03	114	64	143	93	33.65	69	15	48	127																																																																																																																																																																																														
92	22.02	59	45	32	142	110.42	123	17	74	134	73.03	145	20	42.78	145	103	37	33	21.68	57	43	88	49	119.06	69	98	114.9	22	27	77	94	130.02	41	125	31	24	63.68	99	66	89.94	38	40	92	69	36.81	15	62	103	22																																																																																																																																																																																														
45	32.51	136	49	33	139	75.81	32	7	104	134	83.26	138	102	129.95	4	5	87	52	4.2	82	77	5	55	140.68	89	72	4.93	69	64	139	44	1.28	126	64	126	127	90.52	108	96	141.61	144	11	49	35	5.67	147	131	96	46																																																																																																																																																																																														
15	38.4	5	115	65	6	76.45	29	121	112	105	141.73	20	54	24.88	33	125	37	145	68.52	124	11	111	41	132.32	103	16	135.8	81	31	20	65	13.65	77	101	140	31	55.2	9	63	4.39	64	69	131	136	22.15	59	145	135	137																																																																																																																																																																																														
68	40	116	74	142	109	82.92	51	82	123	116	6.14	10	118	34.89	100	72	5	102	71.73	117	4	36	117	80.95	26	117	22.12	48	109	8	53	70.44	32	53	45	31	34.4	1	150	73.34	52	82	132	25	62.78	95	118	113	109																																																																																																																																																																																														
131	14.53	46	49	54	49	46.8	18	20	138	73	72.21	16	116	16.77	120	75	90	21	95.72	19	44	37	143	90.06	37	22	47.98	4	35	88	45	122.43	48	35	113	130	34.01	78	25	113.79	107	94	46	83	142.63	27	132	38	11																																																																																																																																																																																														
134	132.1	66	88	30	29	67.03	40	3	87	129	56.85	42	41	85.2	122	112	23	147	122.62	59	15	2	102	98.44	45	74	5.35	9	32	126	70	99.01	28	30	135	108	43.29	28	12	65.92	103	106	123	108	27.83	80	75	145	109																																																																																																																																																																																														
108	111.76	141	21	144	18	120.33	76	128	139	17	137.15	53	85	45.77	64	110	114	14	45.05	132	78	69	29	34.17	27	77	36.62	125	78	107	93	111.23	59	35	126	39	125.75	105	44	53.26	94	62	53	148	17.15	50	76	113	116																																																																																																																																																																																														
106	20.94	86	129	49	139	99.72	40	13	42	83	59.91	16	140	97.64	2	127	132	109	78.19	49	78	84	70	33.48	57	122	117.24	37	137	88	81	48.75	29	138	68	73	69.43	73	148	107.67	150	79	27	27	136.6	68	148	65	132																																																																																																																																																																																														
65	93.83	69	141	141	136	86.58	13	125	48	104	90.34	107	47	61.78	66	58	113	143	7.46	89	79	72	65	66.22	2	106	44.2	79	59	10	110	41.64	22	24	98	134	122.8	33	8	148.43	111	88	71	13	33.54	148	38	28	95																																																																																																																																																																																														
95	106.35	13	123	49	95	57.43	129	2	132	30	94.38	54	58	75.53	12	39	82	106	146.18	34	119	128	99	69.87	1	99	1.7	73	67	129	107	91.11	10	90	150	143	43.22	55	72	130.9	104	29	65	143	82.95	137	117	97	146																																																																																																																																																																																														
100	92.61	88	21	45	141	93.13	93	3	28	5	84.43	12	131	49.82	45	100	16	15	102.18	17	80	49	81	71.14	76	81	104.45	97	131	87	138	92.5	149	56	26	136	123.64	31	123	75.4	145	145	44	81	38.44	81	126	129	83	110	111	7	24.65	135	121	97	141	135.83	124	101	114	33	11.37	128	24	132	149	82.8	1	112	62	84	77.14	139	75	1	106	35.43	53	82	83	78	80.29	50	65	66	121	40.42	149	27	51	116	110.33	43	21	59	121	3.26	10	33	89	58	88.79	108	122	149	104	47.49	137	69	109	9	13.45	77	100	48	8	133.07	121	88	72	150	111.84	127	74	144	35	14.19	143	19	54	18	73.36	114	145	60	81	58.1	84	15	90	23	46.18	44	96	43	67	105.55	26	79	71	118	82.6	64	145	36	73	124.24	94	98	86	54	23.64	7	8	147	41	129.73	30	22	55	136	123.84	124	142	40	112	38.47	45	36	124	8	145.41	125	4	101	63	94.13	100	59	137	92	27.27	101	18	45	16	53.82	74	75	10	18	140.08	104	120	59	78	21.38	21	132	140	17	91.47	56	65	60	21	61.82	75	137	44	81	16.6	43	48	132	63	98.49	38	40	80	13	122.85	44	7	93	38	128.5	110