50 240
116	147.82	71	2	84	5	46.6	9	14	22	33	71.85	81	23	37.41	35	82	69	129	88.54	10	74	19	143	85.74	134	117	65.3	3	24	54	136	49.68	114	58	15	94	36.11	88	33	41.29	99	61	83	114	48.13	17	49	98	128																																																																																																																																																																																														
85	123.85	73	133	141	13	24.86	94	13	130	147	109.64	88	143	48.22	3	9	87	97	132.95	46	145	79	130	113.26	133	88	69.31	26	92	28	1	30.53	45	79	142	8	71.74	84	64	110.68	132	94	138	17	78.85	59	32	76	142																																																																																																																																																																																														
59	7.31	125	66	58	115	71.81	94	117	146	64	35.66	47	98	56.3	79	130	79	41	46.32	137	68	131	45	64.73	119	77	112.43	96	123	135	143	123.7	116	67	14	65	135	87	68	44.27	31	51	73	114	106.37	105	68	36	131																																																																																																																																																																																														
101	140.22	52	139	135	74	142.24	58	118	127	131	130.98	136	23	72.78	122	59	74	20	11.81	65	29	31	31	81.61	36	39	51.39	7	39	129	94	62.46	106	4	64	89	125.25	80	86	59.44	67	52	78	134	72.36	46	109	50	6																																																																																																																																																																																														
85	101.52	90	69	5	116	33.46	26	149	114	91	63.94	75	25	83.93	56	21	35	78	121.14	52	150	24	90	55.42	40	106	138.13	10	46	51	33	69.42	34	22	83	60	54.7	64	106	134.26	63	87	41	6	113.51	145	33	11	70																																																																																																																																																																																														
54	12.67	143	30	125	29	68.59	5	74	97	18	132.09	25	76	142.11	147	68	115	84	101.48	40	129	142	18	101.98	137	20	112.14	12	11	102	2	116.77	117	23	144	37	7.54	148	36	55.53	129	141	82	148	110.69	77	103	24	108																																																																																																																																																																																														
142	132.2	46	129	29	13	148.25	121	140	115	24	54.67	13	124	143.45	146	86	56	16	9.95	101	149	115	145	79.2	142	4	107.41	30	125	121	117	77.17	49	114	115	73	45.28	3	79	99.1	120	115	82	80	71.3	149	111	26	17																																																																																																																																																																																														
15	114.05	137	98	6	36	141.96	60	85	126	147	115.55	48	139	113.74	120	98	31	79	71.16	84	68	90	38	117.59	145	85	24.65	15	54	108	119	145.99	103	80	122	1	62.85	126	92	132.6	123	31	99	132	136.36	10	103	58	33																																																																																																																																																																																														
89	23.08	57	55	79	42	81.8	119	102	136	88	9.5	54	124	100.08	82	113	101	27	44.23	49	129	128	95	89.14	83	135	136.74	115	44	79	110	67.72	59	142	5	110	99.6	26	106	9.63	47	46	50	49	68.38	71	49	72	73																																																																																																																																																																																														
1	115.83	28	88	111	26	28.82	121	137	149	7	66.11	63	61	88.3	80	37	2	102	29.61	37	132	143	6	96.74	41	14	99.67	59	135	77	63	30.25	97	149	91	3	129.21	8	53	128.19	127	44	58	42	119.12	85	127	129	31																																																																																																																																																																																														
100	57.34	57	121	51	147	35.31	104	67	119	21	26.83	96	22	87.2	51	17	12	86	27.98	112	82	42	92	40.93	97	37	32.69	22	69	135	72	64.89	2	69	130	10	112.3	73	114	101.03	142	79	124	6	113.88	55	64	134	125																																																																																																																																																																																														
68	57.73	91	12	85	137	141.64	18	146	121	73	52.61	78	32	77.91	88	48	12	11	1.37	25	38	119	116	61.69	75	141	76.56	33	57	139	104	44.37	54	90	49	104	117.91	17	40	21.08	17	37	105	135	108.38	13	81	70	54																																																																																																																																																																																														
80	28.42	12	75	20	28	19.32	79	110	147	39	83.28	72	14	16	127	54	86	47	98.65	147	46	78	131	91.09	47	113	29.64	5	139	100	33	86.53	103	42	100	128	125.51	54	38	13.57	136	150	81	111	8.16	13	109	124	143																																																																																																																																																																																														
2	112.05	55	39	78	111	95.08	96	60	3	40	85.4	41	35	61.52	76	23	126	93	83.4	124	119	41	127	31.82	13	42	59.46	107	65	2	90	20.92	119	56	35	42	129.78	11	102	80.63	55	57	58	144	117.19	84	8	75	114																																																																																																																																																																																														
81	27.93	97	95	109	42	98.83	114	77	67	115	66.42	33	87	18.89	21	70	100	138	80.67	149	82	89	69	133.63	144	3	56.55	65	36	4	128	130.58	145	111	119	96	27.27	34	80	80.29	70	44	17	127	33.67	4	1	103	22																																																																																																																																																																																														
149	69.22	30	58	40	107	69.65	114	70	63	19	128.33	84	95	69.33	17	106	1	112	91.42	119	62	9	131	47.69	38	28	129.1	131	105	104	64	119.71	89	16	117	54	147.77	32	80	93.59	18	60	142	36	93.19	106	141	142	72																																																																																																																																																																																														
129	25.82	108	117	131	99	102.87	142	97	38	26	51.59	25	21	148.72	101	71	108	134	38.23	140	64	113	115	59.51	81	136	62.28	66	84	108	118	112.47	24	79	19	80	100.21	83	91	53.14	131	61	124	55	62.27	10	134	145	53																																																																																																																																																																																														
56	2.9	89	34	73	40	52.82	44	111	107	28	45.26	65	95	70.99	109	120	23	113	79.86	122	90	74	131	137.93	136	143	40.64	41	47	66	44	88.07	101	135	75	39	65.84	15	91	42	119	127	90	46	134.22	103	87	62	60																																																																																																																																																																																														
149	36.92	119	76	65	97	115.55	7	35	64	90	137.25	138	147	5.86	93	123	17	10	139.54	115	29	89	135	136.07	70	99	93.21	81	87	133	106	37.09	73	89	37	111	95.13	1	104	84.17	83	92	5	9	24.97	85	85	35	123																																																																																																																																																																																														
117	44.11	59	137	103	50	71.28	75	10	14	42	13.84	113	127	74.01	103	4	78	46	115.51	115	34	86	112	65.09	27	128	147.46	56	115	23	39	31.73	143	147	20	54	7.69	3	18	27.16	12	57	136	150	21.29	78	148	141	59																																																																																																																																																																																														
123	16.62	59	36	86	56	73.98	36	73	53	72	96.42	76	129	12.4	34	21	139	2	5.56	91	52	89	149	17.81	121	69	92.68	131	56	65	87	24.03	9	83	41	64	137.74	46	53	52.93	4	79	75	17	27.82	46	25	91	128																																																																																																																																																																																														
90	111.93	33	121	24	114	90.14	81	23	118	104	62.86	69	140	81.38	101	130	65	7	120.54	16	86	41	30	136.46	135	64	118.65	21	135	76	125	140.62	70	3	119	127	118.77	83	78	93.82	44	52	65	47	31.26	11	84	51	38																																																																																																																																																																																														
99	134.06	62	32	125	16	45.66	64	21	41	112	76.78	21	35	38.26	71	5	144	13	47.62	64	71	32	116	42.6	139	40	4.09	29	118	36	9	126.83	4	23	90	43	119.43	51	87	82.64	56	52	14	75	59.23	92	35	69	14																																																																																																																																																																																														
127	57.13	80	124	124	52	26.76	37	64	42	115	30.51	68	75	120.16	74	17	71	84	65.02	52	56	122	88	37.77	37	146	29.35	13	45	61	50	131.16	109	91	27	138	38.17	42	131	25.91	75	11	92	11	122.25	142	1	81	95																																																																																																																																																																																														
90	23.3	123	119	124	117	84.13	127	121	48	99	126.18	51	79	148.58	121	93	12	69	124.35	120	32	11	150	25.2	63	137	124.49	52	54	117	34	102.11	141	150	101	66	116.25	111	21	139.79	132	5	27	45	122.78	40	17	63	47																																																																																																																																																																																														
25	23.72	5	101	135	120	29.99	105	59	107	74	138.04	83	147	81.89	133	81	103	104	20.3	52	83	15	105	106.91	122	24	89.78	30	127	85	81	147.08	84	104	80	77	143.87	15	125	71.47	132	100	89	139	35.89	68	75	149	34																																																																																																																																																																																														
70	95.62	89	35	148	115	29.1	112	16	36	105	103.92	5	147	80.73	107	74	89	118	24.21	43	50	34	19	15.36	123	46	114.25	134	149	40	5	146.91	86	32	74	96	100.91	28	34	30.02	121	58	112	13	147.88	128	20	142	42																																																																																																																																																																																														
59	25.37	95	91	39	20	146.35	127	66	4	138	38.51	64	97	37.4	15	50	60	115	136.12	29	88	113	89	29.56	2	31	115.87	117	106	47	58	13.72	62	28	10	110	75.41	133	114	50.19	17	66	49	125	42.94	72	63	128	49																																																																																																																																																																																														
22	145.5	55	1	148	45	29.84	98	37	1	104	130.88	40	27	129.12	92	29	77	135	94.01	89	30	150	102	88.52	83	33	2.19	96	128	133	95	115.52	94	58	122	110	66.75	145	78	99.72	68	64	62	59	87.71	150	26	122	99																																																																																																																																																																																														
108	66.32	105	108	1	103	41.63	81	91	145	88	10.31	47	38	138.99	16	9	53	61	105.92	114	86	116	126	144.54	92	103	132.43	26	67	78	38	83.84	78	23	80	26	130.96	50	53	14.67	123	37	81	123	3.91	119	35	140	7																																																																																																																																																																																														
140	99.07	1	68	31	17	18	114	42	31	2	82.08	1	108	35.7	89	122	55	102	71.11	58	148	121	123	77.68	81	26	138.64	30	42	6	11	149.37	94	135	103	1	124.72	127	86	60.65	128	98	8	123	68.71	60	83	18	83																																																																																																																																																																																														
136	124.09	98	45	35	134	19.09	79	135	69	93	138.85	137	48	135	61	98	140	124	6.99	57	11	150	2	15.47	74	149	57.38	107	29	116	81	86.71	93	125	22	97	13.55	141	76	40.46	86	136	79	98	102.1	72	17	117	94																																																																																																																																																																																														
85	13.47	79	133	9	86	48.56	67	41	150	99	13.18	132	43	1.67	147	128	84	91	143.43	122	128	69	74	83.21	42	120	9.72	143	79	107	32	101.22	56	126	135	135	103.95	56	48	2.98	97	114	105	86	120.93	43	78	95	131																																																																																																																																																																																														
55	115.84	35	1	74	22	103.31	144	108	59	48	124.01	137	61	43.51	149	149	141	11	139.95	125	144	37	127	15.64	149	68	88.75	53	73	33	114	145.41	60	89	80	147	82.12	42	123	10.1	18	15	24	143	131.81	66	126	48	138																																																																																																																																																																																														
100	99.47	38	88	46	52	145.56	7	121	70	148	111.04	11	67	126.12	59	27	87	6	92.3	59	41	95	125	135.27	64	112	20.83	61	20	41	77	139.88	81	75	49	54	57.42	70	53	66.85	44	117	98	76	141.53	104	53	31	47																																																																																																																																																																																														
133	25.61	79	71	108	62	146.26	31	148	67	12	141.8	72	81	26.68	114	135	71	146	120.76	93	144	89	91	128.19	119	131	64.19	112	84	5	18	75.75	124	118	56	121	12.92	126	143	46.51	99	103	150	85	92.21	62	108	13	66																																																																																																																																																																																														
115	83.19	147	24	129	104	5	52	70	82	56	68.94	64	133	3.18	147	81	114	77	112.22	46	96	10	7	45.51	30	53	92.25	124	148	3	103	143.74	41	14	96	62	33.46	70	65	103.86	133	40	33	137	5.34	2	42	10	147																																																																																																																																																																																														
21	54.45	19	136	104	123	119.51	12	111	135	53	129.34	26	42	75.18	17	21	91	11	28.49	82	19	133	140	60.07	82	34	15.88	46	81	116	111	9.41	1	135	85	2	77.52	6	10	58.23	14	33	21	74	28.85	44	128	103	129																																																																																																																																																																																														
130	31.22	42	106	20	125	14.61	119	61	40	44	119.84	31	68	51.87	135	128	114	144	22.04	45	139	91	20	129.32	95	150	98.59	18	85	70	41	24	71	150	59	88	136.92	139	149	131.51	98	125	19	76	44.96	94	74	27	3																																																																																																																																																																																														
109	84.67	40	45	83	97	78.71	148	47	123	52	124	103	38	100.52	106	141	123	3	34.34	147	64	83	36	80.87	51	97	88.28	37	73	17	25	95.58	21	122	43	43	19.92	100	68	91.15	56	150	34	113	118.08	142	129	147	4																																																																																																																																																																																														
34	6.34	107	50	43	84	82.93	68	106	33	70	90.94	125	91	96.45	71	112	21	52	21.58	72	85	126	68	76.18	13	128	112.7	16	77	93	108	1.96	42	64	108	60	143.32	103	14	43.89	54	122	28	116	60.31	123	74	76	1																																																																																																																																																																																														
110	16.85	137	39	117	126	106.8	8	70	101	141	69.77	32	29	50.02	26	127	82	52	51.53	7	115	112	59	28.37	94	52	10.32	69	3	109	107	41.61	141	76	39	134	142.66	27	148	141.93	44	34	86	113	107.72	78	2	8	57																																																																																																																																																																																														
62	107.89	4	84	87	47	2.35	135	40	58	61	79.32	13	9	93.69	30	53	65	61	82.48	116	95	5	62	43.44	65	113	113.07	60	3	36	123	32.62	104	134	112	34	22.36	138	131	90.39	18	54	18	64	5.28	149	32	113	12																																																																																																																																																																																														
115	65.56	49	123	134	137	10.73	3	134	17	121	73.76	73	41	21.06	141	17	81	127	93	2	28	92	42	146.73	31	6	27.21	48	27	104	8	37.05	28	70	2	9	22.72	141	92	3.62	56	149	125	28	89.77	84	85	73	74																																																																																																																																																																																														
4	115.1	11	108	2	99	127.16	105	37	1	124	35.49	3	105	52.9	58	56	56	2	37.45	91	129	67	132	38.43	26	7	132.69	19	103	96	105	10.88	120	29	74	113	80.25	76	52	17.68	81	15	58	11	94.86	112	82	106	49																																																																																																																																																																																														
78	18.91	18	14	75	7	111.5	21	77	71	148	64.12	104	125	76.08	138	84	79	69	68.08	127	71	5	66	23.26	83	73	67.32	12	8	107	97	45.08	94	35	107	68	136.26	141	63	85.34	38	74	108	40	133.57	123	124	105	37																																																																																																																																																																																														
107	51.41	81	38	21	132	38.61	102	95	146	4	124.77	123	96	34.13	10	136	36	83	75.45	27	110	82	141	149.37	134	8	95.82	9	86	81	84	143.77	107	109	14	57	11.98	113	63	131.14	55	40	19	29	6.96	88	147	54	52																																																																																																																																																																																														
32	70.12	112	61	6	61	20.29	19	120	91	122	68.9	133	96	34.65	127	50	93	8	86.83	28	126	41	40	31.52	122	1	71.02	33	34	11	89	128.2	39	20	92	108	107.08	79	147	56.35	88	40	140	7	110.77	58	67	81	14																																																																																																																																																																																														
65	122.92	59	49	56	148	109.34	49	133	8	57	58.43	38	89	41.75	101	75	66	96	71.12	39	45	141	146	144.2	7	149	142.89	131	64	71	72	130.9	124	21	67	109	128.01	76	79	58.75	38	78	39	58	128.8	90	68	82	142																																																																																																																																																																																														
116	71.21	49	110	86	83	119.61	148	88	92	122	134.58	70	115	80.66	129	75	147	64	99.96	20	104	14	149	41.64	138	13	105.58	121	91	122	130	100.99	66	19	136	77	87.02	85	44	107.53	26	51	144	117	121.32	59	105	66	4																																																																																																																																																																																														
84	26.81	61	12	3	90	57.77	3	34	124	116	129.6	108	147	129.75	44	78	99	81	21.5	2	146	118	100	76.28	123	116	93.78	99	122	144	70	69.91	136	41	116	135	94.94	78	5	106.28	110	38	57	14	89.75	73	82	86	83																																																																																																																																																																																														
20	149.26	90	120	20	107	47.23	11	149	136	81	58.98	41	46	139.28	14	21	54	115	12.96	145	43	120	92	5.73	15	96	19.54	1	123	58	18	74.3	127	50	147	42	3.15	133	94	45.44	143	57	149	123	47.15	117	119	103	129																																																																																																																																																																																														
33	9.64	50	1	76	82	6.21	32	135	64	105	6.84	119	63	21.02	54	35	91	134	82.65	120	78	51	46	65.02	110	60	42.51	48	134	130	145	122.7	51	122	83	5	93.74	36	81	148.88	135	63	113	9	48.06	58	122	48	57																																																																																																																																																																																														
17	143.62	46	39	82	140	33.27	60	35	101	134	49.95	91	119	37.57	47	85	98	78	55.16	145	111	48	13	111.5	94	149	113.56	133	55	8	64	27.11	35	5	45	107	94.75	45	6	110.6	38	75	26	39	76.16	44	75	83	57																																																																																																																																																																																														
48	131.8	35	41	99	66	46.04	78	32	98	111	24.07	24	54	8.52	45	55	148	126	116.77	18	60	54	23	117.55	128	108	98.36	57	114	133	17	67.01	103	136	69	134	49.97	71	87	126.89	64	141	100	111	49.82	146	136	95	52																																																																																																																																																																																														
72	108.32	68	143	7	140	53.66	114	30	142	72	62.44	126	114	141.93	92	112	147	4	69.01	29	125	83	119	33.81	43	12	145.45	10	48	42	27	129.18	135	62	92	41	145.82	118	51	49.5	1	2	76	125	51.95	36	31	82	61																																																																																																																																																																																														
22	115.03	120	27	11	13	70.15	125	85	37	127	117.16	38	26	41.95	3	136	96	8	14.98	40	30	83	102	68.25	73	123	135.99	2	6	30	127	147.13	43	44	95	41	138.99	4	69	13.36	63	11	109	61	69.85	86	30	50	99																																																																																																																																																																																														
85	83.8	31	95	54	132	94.83	89	77	146	16	39.95	22	101	127.37	124	109	100	38	128.88	7	80	60	65	73.16	13	104	90.19	87	78	105	34	81.6	53	127	36	93	60.2	91	15	22.13	25	122	70	147	15.66	149	110	115	51																																																																																																																																																																																														
87	94.74	129	58	12	37	62.08	107	139	95	26	7.03	51	125	130.89	40	71	81	134	108.69	94	12	146	112	39.68	120	118	114.59	94	44	143	31	25.81	75	126	141	93	13.26	130	17	77.65	96	138	26	60	12.71	131	110	109	14																																																																																																																																																																																														
52	136.51	25	116	19	36	2.26	55	18	28	105	11.67	116	51	3.36	123	131	14	67	143.32	108	112	67	141	42.75	140	69	15.91	19	6	15	63	121.13	51	21	27	4	2.6	109	104	74.39	18	93	2	34	35.4	134	43	95	16																																																																																																																																																																																														
83	33.33	6	75	71	26	5.1	18	100	13	114	139.65	3	31	45.38	133	92	132	148	21.05	98	100	99	123	124.11	95	124	117.9	36	56	92	98	135.58	16	116	111	8	17.12	121	108	3.57	38	101	55	2	136.02	76	41	45	76																																																																																																																																																																																														
139	131.16	81	91	26	30	45.23	136	1	109	29	93.33	6	91	15.57	38	68	85	118	129.7	128	88	89	90	39.17	97	76	61.84	56	8	62	118	14.57	106	72	141	33	129.47	107	16	25.23	4	108	13	26	74.06	102	98	45	70																																																																																																																																																																																														
91	31.1	52	74	43	118	82.4	60	112	127	32	112.34	84	79	26.54	128	38	132	41	113.58	127	12	129	115	59.88	43	35	126.83	109	39	104	139	109.15	150	73	41	12	59.35	79	40	16.54	8	113	56	88	35.32	69	15	58	14																																																																																																																																																																																														
15	21.42	77	135	144	54	56.67	66	97	89	20	101.8	51	1	47.77	24	67	88	44	78.64	31	19	124	17	124.23	14	83	113.07	119	57	86	89	82.76	107	51	72	91	43.67	9	95	101.19	89	5	12	19	149.9	97	48	65	63																																																																																																																																																																																														
134	102.11	23	90	146	28	65.52	122	16	112	44	65.32	72	117	134.4	42	110	30	103	74.52	146	118	31	31	17.84	86	69	47.96	53	102	99	38	67.88	34	24	59	90	67.61	65	139	82.46	11	94	45	140	97.11	22	94	47	50																																																																																																																																																																																														
135	41.27	60	86	68	62	129.22	17	4	65	143	50.83	144	18	49.36	125	15	51	3	43.52	34	58	58	74	4.81	72	81	20.05	59	93	63	109	51.32	60	48	113	44	44.73	78	122	5.42	40	119	78	46	143.5	126	149	140	81																																																																																																																																																																																														
3	82.02	96	106	16	81	132.93	134	106	46	86	95.2	54	26	83.62	100	2	127	5	97.61	57	51	31	87	138.64	89	102	4.59	67	110	132	73	20.11	127	38	4	145	12.82	37	7	78.48	28	89	12	116	118.78	70	60	88	149																																																																																																																																																																																														
76	6.76	142	8	44	32	112.15	77	81	103	55	95.65	66	137	64.67	141	100	55	78	30.54	30	105	109	62	115.45	126	79	77.67	70	3	104	106	133.49	132	139	109	12	33.44	55	83	103.12	91	112	141	74	21.91	132	141	128	8																																																																																																																																																																																														
113	55.53	70	39	144	67	51.67	16	115	57	82	29.75	123	78	25.17	148	106	35	27	64.08	10	113	116	119	61.8	22	25	1.46	148	34	74	139	38.91	134	11	92	40	57.02	64	54	12.29	6	141	148	136	109.57	7	5	52	59																																																																																																																																																																																														
38	147.89	132	81	59	112	135.32	2	128	43	48	127.48	22	4	2.67	106	90	60	102	30.64	83	136	123	57	66.45	103	23	52.83	109	78	6	68	54.08	39	13	50	27	33.3	53	71	101.06	25	79	53	122	129.56	124	9	120	90																																																																																																																																																																																														
42	22.26	12	45	101	22	93.86	86	71	87	16	2.39	38	146	134.04	106	25	46	127	83.36	60	20	29	29	129.68	75	42	106.13	31	13	150	15	18.52	110	131	38	6	99.16	70	51	145.54	80	16	5	118	68.01	28	149	86	111																																																																																																																																																																																														
79	102.51	67	49	113	79	133.29	93	49	78	115	84.6	18	119	84.83	25	6	95	37	22.59	18	28	72	90	55.68	83	24	93.59	58	79	112	71	127.16	77	123	84	7	36.19	128	148	41.88	78	22	138	79	78.29	94	56	27	149																																																																																																																																																																																														
88	73.16	147	141	104	81	35.31	52	31	94	66	55.61	125	55	56.25	67	107	28	129	104.79	97	21	5	119	125.7	4	49	98.07	73	139	21	36	136.06	113	1	9	30	106.12	17	52	40.08	82	93	123	22	120.28	114	60	42	50																																																																																																																																																																																														
140	67.51	4	112	86	116	51.09	49	7	9	43	128.17	46	44	91.1	60	91	11	145	28.12	106	76	37	125	129.56	17	60	81.92	30	128	104	102	91.68	33	129	88	64	120.1	147	118	104.89	19	114	101	113	136.33	12	106	62	43																																																																																																																																																																																														
83	73.98	4	3	35	72	19.36	137	113	74	73	117.41	116	100	131.69	131	81	84	61	87.75	57	87	17	77	19.7	102	74	39.44	111	64	37	149	71	2	5	8	137	112.3	91	138	38.53	35	1	114	12	7.7	91	102	69	127																																																																																																																																																																																														
144	42.26	114	129	150	21	141.49	83	113	129	45	138.47	70	47	56.94	103	68	27	41	106.35	120	17	27	139	41.13	150	63	87.96	69	15	100	21	79.37	20	87	123	113	50.2	12	23	49.24	16	30	65	101	91.62	55	143	20	52																																																																																																																																																																																														
148	45.4	77	148	84	148	29.7	50	55	20	15	94.24	87	48	56.63	73	74	69	150	9.91	43	39	42	74	5.99	98	78	80.15	88	96	67	91	117.52	36	127	45	112	1.84	36	42	112.09	101	98	7	68	24.61	102	17	61	133																																																																																																																																																																																														
99	94.62	19	15	107	39	54.98	113	127	89	142	118.83	136	100	78.19	12	74	88	64	65.35	15	51	84	86	149.33	71	48	31.11	98	16	145	141	10.23	7	80	89	77	131.69	120	113	23.29	143	15	78	103	23.92	61	99	94	47																																																																																																																																																																																														
23	40.21	40	62	68	140	85.53	47	35	2	69	48.52	142	25	138.42	50	102	56	102	134.55	31	131	112	129	122.72	53	17	14.69	96	37	19	23	33.29	126	102	130	83	93.26	147	144	105.23	137	82	63	149	53.41	149	107	149	80																																																																																																																																																																																														
124	63.12	50	5	91	88	103.51	52	103	133	71	120.03	142	132	107.06	136	76	114	20	87.64	112	54	147	21	71.71	55	118	16.89	43	114	142	120	3.53	9	25	84	122	89.59	2	32	11.49	91	41	69	2	52.03	13	73	72	80																																																																																																																																																																																														
10	100.54	123	13	24	65	86.66	140	86	24	24	30.58	90	65	106.05	18	122	67	137	122.29	46	18	30	51	147.14	17	127	22.86	142	70	140	55	54.29	117	19	41	55	28.7	86	6	79.59	8	60	28	116	10.12	43	105	69	150																																																																																																																																																																																														
91	16.73	27	101	75	42	87.03	23	95	3	14	82.03	119	55	60.98	88	101	23	118	105.22	60	23	58	123	95.34	50	1	7.84	7	59	111	45	91.76	55	98	62	79	118.27	24	84	73.83	122	17	30	125	100.58	22	28	88	81																																																																																																																																																																																														
134	40.79	122	59	116	133	50.84	103	102	146	61	119.92	93	64	63.85	137	115	129	115	113.88	14	25	136	3	116.46	109	100	14.23	51	7	67	35	26.39	150	65	25	131	70.37	17	88	12.41	100	148	13	119	8.14	44	138	75	125																																																																																																																																																																																														
74	2.3	104	2	43	124	28.87	137	36	118	93	41.6	103	120	143.68	69	76	140	70	115.03	32	145	34	35	73.55	94	15	60.83	129	57	88	131	128.69	117	134	92	107	33.65	3	131	124.77	11	130	149	146	95.26	111	30	58	122																																																																																																																																																																																														
136	132.61	53	55	55	33	147.81	36	82	100	106	77.39	124	95	4.29	102	2	71	96	118.27	78	147	67	12	140.61	130	119	57.04	31	125	130	97	62.72	48	119	28	43	4.25	139	52	30.52	85	21	97	96	56.71	4	148	35	19																																																																																																																																																																																														
45	5.61	118	115	56	57	95.67	129	92	32	105	111.36	80	133	21.19	117	48	11	89	75.15	34	60	20	34	24.55	131	62	137.39	107	58	27	126	68.96	9	8	18	36	30.28	83	98	43.45	18	95	11	14	104.26	125	97	44	116																																																																																																																																																																																														
2	95.61	116	42	82	109	70.44	126	38	27	121	11.19	72	88	78.83	72	24	55	12	47.08	29	15	59	33	141.35	142	54	145.57	88	33	126	28	1.87	150	51	46	25	5.11	82	29	21.09	127	139	21	109	72.17	145	140	53	111																																																																																																																																																																																														
36	65.1	112	115	10	113	77.88	113	106	150	16	18.56	92	142	4.88	132	52	49	53	41.67	35	111	127	2	143.7	68	26	125.17	90	32	120	54	32.84	12	81	38	137	56.08	67	116	142.38	66	23	133	62	58.83	19	75	118	30																																																																																																																																																																																														
146	76.13	105	80	84	17	75.7	91	71	74	84	135.71	100	36	90.09	107	116	51	84	66.39	108	18	84	94	52.23	102	91	84.68	49	116	15	97	137.96	85	30	101	106	88.87	108	117	135.25	14	10	130	24	144.63	40	134	105	33																																																																																																																																																																																														
55	25.07	15	41	39	115	81.91	89	5	80	46	61.58	27	143	75.16	83	51	85	68	25.86	91	108	52	93	36.62	54	111	76.63	110	118	103	117	34.04	12	125	62	80	85.71	81	47	10.66	89	17	44	105	12.15	104	15	40	102																																																																																																																																																																																														
32	82.93	72	43	145	79	15.56	9	114	115	149	97.33	36	123	37.55	98	119	61	11	23.4	124	30	6	62	95.83	60	93	105.89	123	30	134	62	117.16	107	88	15	48	102.7	129	92	123.73	109	73	46	22	75.66	99	11	142	150																																																																																																																																																																																														
2	100.39	104	29	139	34	93.44	40	6	15	10	115.52	68	25	136.79	83	1	143	26	48.69	149	13	25	20	54.52	131	10	49.93	56	15	68	120	81.07	67	92	42	142	129.95	64	13	131.17	125	53	121	38	80.41	55	115	25	45																																																																																																																																																																																														
26	145.24	96	113	92	120	119.33	123	65	125	100	126.67	26	129	30	143	72	138	103	70.65	12	74	56	9	112.05	140	54	31.19	42	79	139	90	74.77	121	91	27	46	90.63	148	17	109.98	46	85	68	118	122.87	53	144	23	94																																																																																																																																																																																														
138	21.21	108	25	87	59	57.3	137	13	2	24	120.01	112	69	60.18	26	63	47	97	80.91	88	20	74	14	57.41	72	50	57.76	147	120	121	34	38.74	141	34	120	20	48.51	80	34	69.26	110	25	97	132	62.3	129	58	129	96																																																																																																																																																																																														
85	116.26	59	21	52	87	46.64	36	50	78	38	106.01	36	99	28.26	147	97	99	124	11.53	139	30	113	117	46.66	58	124	142.25	79	94	115	148	44.53	59	131	4	41	119.5	104	74	58.95	120	114	98	97	74.81	118	49	109	144																																																																																																																																																																																														
11	22.27	53	82	102	74	92.87	105	118	15	55	30.83	23	121	43.14	77	39	139	142	40.79	71	121	9	39	101.62	54	23	114.28	94	106	56	128	48.52	56	132	24	75	51.74	121	139	26.95	142	1	9	101	148.37	40	127	103	115																																																																																																																																																																																														
143	63.47	115	46	24	117	31.06	112	19	93	69	130.42	85	22	79.68	40	56	30	81	149.57	102	1	86	72	126.63	113	4	35.39	111	47	6	29	48.71	127	146	4	75	104.53	87	8	98.68	62	150	81	1	139.2	31	147	138	96																																																																																																																																																																																														
134	131.38	101	4	125	23	48.21	78	144	50	27	113.14	121	98	137.7	68	114	29	119	24.46	9	67	23	102	66.69	5	112	93.07	76	128	15	56	89.57	133	82	138	61	6.68	44	19	89.77	129	46	100	4	149.55	52	20	147	146																																																																																																																																																																																														
145	10.03	23	30	132	7	93.26	147	110	13	119	125.38	112	138	60.42	110	123	74	60	103.93	5	46	85	138	39.21	76	4	69.19	27	131	20	28	90.21	92	100	85	112	63.2	22	139	54.18	119	88	144	128	27.39	21	27	132	47																																																																																																																																																																																														
1	122.73	85	72	10	125	79.69	88	119	92	128	28.4	136	10	141.04	37	143	54	142	136.77	81	31	81	34	35.73	106	140	70.82	127	91	5	61	13.15	66	88	133	72	108.95	126	49	2.52	73	101	74	86	109.82	87	46	32	123																																																																																																																																																																																														
56	9.75	78	40	134	6	80.31	85	61	40	122	19.79	26	114	148.33	103	23	57	98	129.93	122	72	39	82	34.65	23	17	34.2	18	47	82	1	118.56	39	31	101	140	65.35	18	147	120.97	134	97	84	137	14.41	23	66	16	86																																																																																																																																																																																														
18	23.63	99	25	149	10	44.7	97	32	24	126	21.69	101	150	75.12	104	72	91	20	79.66	139	99	97	100	33.09	77	87	70.98	32	42	33	144	10.66	73	107	7	93	125.49	120	103	88.09	75	57	101	57	40.95	127	1	119	65																																																																																																																																																																																														
43	147.83	116	43	46	106	83	79	21	123	18	56.46	8	41	142.92	95	112	3	53	126.24	6	102	10	20	132.97	25	77	76.26	50	16	99	112	147.77	7	88	17	92	9.19	18	117	66.04	138	28	5	45	110.25	74	11	73	87																																																																																																																																																																																														
74	116.55	38	45	112	42	110.77	2	91	134	115	30.14	60	108	96.09	18	6	28	63	8.79	144	10	83	18	26.19	117	26	103.84	51	2	145	125	77.7	64	15	2	145	121.68	71	35	92.93	109	96	105	123	15.34	43	106	132	150																																																																																																																																																																																														
7	94.76	20	131	26	20	52.7	30	83	21	49	22.71	49	4	20.38	64	13	119	46	19.76	35	65	55	102	119.95	39	115	102.19	98	90	69	49	13.08	119	102	136	126	103.28	79	21	93.28	8	117	100	93	85.02	1	138	29	123																																																																																																																																																																																														
59	104.74	119	137	109	105	3.48	29	9	69	132	28.23	6	140	75.77	116	88	113	100	109.63	40	124	99	42	44.98	62	34	101.19	124	85	71	103	119.82	85	101	39	75	59.93	52	19	33.09	137	129	106	75	4.5	75	134	52	147																																																																																																																																																																																														
89	109.81	61	19	112	120	111.82	71	70	26	67	146.73	77	11	51.94	74	140	131	135	87.82	90	60	25	52	39.3	42	8	66.68	62	131	91	40	119.59	13	149	83	20	29.89	42	83	80.37	27	40	16	109	75.26	66	86	50	145																																																																																																																																																																																														
12	74.4	96	20	150	52	132.1	28	44	130	63	46.6	39	60	14.46	98	61	42	131	121.01	113	105	100	63	96.91	15	3	99.4	23	63	52	26	67.38	73	104	108	17	146.76	108	13	3.13	18	48	132	25	48.03	106	124	115	106																																																																																																																																																																																														
84	58.87	68	16	131	32	73.03	122	105	15	7	115.72	59	144	62.55	87	120	137	34	138.44	138	23	146	36	62	8	100	137.9	88	143	103	92	141.45	69	115	95	135	53.17	125	16	51.48	36	139	27	59	107.82	75	70	7	113																																																																																																																																																																																														
25	102.56	116	143	39	83	134.28	62	141	93	6	108.42	83	87	106.07	43	150	73	103	127.85	93	15	125	112	85.62	93	135	94.85	43	134	30	82	56.94	146	119	67	64	7.75	145	27	29.57	108	49	10	141	135.47	111	67	34	128																																																																																																																																																																																														
3	52.18	138	23	26	118	81.57	111	82	6	90	57.94	143	7	60.7	73	19	74	3	43.95	67	68	19	137	116.92	42	96	15.46	38	27	130	63	22.13	133	112	118	107	45.89	59	145	23.79	54	28	96	53	80.39	46	83	16	106																																																																																																																																																																																														
62	134.13	107	80	120	14	121.76	113	137	61	124	70.53	52	41	20.29	61	48	119	26	18.06	143	53	58	37	21.19	53	142	135.09	87	133	66	148	134.82	58	56	81	91	69.11	27	1	44.5	15	70	123	44	8.67	7	17	139	70																																																																																																																																																																																														
48	94.84	42	90	99	35	3.27	136	117	4	17	71.39	35	4	147.32	143	12	22	82	20.15	13	53	113	79	97.43	126	47	85.09	21	21	19	28	95.43	93	9	136	146	99.72	7	53	48.58	114	21	121	73	32.1	126	44	96	48																																																																																																																																																																																														
57	45.12	1	14	13	119	100.18	15	81	115	128	11.67	79	43	53.38	39	122	35	30	108.85	36	40	47	117	75.22	30	20	93.87	7	62	41	89	80.56	58	126	135	17	145.23	74	45	20.51	28	27	118	48	78.8	145	15	138	4																																																																																																																																																																																														
131	79.28	81	109	51	110	105.59	11	104	141	140	100.34	144	120	69.23	61	101	7	73	50.39	25	13	72	109	1.64	111	6	8.17	104	96	106	122	6.47	118	85	87	66	61.91	104	132	55.47	96	86	94	141	147.86	142	112	77	125																																																																																																																																																																																														
44	76.3	3	19	132	14	98.66	110	78	23	65	49.62	137	23	112.29	129	67	30	90	137.16	36	114	65	24	137.63	13	38	147.27	39	7	13	102	31.74	54	97	98	118	132.38	58	61	56.07	95	47	32	94	99.13	37	33	85	34																																																																																																																																																																																														
25	74.33	90	90	99	54	41.82	32	149	11	119	105.69	48	78	141.21	140	3	45	118	1.92	104	34	14	60	80.38	21	124	143.25	142	57	78	78	45.12	58	112	105	105	28.95	34	142	140.67	125	26	11	95	6.42	79	52	45	35																																																																																																																																																																																														
84	12.92	28	20	115	145	136.84	57	89	33	146	70.42	136	119	68.42	34	16	132	132	27.88	68	126	146	78	45.48	54	108	96.7	58	81	111	102	13.09	33	24	141	90	138.73	125	65	89.37	14	113	127	3	110.95	95	17	54	69																																																																																																																																																																																														
111	89.84	11	70	124	121	118.19	131	75	128	53	136.73	10	139	56.85	28	147	34	80	68.73	104	113	133	117	132.75	59	138	125.62	135	139	27	139	67.64	147	70	2	94	100.98	52	60	117.72	148	75	15	41	23.37	70	102	130	1																																																																																																																																																																																														
39	31.52	135	119	16	52	41.28	33	79	62	79	50.62	32	52	130.69	12	35	132	147	58.19	18	63	9	110	83.07	68	127	31.33	109	23	13	85	22.76	135	48	85	91	49.82	130	72	40.44	88	13	32	36	2.48	147	51	50	143																																																																																																																																																																																														
88	82.34	41	33	33	6	64.04	136	59	84	67	38.78	78	46	113.13	92	76	118	76	35.32	24	59	2	42	40.11	101	108	86.37	73	97	145	148	29.24	120	27	54	54	130.95	106	14	126.44	67	78	147	149	52.95	115	113	39	142																																																																																																																																																																																														
106	144.53	126	127	83	105	111.18	80	127	90	70	17.15	78	22	131.64	22	144	66	46	83.23	134	129	37	1	64.69	29	138	96.05	117	32	24	28	114.54	60	44	15	106	18.96	67	81	145.97	13	85	5	66	122.3	130	87	90	146																																																																																																																																																																																														
81	96.93	144	73	47	82	120.6	129	125	30	25	135.23	24	41	7.6	32	11	126	108	65.03	112	87	98	119	65.25	150	147	25.8	128	11	131	108	118.65	140	146	122	1	52.12	76	118	95.24	51	107	6	57	23.92	13	44	85	16																																																																																																																																																																																														
134	90.87	78	40	4	70	71.1	94	112	58	41	26.23	22	64	49.8	14	45	125	81	111.15	77	102	21	135	15.28	141	37	96.44	144	25	121	10	49.06	79	150	110	80	55.15	23	34	52.66	14	10	83	92	45.33	88	6	42	113																																																																																																																																																																																														
42	87.73	9	40	139	43	107.16	66	139	42	57	27.47	128	58	55.68	118	34	109	61	133.03	23	91	1	97	75.27	34	122	21.69	18	140	69	131	139.11	119	52	109	48	33.08	44	141	28.7	69	111	124	63	100.89	23	117	146	54																																																																																																																																																																																														
33	77.74	20	54	96	46	106.83	104	124	62	39	57.31	111	60	3.25	105	88	133	112	124.29	113	128	49	125	72.19	12	13	19.52	95	38	117	130	48.44	126	133	110	141	45.14	97	27	97.81	56	87	44	134	47.45	124	86	82	22																																																																																																																																																																																														
41	144.53	3	138	142	51	110.65	13	45	136	140	65.97	50	116	34.52	88	10	37	102	41.64	42	83	76	23	19.97	146	141	51.22	25	128	45	129	112.98	39	77	42	118	42.53	144	62	114.35	149	116	104	85	125.5	94	3	22	119																																																																																																																																																																																														
141	43.72	35	69	47	137	20.48	11	62	149	2	17.26	109	56	48.79	79	127	98	54	41.77	87	46	14	130	100.72	16	118	58.94	17	125	78	13	96.07	98	61	24	3	83.93	57	86	110.75	57	32	88	13	109.68	122	127	54	148																																																																																																																																																																																														
116	62.99	56	48	138	36	7.25	35	71	99	56	74.48	4	44	26.73	129	70	82	76	78.3	95	53	62	61	52.39	143	103	114.38	81	37	26	133	9.91	115	125	108	56	21.14	78	92	101.71	73	119	5	100	78.31	108	44	51	127																																																																																																																																																																																														
30	3.8	43	123	129	132	117.58	47	104	16	80	53.29	4	19	60.86	43	3	130	38	15.82	71	58	79	44	52.8	1	108	81.72	46	51	133	78	114.08	132	16	52	11	36.72	98	70	51.89	65	88	66	53	68.58	150	58	35	9																																																																																																																																																																																														
40	6.12	119	21	24	6	32.36	61	60	57	21	61.92	100	105	87.94	72	77	78	16	9.87	146	84	131	135	3.61	43	57	95.59	46	31	143	26	13.17	102	93	25	74	23.45	38	113	82.77	41	25	93	117	46.76	140	1	105	19																																																																																																																																																																																														
36	37.26	92	66	47	63	94.03	135	89	44	88	44.89	40	32	38.36	10	142	7	127	47.45	119	133	87	37	81.73	96	109	144.13	113	81	46	123	82.53	86	84	84	70	80.35	19	36	131.64	10	84	111	127	25.39	110	74	143	37																																																																																																																																																																																														
66	67.06	112	37	44	132	106.16	116	97	69	4	18.17	47	98	11.69	51	3	83	131	42.76	124	133	51	114	23.44	39	13	68.14	98	74	43	86	80.42	4	23	143	79	87.33	14	77	22.93	115	22	37	29	143.25	132	51	125	107																																																																																																																																																																																														
91	25.35	31	119	87	57	9.21	10	15	125	100	37.87	75	66	71.95	104	40	103	138	121.31	51	71	48	131	30.02	49	54	102.95	77	147	16	25	16.22	91	83	16	23	50.64	9	4	50.98	112	68	8	123	82.3	76	92	126	45																																																																																																																																																																																														
125	16.8	40	84	74	108	55.86	85	137	141	150	118.94	40	133	39.21	37	100	61	74	37.23	31	116	5	5	146.32	123	46	38.97	81	74	126	101	76.08	50	4	73	26	58.08	124	59	64.72	9	133	53	1	54.87	129	107	39	133																																																																																																																																																																																														
98	99.1	20	112	6	95	18.72	114	129	84	56	93.74	14	50	98.28	17	72	120	81	61.83	57	2	79	71	134.24	78	47	37.13	136	131	96	27	43.83	147	30	88	3	36.25	106	117	95.76	56	113	4	104	9.37	28	45	134	42																																																																																																																																																																																														
11	130.42	52	139	134	112	65.33	64	53	49	81	61.26	23	14	120.04	19	138	21	146	18.16	30	3	63	25	119.13	81	26	28.77	122	54	47	43	14.26	49	140	112	49	48.55	25	92	75.34	121	100	123	123	122.65	125	135	9	21																																																																																																																																																																																														
140	68.68	66	131	46	129	139.57	26	119	126	26	63.51	25	56	48.18	97	147	50	117	91.76	5	50	140	42	71.77	147	35	4.38	65	150	57	129	120.12	55	92	44	121	13.96	137	47	118.72	98	9	22	6	106.55	135	147	55	119																																																																																																																																																																																														
18	30.62	120	43	147	107	86.78	142	44	52	123	22.47	115	141	136.46	3	62	26	67	1.77	64	135	21	109	62.21	149	128	61.18	37	86	123	84	21.99	108	138	8	106	62.19	90	2	101.16	68	2	134	105	59.91	9	95	125	12																																																																																																																																																																																														
7	141.75	88	72	131	93	3.54	134	121	49	11	63.8	127	73	86.3	108	142	16	81	131.59	114	107	25	63	21.83	147	9	120.25	79	29	135	142	63.71	12	133	135	123	89.08	23	21	71.66	143	103	31	71	81.73	8	109	74	53																																																																																																																																																																																														
63	90.21	135	3	15	141	15.98	78	86	79	56	4.26	98	73	60.51	61	98	143	74	107.67	94	138	46	139	70.7	25	67	105.7	7	6	108	100	126.17	16	93	10	140	137.86	114	10	71.93	40	137	122	129	121.5	138	62	96	59																																																																																																																																																																																														
38	88.56	99	62	115	104	143.35	137	45	69	9	110.85	105	138	51.67	92	15	30	99	108.76	3	120	9	4	34.25	5	7	85.53	71	138	19	41	118.74	137	19	63	14	55.32	15	94	48.72	13	112	124	97	115.59	116	143	27	123																																																																																																																																																																																														
10	97.56	70	63	63	124	85.32	105	103	118	20	79.15	72	60	20.21	71	18	130	113	116.91	70	109	67	39	127.81	140	81	36.27	15	61	143	33	107	90	84	67	104	136.87	44	65	69.11	112	117	64	11	113.81	121	17	80	4																																																																																																																																																																																														
9	2.88	125	78	73	123	23.76	7	20	57	46	27.56	130	130	61.44	81	48	75	111	91.76	146	91	78	7	1.3	4	17	43.07	14	137	47	124	128.5	121	70	105	101	129.71	40	82	15.6	115	89	146	116	17.34	148	48	140	73																																																																																																																																																																																														
46	72.07	15	28	136	149	70.09	133	135	19	103	56.23	46	100	135.72	30	11	116	59	81.24	12	74	101	96	55.89	125	44	127.9	134	47	146	53	110.81	105	37	14	146	138.71	110	63	65.75	147	24	116	31	134.63	20	12	3	82																																																																																																																																																																																														
137	147.69	1	5	66	13	5.95	70	93	4	2	87.73	49	148	58.01	8	17	102	37	9.99	62	22	67	100	139.59	2	136	4.92	116	143	1	70	139.33	66	56	68	79	143.99	31	30	127.98	77	112	15	115	95.43	43	98	89	89																																																																																																																																																																																														
63	49.61	34	78	63	56	13.24	18	58	26	83	46.99	96	112	24.57	97	122	25	3	38.59	101	81	82	36	34.35	148	148	8.29	19	139	105	119	63.92	135	112	70	64	138.22	91	56	54.51	10	60	62	146	99.6	16	52	26	93																																																																																																																																																																																														
144	115.14	11	131	126	127	91.86	140	27	76	120	111.04	20	54	108.28	48	72	46	96	104.85	42	9	15	112	89.16	96	80	100.99	24	74	98	82	38.91	47	146	35	146	81.45	110	149	65.81	98	24	147	38	149.05	124	4	131	62																																																																																																																																																																																														
131	137.8	146	96	109	59	79	106	17	36	77	96.99	123	140	56.01	92	97	31	123	43.48	132	59	108	17	71.14	149	54	10.87	29	122	39	104	98.12	15	135	134	67	10.06	91	82	123.59	142	142	78	113	125.6	52	1	18	133																																																																																																																																																																																														
55	123.61	80	20	105	69	32.7	35	52	144	129	64.25	51	138	76.51	59	47	12	139	103.68	137	131	72	138	10.81	139	110	140.79	90	124	29	124	129.76	104	18	36	101	148.97	37	52	47.76	1	74	9	11	63.92	8	37	113	91																																																																																																																																																																																														
95	42.01	147	99	114	56	69.63	131	107	89	28	141.93	125	108	53.4	67	105	1	23	10.58	139	43	60	38	12.61	123	108	27.15	88	141	23	18	88.19	150	112	146	91	4.49	68	42	117.76	14	78	61	51	142.87	17	107	140	130																																																																																																																																																																																														
25	72.98	111	65	118	81	74.81	129	63	30	64	19.29	92	142	92.13	64	107	109	2	58.79	88	120	146	20	94.04	130	34	96.42	103	9	105	34	144.1	49	31	60	24	101.26	120	39	120.31	15	57	60	97	44.01	140	139	24	46																																																																																																																																																																																														
73	65.92	36	66	89	89	86.66	25	65	117	137	144.88	39	107	94.34	90	19	145	142	32.77	143	111	50	133	121.66	104	69	18.57	20	69	66	82	89.3	65	48	98	129	132.31	92	30	64.69	115	5	144	55	98.91	72	78	23	115																																																																																																																																																																																														
148	8.74	22	83	117	112	121.33	97	131	101	119	59.5	102	105	119.69	70	61	28	129	86.86	65	84	48	134	86.18	37	131	5.11	65	52	149	111	120.52	144	139	138	129	51.63	149	141	136.15	90	130	78	131	54.71	105	40	106	77																																																																																																																																																																																														
95	126.69	149	59	149	74	136.44	147	75	42	39	63.63	3	105	130.68	98	143	90	69	101.3	20	133	14	79	137.43	150	124	12.58	52	1	75	17	131.51	108	53	45	100	45.03	4	140	25.16	18	101	139	91	45.39	114	115	2	143																																																																																																																																																																																														
14	19.55	131	28	82	116	111.27	79	31	128	46	110	76	136	4.39	48	65	45	102	1.89	48	109	145	138	83.08	138	61	8.48	30	68	73	5	123.38	37	110	142	100	149.47	21	119	127.48	124	22	141	131	133.14	91	122	47	56																																																																																																																																																																																														
81	47.87	76	31	114	111	24.54	22	62	49	14	15.33	29	117	31.67	115	23	137	71	122.07	75	115	109	94	113.1	95	147	32.52	17	81	79	28	54.6	59	61	90	86	19.29	86	59	19.79	133	116	120	9	45.73	48	17	145	40																																																																																																																																																																																														
25	98.08	86	110	44	92	105.82	73	4	148	65	57.92	107	26	3.96	27	47	33	84	38.58	36	38	147	99	66.36	44	64	54.83	98	139	107	82	11.2	147	140	66	132	124.05	25	42	18.66	40	20	58	35	133.07	132	36	74	69																																																																																																																																																																																														
54	69.4	123	46	116	54	93.95	66	49	104	74	76.15	102	25	135.3	6	144	107	37	77.07	45	41	124	139	145.71	44	9	8.84	43	87	24	39	110.24	34	78	7	73	30.25	72	131	138.13	109	94	9	117	130.01	73	31	31	89																																																																																																																																																																																														
29	74.9	84	17	52	125	17.58	136	28	15	57	134.21	15	39	36.24	41	28	47	93	67.66	33	96	72	88	31.45	33	86	116.72	54	139	27	82	69.9	20	69	59	37	22.96	134	121	97.05	123	143	128	25	147.62	125	110	88	138																																																																																																																																																																																														
146	96.69	90	59	44	89	105.47	112	28	25	116	55.88	126	96	31.51	69	117	129	147	113.45	64	32	107	66	94.77	55	74	47.47	45	92	133	31	133.39	3	37	51	101	127.09	8	96	27.75	25	34	98	150	25.75	32	4	59	48																																																																																																																																																																																														
111	60.8	42	9	55	29	82.42	117	150	11	22	29.45	146	37	24.77	133	71	12	84	26.84	138	61	150	80	18.27	51	150	24.04	6	148	91	50	88.06	142	121	124	75	48.97	27	98	79.36	58	28	31	24	127.9	139	101	104	34																																																																																																																																																																																														
17	115.85	36	108	31	119	93.99	55	106	37	91	123.63	42	76	141.16	97	72	12	41	73.52	3	130	140	141	38.22	27	148	145.52	139	53	123	33	121.23	36	126	4	4	126.11	108	65	70.52	103	10	32	30	101.14	82	100	123	85																																																																																																																																																																																														
32	10.03	135	55	71	66	144.75	81	3	86	129	87.87	15	48	64.45	82	49	22	25	85.29	95	112	117	44	42.5	82	18	2.21	37	11	143	65	78.74	60	41	146	119	68.66	52	22	4.52	149	63	68	57	30.65	26	36	6	102																																																																																																																																																																																														
65	49.45	144	120	45	46	87.56	44	121	61	27	125.54	86	118	59.03	4	6	45	132	136.92	71	45	49	91	125.34	61	144	102.02	143	60	35	65	48.68	141	67	69	27	3.17	95	140	25.26	110	105	129	87	112.78	53	40	146	16																																																																																																																																																																																														
24	88.84	21	99	75	6	33.4	101	62	72	50	81.76	136	35	122.32	32	8	86	131	61.81	10	75	52	85	14.31	49	88	106.9	11	35	122	123	61.08	33	124	116	50	136.21	40	139	10.93	15	51	147	118	91.25	116	28	77	136																																																																																																																																																																																														
69	91.67	71	148	113	93	50.05	59	25	132	91	62.26	72	85	116.76	107	62	82	67	23.47	41	133	102	82	4.8	30	109	35.88	10	142	116	93	4.05	27	25	76	8	106.96	149	61	67.01	60	26	12	32	120.91	104	116	131	25																																																																																																																																																																																														
11	6.09	92	42	47	58	79.41	146	71	112	27	144.97	32	150	45.66	14	128	113	97	83.93	76	11	24	97	4.11	76	43	127.32	32	44	1	116	99.54	97	13	65	100	101.68	13	43	68.57	104	130	18	122	65.17	66	23	68	145																																																																																																																																																																																														
109	141.04	130	66	46	4	34.22	144	14	57	82	107.93	63	72	146.19	42	5	147	79	72.15	102	17	65	134	102.29	95	6	26.16	39	27	146	124	83.73	14	121	86	46	79.77	114	112	46.75	136	117	36	2	135.61	32	142	74	59																																																																																																																																																																																														
86	102.09	92	72	32	11	127.52	80	121	149	150	24.81	63	146	47.42	138	66	41	94	133.22	40	113	60	111	2.84	55	113	72.53	9	83	142	124	96.54	13	10	108	86	79.64	9	104	143.31	26	144	102	40	46.03	139	22	27	83																																																																																																																																																																																														
70	121.78	29	11	44	53	110.81	144	148	103	64	73.25	10	113	17.27	115	88	33	100	114.72	64	100	50	117	80.17	149	35	46.95	81	63	27	27	6.88	126	83	69	113	80.65	117	77	61.49	131	103	49	60	21.92	144	92	36	14																																																																																																																																																																																														
13	71.29	64	70	65	99	102.71	20	19	113	90	106.35	36	135	111.01	60	126	69	83	31.59	105	89	136	42	107.03	69	90	49.35	39	84	140	5	116.13	80	44	41	145	63.87	91	101	96.34	142	20	57	129	127.32	103	118	114	35																																																																																																																																																																																														
19	101.01	41	119	81	61	90.67	74	74	39	19	146.47	96	72	103.19	45	55	138	12	39.11	7	87	21	116	52.64	106	45	112.82	138	71	92	41	35.56	97	59	9	119	102.43	46	37	110.48	10	111	116	96	92.76	59	146	94	14																																																																																																																																																																																														
148	16.17	33	83	134	110	141.22	139	128	136	123	93.24	10	74	58.73	69	40	31	46	135.36	119	67	73	96	120.77	13	122	81.46	38	52	134	91	22	14	125	31	139	46.75	104	10	149.18	145	146	62	97	52.26	74	128	103	35																																																																																																																																																																																														
73	148.48	79	141	69	78	133.72	123	71	40	125	126.91	34	130	35.31	120	37	96	11	40.89	56	142	2	75	74.87	63	147	135.76	50	52	87	50	147.24	90	113	119	148	28.21	120	74	13.11	35	53	17	46	18.97	31	108	77	86																																																																																																																																																																																														
106	43.88	53	16	24	32	99.69	68	72	142	127	147.5	28	111	5.95	46	28	70	101	101.01	116	89	47	141	64.69	135	22	20.25	6	100	73	35	83.43	51	112	65	70	48.52	32	47	2.04	25	34	114	31	64.85	123	129	107	140																																																																																																																																																																																														
84	32.1	29	104	2	53	123.92	37	107	34	114	4.69	126	64	115.29	36	135	30	17	20.58	123	41	74	16	16.76	107	98	15.75	24	1	109	102	68.32	119	59	112	73	125.87	16	104	118.8	57	88	22	47	46.08	46	113	30	76																																																																																																																																																																																														
81	122.96	88	40	18	116	131.02	131	141	22	87	65.28	130	67	60.08	106	89	95	91	40.81	80	41	5	120	76.93	53	129	132.28	110	89	2	66	138.43	139	103	102	19	125.96	90	9	79.14	27	33	21	74	112.22	75	40	125	31																																																																																																																																																																																														
86	68.25	58	95	125	107	78.6	126	92	51	17	41.4	147	106	34.13	16	103	28	105	87.57	19	12	65	53	84.85	84	117	146.27	26	131	52	35	99.83	2	94	98	63	47.65	33	59	101.37	90	57	9	59	54.7	19	110	134	94																																																																																																																																																																																														
73	120.13	10	53	14	51	83.81	5	56	132	47	114.76	31	17	104.76	12	6	23	143	106.35	108	45	25	123	19.43	1	89	149.53	89	94	75	55	58.59	17	64	26	132	57.76	108	37	34.93	62	41	102	122	83.58	6	85	87	78																																																																																																																																																																																														
66	7.46	92	135	78	47	109.03	83	142	29	57	146.26	63	90	142.03	1	34	124	62	20.42	41	24	83	30	55.96	123	67	63.57	25	3	29	113	33.27	111	129	54	85	15.77	65	80	35.71	6	20	99	78	119.75	115	69	67	79																																																																																																																																																																																														
30	32.86	100	140	118	59	130.38	55	54	96	83	135.69	133	44	20.15	10	144	63	92	105.25	48	128	123	83	36.04	129	44	32.77	41	27	73	138	20.44	123	124	41	88	77.39	37	10	13.65	120	95	77	3	74.51	86	116	142	72																																																																																																																																																																																														
110	126.84	140	10	113	2	67.99	139	32	135	64	46.22	36	131	62.39	122	112	89	122	27.72	30	41	23	85	55.5	11	92	91.7	86	45	144	118	106.6	100	134	46	78	141.53	146	128	141.62	116	105	53	48	77.08	115	75	5	4																																																																																																																																																																																														
55	46.05	66	126	37	23	19.33	77	141	106	40	35.35	112	12	74.42	105	56	6	144	85.42	57	6	4	51	114.16	120	19	34.33	25	116	138	145	97.18	108	99	93	43	63.89	55	96	40.32	82	66	21	66	109.45	58	73	149	118																																																																																																																																																																																														
50	50.6	110	150	110	100	118.09	60	20	55	29	144.63	98	25	110.67	83	111	5	134	84.24	62	11	23	20	115.1	11	116	16.1	26	63	7	121	2.4	131	65	99	54	98.19	18	104	129.56	27	73	4	72	92.81	42	131	99	108																																																																																																																																																																																														
37	99.54	93	144	91	33	23.01	57	110	129	22	60.77	36	122	39.68	50	22	100	64	98.74	142	138	28	49	51.34	117	21	46.42	130	4	51	18	64.23	129	108	128	122	34.23	85	56	49.52	29	143	132	112	74.09	134	84	90	134																																																																																																																																																																																														
125	34.72	37	141	116	129	26.08	115	126	100	58	87.3	116	35	148.07	32	116	118	92	31.37	74	148	101	146	130.3	70	76	31.44	71	82	3	19	98.06	56	132	18	9	61.51	121	34	92.43	33	10	78	124	32.96	106	21	120	149																																																																																																																																																																																														
95	84.22	147	5	95	61	122.98	135	12	14	67	142.51	132	105	22.24	47	105	36	148	57.11	82	138	7	19	64.5	30	42	136.24	11	92	46	40	139.38	65	20	98	125	105.33	134	22	148.65	38	39	40	10	142.76	105	58	127	89																																																																																																																																																																																														
143	23.73	31	52	116	68	119.37	70	138	7	107	116.63	108	61	74.62	133	119	59	42	26.63	26	97	18	68	12.61	141	77	77.21	105	126	57	25	97.66	72	56	101	11	71.23	117	73	6.53	51	17	64	34	85.89	50	128	107	75																																																																																																																																																																																														
150	86.06	64	103	3	45	40.87	57	13	75	16	110.38	112	58	45.57	68	12	129	72	95.85	75	131	83	6	90.47	4	147	142.76	133	48	18	65	94.46	147	135	47	81	147.4	88	6	86.96	81	33	107	61	34.31	19	128	59	130																																																																																																																																																																																														
123	34.76	30	51	71	113	64.88	72	49	138	19	1.85	131	112	45.52	33	140	120	36	74.49	59	54	19	9	99.13	128	50	18.49	37	135	137	2	14.9	73	119	109	35	148.01	1	135	29.07	138	14	129	81	53.01	119	25	132	126																																																																																																																																																																																														
48	120.09	89	62	94	125	18.91	80	139	38	51	107.75	125	10	128.41	139	119	12	60	55.12	46	20	31	77	14.34	85	75	125.43	43	48	119	37	13.35	31	56	125	29	3.39	67	149	48.12	36	118	42	114	15.25	8	45	117	80																																																																																																																																																																																														
109	28.34	52	61	109	127	107.46	27	120	41	115	13.32	65	85	149.84	7	142	26	49	148.37	66	81	99	107	109.82	112	108	43.58	17	38	39	112	130.17	57	104	112	142	71.92	107	9	139	34	14	52	32	11.19	3	126	94	91																																																																																																																																																																																														
107	61.71	107	140	113	82	26.61	129	97	149	33	95.99	59	100	94.84	145	130	43	146	114.42	106	64	112	24	72.42	74	35	109.23	71	30	63	51	138.37	13	121	148	93	49.98	109	113	1.8	117	135	92	47	84.87	12	23	64	150																																																																																																																																																																																														
64	43.56	130	116	38	106	117.33	62	109	144	62	145.91	89	81	110.82	35	95	75	2	23.21	66	47	108	64	65.98	144	148	12.27	124	93	147	147	4.6	6	23	77	115	104	108	140	135.84	4	34	48	39	1.65	86	133	119	51																																																																																																																																																																																														
10	52.32	1	147	58	125	46.74	11	57	110	57	27.28	144	132	8.48	72	98	64	83	141.2	108	57	42	64	131	150	4	48.67	54	137	127	37	89.02	71	43	26	142	40.38	150	7	148.97	4	62	98	59	57.97	146	48	7	18																																																																																																																																																																																														
95	46.99	147	16	100	120	124.22	9	107	62	3	116.73	107	17	137.67	131	4	95	77	139.65	125	61	74	11	69.48	17	26	97.86	23	118	110	18	31.36	61	96	116	42	140.58	3	54	136.01	31	32	81	45	45.4	39	26	59	54																																																																																																																																																																																														
36	143.94	120	105	34	29	89.25	29	123	32	62	53.9	124	1	9.95	33	94	11	73	41.4	84	144	63	54	131.69	99	106	6.89	50	27	29	80	138.45	22	37	134	98	3.81	1	27	26.39	94	128	23	69	108.56	103	62	146	29																																																																																																																																																																																														
149	27.27	58	86	123	104	81.65	89	14	56	40	149.39	38	146	98.36	45	117	141	119	118.99	103	76	111	144	71.47	45	43	128.53	70	47	73	99	97.73	144	136	58	45	40.35	101	9	75.19	58	1	56	6	42.07	149	52	140	28																																																																																																																																																																																														
45	30.44	17	35	124	12	146.54	20	69	125	117	54.61	117	87	78.69	70	105	88	93	146.75	91	114	35	107	149.03	125	51	48.32	135	41	37	140	106.42	45	20	5	104	53.11	119	6	100.82	21	122	61	2	126.19	50	134	149	38																																																																																																																																																																																														
44	140.84	32	124	32	57	141.2	82	33	79	118	25.67	38	48	144.29	48	44	1	120	58.97	6	32	122	75	126.32	100	50	90.15	131	34	23	91	112.56	108	125	57	148	47.86	80	95	129.88	49	80	64	70	115.78	140	38	115	57																																																																																																																																																																																														
126	127.66	148	60	103	29	79.52	141	119	40	124	124.18	27	75	75.3	125	66	81	87	5.99	71	78	91	24	68.7	37	128	148.1	99	23	99	102	21.27	139	115	57	72	125.93	75	52	109.86	98	50	70	79	20.31	11	144	119	9																																																																																																																																																																																														
49	96.09	3	131	42	140	81.04	97	83	150	134	62.7	23	98	49.82	28	41	83	44	28.15	27	91	124	17	101.25	28	6	42.12	62	35	85	129	103.11	86	2	117	40	41.95	100	38	14.94	126	10	52	7	124.05	110	19	133	88																																																																																																																																																																																														
83	61.29	67	46	125	10	56.69	89	10	45	72	148.15	138	49	25.78	145	90	9	91	33.2	53	30	98	127	68.01	83	22	34.4	5	8	105	69	51.26	13	81	36	7	131.8	22	120	127.65	122	102	140	24	67.17	117	108	109	6																																																																																																																																																																																														
61	122.29	9	144	106	35	112.03	127	15	144	88	72.51	15	82	91.66	3	116	107	63	23.59	129	109	33	111	54.94	2	64	98.87	16	28	54	32	43.52	36	69	44	47	37.39	23	71	88.51	143	104	32	150	108.48	140	64	82	137																																																																																																																																																																																														
108	33.17	53	137	34	28	16.4	13	98	77	2	73.66	32	69	79.78	59	53	111	128	112.51	140	47	22	50	77.78	103	43	35.78	141	110	110	148	4.31	82	143	38	107	1.21	33	64	6.95	56	146	12	142	31.64	63	16	8	50																																																																																																																																																																																														
75	36.44	142	23	62	33	129.04	70	123	128	94	128.53	66	18	22.03	23	66	5	100	61.13	36	68	119	125	141.71	147	79	28.04	15	50	6	8	53.27	100	117	150	50	47.5	15	134	40.34	59	34	44	43	103.45	12	64	41	26																																																																																																																																																																																														
74	93.91	141	10	60	43	89.66	32	39	104	71	119.25	4	7	93.45	119	37	97	25	28.07	45	44	38	2	64.55	14	78	114.95	69	28	114	47	102.51	43	55	95	10	70.01	118	90	137.07	122	112	100	57	119.43	19	150	56	39																																																																																																																																																																																														
67	51.03	110	31	88	64	58.97	68	18	32	105	13.06	18	97	22.78	100	116	21	68	51.33	24	28	50	110	49.4	100	73	46.24	42	78	136	78	47.13	118	114	10	50	66.01	21	103	121.44	54	101	78	147	146.6	23	10	126	54																																																																																																																																																																																														
56	44.98	107	118	107	108	46.91	140	74	113	45	115.65	103	106	83.15	117	51	143	109	21.21	59	37	8	65	127.48	35	66	55.45	107	105	102	2	44.87	65	128	89	78	62.78	40	53	145.3	139	119	59	13	19.97	98	110	149	78																																																																																																																																																																																														
90	38.33	116	93	19	98	121.3	71	149	78	118	7.85	106	28	59.26	90	49	115	118	135.9	37	70	83	64	62.03	95	91	47.21	3	65	67	125	39.86	99	44	50	115	34.41	48	3	137.87	29	66	3	111	40.54	20	12	61	104																																																																																																																																																																																														
41	66.25	47	108	54	54	148.82	95	56	40	139	1.44	78	139	136.43	67	33	8	114	44.88	71	74	14	142	131.17	72	89	94.51	148	123	111	140	71.41	79	11	3	71	125.29	115	63	35.74	136	139	55	66	54.95	79	125	139	104																																																																																																																																																																																														
102	37.35	103	17	69	147	18.4	12	36	60	106	82.55	9	9	74.88	74	21	73	106	32.44	106	122	12	92	65.95	27	142	57.5	17	72	47	70	74.19	127	90	135	3	133.35	93	147	102.76	57	77	42	112	15.83	66	140	90	26																																																																																																																																																																																														
80	79.69	61	111	135	16	17.37	73	56	83	13	146.94	84	48	96.2	130	74	96	88	48.33	143	117	23	24	5.3	97	5	76.45	31	1	138	85	74.6	55	81	140	102	8.79	58	18	69.55	56	49	32	28	133.53	9	95	68	129																																																																																																																																																																																														
62	33.19	33	45	116	122	101.35	42	63	77	98	21.66	77	91	74.35	116	51	148	85	133.36	51	62	57	39	15.07	90	145	6.07	55	90	149	13	105.3	81	51	92	36	43.35	83	122	100.15	8	43	40	82	9.87	128	93	49	105																																																																																																																																																																																														
16	105.25	43	99	68	84	51.44	86	92	148	22	33.56	104	78	116.9	33	80	133	109	27.06	63	74	150	75	13.62	106	45	106.24	98	144	123	103	22.53	97	70	129	102	34.41	139	105	6.96	90	44	83	150	107.89	95	24	45	56																																																																																																																																																																																														
67	8.79	90	102	131	56	130.26	118	26	64	35	130.08	81	42	65.46	66	83	51	110	87.26	58	103	129	9	77.79	142	55	12.24	150	99	92	67	64.77	7	138	127	98	49.37	135	54	78.13	61	124	65	65	43.64	28	29	16	144																																																																																																																																																																																														
125	111.76	88	24	60	53	34.06	87	48	140	92	98.4	48	31	53.35	52	40	110	49	135	119	140	79	61	73.12	143	2	70.69	25	10	88	140	106.56	124	112	105	26	83.75	130	108	89.49	69	110	145	77	63.85	64	125	34	101																																																																																																																																																																																														
29	136.73	138	48	79	79	36.18	102	118	68	68	9.47	67	31	80.45	35	46	108	144	3.49	79	72	48	28	148.56	87	94	135.51	63	135	37	66	74.09	88	137	122	18	80.27	33	111	1.67	128	54	15	21	141.37	119	121	71	69																																																																																																																																																																																														
108	68.51	100	97	87	31	96.5	27	62	50	76	44.49	43	58	149.56	24	138	107	7	117.75	75	3	124	99	50.95	26	29	100.71	143	97	123	130	77.4	120	86	8	33	99.93	126	59	141.27	19	111	40	131	81.7	42	47	100	106																																																																																																																																																																																														
75	25.1	145	78	40	114	87.67	73	12	80	125	149.78	3	103	146.59	111	93	77	19	130.32	89	74	51	133	11.1	36	15	63.13	87	84	65	22	104.75	20	120	112	100	52.82	31	104	110.32	53	45	118	42	106.73	30	73	82	42																																																																																																																																																																																														
2	62.95	122	53	124	100	7.34	40	123	128	105	16.77	149	116	28.92	23	120	117	104	101.29	48	125	143	150	122.05	32	43	51.19	53	65	18	114	25.93	29	63	136	107	19.03	108	36	45.21	97	24	85	49	141.45	22	1	25	71																																																																																																																																																																																														
113	30.43	24	17	62	1	48.27	68	45	67	143	97.05	120	26	118.56	67	139	142	108	10.97	90	12	42	47	76.52	94	25	119.36	5	84	82	121	3.1	110	131	90	120	59.02	78	57	98	83	26	55	113	99	61	116	29	107																																																																																																																																																																																														
88	74.11	117	93	140	130	113.62	36	17	22	86	144.27	5	12	94.12	24	138	78	59	15.94	3	139	41	79	112.36	87	148	81.96	119	93	42	96	114.07	78	28	68	70	51.86	37	136	124.29	61	15	76	67	100.17	12	122	65	13																																																																																																																																																																																														
18	70.19	101	134	115	61	46.18	53	70	17	7	134.11	82	134	149.92	135	22	1	10	116.33	145	74	11	72	69.2	73	18	102.61	122	90	2	140	57.4	76	139	11	45	55.67	81	19	96.12	144	35	21	60	85.91	98	84	113	88																																																																																																																																																																																														
79	102.16	97	90	70	107	90.96	132	137	36	35	6.52	69	142	82.76	3	89	147	40	49.32	51	126	16	144	145.22	125	25	112.64	74	73	146	99	16.26	41	21	59	141	58.25	28	85	79.58	128	50	4	109	122.95	35	110	27	11																																																																																																																																																																																														
119	59.96	57	111	53	143	144.08	14	19	34	9	73.37	48	120	122.05	60	104	123	113	107.59	105	76	69	95	71.59	63	22	30.83	31	125	16	51	11.28	129	51	55	113	132.09	95	105	72.24	26	83	89	18	97.17	102	2	75	89																																																																																																																																																																																														
1	2.33	108	139	131	67	51.65	14	3	119	45	82.45	67	71	95.37	108	37	95	117	34.31	24	90	49	10	122.62	105	68	134.14	101	35	7	43	47.25	83	15	64	110	105.72	150	18	51.94	121	88	46	103	68.11	92	71	115	11																																																																																																																																																																																														
124	67.25	99	28	82	53	43.32	16	11	73	150	126.91	16	52	121.4	110	105	66	56	8.09	99	47	54	148	106.55	99	48	19.84	23	10	119	88	118.45	19	136	66	121	39.58	129	137	68.36	100	129	24	60	75.43	16	37	99	55																																																																																																																																																																																														
50	73.45	102	138	105	145	119.32	73	62	61	145	49.3	25	53	96.13	18	72	145	57	42.07	100	30	29	130	125.87	39	10	3.4	143	63	114	113	121.06	145	99	107	140	111.07	72	75	40.81	117	87	33	142	63.01	118	144	149	62																																																																																																																																																																																														
101	130.25	9	108	2	22	101.91	46	84	108	71	121.79	116	139	46.09	32	149	139	121	37.03	8	29	42	96	40.49	26	107	133.4	35	80	39	117	25.18	130	66	18	11	32.35	32	66	113.17	48	103	140	3	126.33	123	71	110	130																																																																																																																																																																																														
106	18.94	147	31	51	108	59.91	105	98	122	144	42.36	51	102	50.34	65	106	126	126	125.1	108	45	11	99	69.97	18	80	70.73	20	72	119	149	82.34	149	26	94	15	29.63	116	12	50.66	62	42	46	32	132.29	143	121	144	101																																																																																																																																																																																														
105	91.81	63	17	117	61	138.19	52	130	77	49	19.67	66	5	149.46	50	31	98	86	104.3	92	98	98	124	12.58	144	134	145.19	43	48	122	39	86.38	133	6	3	101	129.35	31	84	135.51	36	145	10	134	132.38	23	16	101	57																																																																																																																																																																																														
35	31.1	19	113	49	108	22.87	23	85	68	95	101.26	6	97	123.54	64	142	84	67	127.48	49	90	54	92	16.28	82	25	24	134	125	144	2	15.51	33	47	92	101	132.05	23	73	28.58	34	77	50	93	99.72	3	106	1	110																																																																																																																																																																																														
66	72.16	21	131	140	74	54.57	112	21	40	56	120.88	144	34	57.35	26	118	111	92	49.26	148	52	139	147	95.01	126	20	48.5	31	124	149	53	103.76	59	25	24	123	16.73	58	108	8.82	110	67	87	147	74.56	4	141	5	128																																																																																																																																																																																														
25	76.71	70	64	32	14	127.1	127	142	50	66	130.69	33	11	119.21	123	1	84	12	29.9	15	146	38	34	75.31	78	9	130.94	117	2	52	107	106.92	111	110	45	141	54.86	104	131	111.49	20	50	81	120	46.73	56	129	61	90																																																																																																																																																																																														
93	85.9	67	125	109	114	122.17	64	11	8	146	37.74	118	53	8.51	18	91	106	100	127.09	47	141	105	70	41.46	123	15	50	28	103	84	137	102.6	15	46	121	123	64.16	85	127	125.48	88	125	33	63	61.84	104	18	12	64																																																																																																																																																																																														
44	77.72	9	94	5	122	81.99	84	47	103	2	50.25	59	43	148.29	123	102	142	104	20.19	35	107	31	135	60.71	44	32	69.86	148	76	78	96	83.88	118	57	3	118	68.78	30	6	110.96	92	123	84	82	17.78	96	123	103	29																																																																																																																																																																																														
144	63.61	37	118	119	109	77.55	97	28	64	87	116.87	48	10	61.19	68	126	81	48	18.47	53	64	44	125	107.5	3	48	45.3	43	59	77	104	22.24	60	88	74	134	123.61	131	117	91.74	38	118	131	134	112.78	145	68	16	99																																																																																																																																																																																														
89	61.01	60	48	133	33	15.96	49	104	114	54	72.31	88	132	145.95	70	100	66	22	127.4	137	80	131	18	45.27	63	85	3.24	69	21	115	45	94.72	25	99	10	116	27.31	40	31	98.81	102	10	73	24	115.68	95	107	97	110																																																																																																																																																																																														
144	137.88	111	70	138	5	35.65	86	144	138	3	143.41	137	142	127.55	112	69	125	101	50.59	105	96	121	67	120.42	146	97	111.61	23	122	78	61	32.11	55	71	100	90	15.58	32	106	23.53	16	107	16	53	125.22	81	85	106	47	136	95	48	23.32	72	2	62	104	128.19	75	149	121	150	10.8	12	19	68	107	118.71	56	44	2	22	56.91	68	96	21	124	42.29	134	99	129	77	55.85	89	99	1	50	36.52	19	149	116	109	139.28	22	84	16	55	9.36	120	16	134	78	5.52	81	36	1	46	145.52	84	93	52	57	126.62	125	66	88	70	62.85	34	107	95	85	9.89	29	43	135	37	133.31	143	53	78	149	75.98	82	149	10	101	84.81	9	13	54	126	36.11	117	100	28	69	7.42	70	93	112	104	144.58	98	145	63	61	103.25	122	16	50	86	74.69	19	6	66	76	58.96	112	13	74	36	144.29	146	88	66	142	75.69	52	146	9	73	34.58	81	7	86	87	57.12	34	147	36	62	44.97	95	18	37	56	60.21	111	107	50	92	148.27	124	12	146	105	4.26	84	18	150	67	57.62	123	130	89	143	96.11	96	26	113	12	149.94	43	48	106	144	96.79	20	145	39	84	34.28	3	88	70	74	5.8	140
