50 240
56	135.64	12	124	105	58	105.87	27	19	120	110	139.32	126	9	41.16	124	146	16	116	55.06	134	26	86	15	80.26	22	63	125.34	71	144	90	10	80.96	3	81	86	150	130.9	117	47	34.66	122	3	123	124	103.64	52	100	127	83																																																																																																																																																																																														
8	113.49	36	23	103	146	56.44	132	40	73	29	113.1	94	117	139.35	88	94	149	124	105.4	140	100	17	39	132.91	117	62	96.19	123	72	3	131	68.72	141	103	21	24	28.38	129	104	56.11	16	146	129	150	16.64	43	55	131	66																																																																																																																																																																																														
30	1.71	56	90	108	59	110.03	3	64	71	38	119.75	108	90	64.02	131	40	53	33	1.76	58	125	126	120	139.49	35	39	52.88	10	34	118	67	8.73	123	107	139	5	37.74	57	47	117.93	9	144	110	93	22.23	102	109	85	127																																																																																																																																																																																														
4	111.51	114	149	48	136	138.76	69	24	99	67	101.75	91	116	20.35	91	74	43	143	144.31	36	119	31	71	130.25	74	77	71.87	34	56	118	80	29	118	149	75	30	51.33	38	17	73.82	55	105	61	11	44.3	82	91	28	80																																																																																																																																																																																														
27	6.06	87	95	143	22	64.67	146	16	34	149	98.6	101	43	97.41	127	77	133	47	148.04	110	82	11	27	52.08	105	139	79.04	47	91	32	143	83.11	68	41	51	1	30.17	107	73	143.2	64	40	55	111	82.27	96	75	18	126																																																																																																																																																																																														
97	6.5	6	85	88	64	143.74	81	64	127	120	107.15	103	83	70.59	136	147	143	98	76.57	121	50	116	14	118.71	62	49	60.29	131	20	83	92	83.31	105	116	69	97	4	40	1	26.34	19	77	125	88	26.33	34	29	1	74																																																																																																																																																																																														
61	129.48	41	126	132	83	68.58	35	149	113	134	138.54	61	75	4.1	127	31	149	46	101.56	21	95	112	104	53.99	107	138	16.83	44	92	140	56	124.09	33	146	129	86	54.69	55	13	91.31	50	84	78	109	99.76	150	35	127	27																																																																																																																																																																																														
2	109.84	62	43	148	120	55.71	77	145	72	34	123.04	144	29	78.96	91	139	89	61	84.54	51	136	99	99	126.47	90	59	101.81	63	122	19	72	134.85	113	59	37	126	140.25	64	24	143.71	56	83	15	81	120.18	84	33	22	58																																																																																																																																																																																														
56	108.72	127	13	9	77	23.86	34	61	125	70	95.46	39	1	145.64	25	111	42	77	2.7	79	137	122	25	148.86	90	122	58.75	51	95	88	92	4.53	12	144	77	13	100.39	122	95	129.95	65	58	95	42	96.09	82	78	121	120																																																																																																																																																																																														
117	77.87	27	125	70	34	33.83	20	7	104	17	70.4	3	93	23.75	104	69	33	93	133.59	30	2	66	64	122.43	132	143	144.7	30	116	88	65	69.07	110	84	120	112	40.97	15	23	24.6	95	55	46	89	61.23	64	71	114	91																																																																																																																																																																																														
30	135.76	115	32	18	135	136.12	83	134	120	59	39.48	1	133	132.07	75	79	79	135	43.67	45	145	62	81	137.77	98	43	91.94	34	5	64	19	51.03	101	148	88	120	33.29	25	14	59.18	150	49	63	82	19.8	125	148	118	46																																																																																																																																																																																														
123	48.36	118	87	35	147	63.18	102	137	148	18	75.72	24	53	83.2	92	61	70	23	116.38	62	18	109	17	78.74	48	87	105.49	24	101	107	34	68.27	88	56	133	127	86.05	61	81	82.73	125	67	97	99	24.26	51	116	8	125																																																																																																																																																																																														
4	36.94	25	38	32	74	113	101	55	79	88	20.96	103	144	134.51	129	3	130	45	121.86	33	86	25	39	44.1	13	13	102.82	98	142	10	120	95.25	47	21	11	67	66.62	41	57	125.35	131	2	50	111	114.05	117	34	115	44																																																																																																																																																																																														
43	99.54	26	100	139	57	135.07	138	142	149	88	121.08	134	114	32.13	51	73	1	146	100.34	34	137	101	41	122.49	95	93	92.52	105	88	149	129	123.37	122	18	113	16	1.25	135	102	77.45	112	100	148	148	94.04	110	40	46	147																																																																																																																																																																																														
100	4.37	57	107	63	5	104.01	41	29	100	64	34.66	5	29	51.93	121	52	103	62	58.39	122	38	17	16	117.33	103	147	13.54	51	102	51	131	147.13	117	4	148	83	128.04	96	119	100.04	144	123	38	120	132.69	28	142	104	83																																																																																																																																																																																														
28	22.13	97	50	93	51	97.76	47	110	46	148	9.98	21	62	134.67	21	3	146	64	113.85	17	118	50	104	70.23	70	38	133.32	144	106	67	137	114.58	71	34	106	64	133.32	105	24	82.23	115	138	127	106	10.69	1	126	33	13																																																																																																																																																																																														
96	110.59	101	57	18	96	28.18	117	83	50	75	88.16	104	101	21.75	67	44	66	70	31.59	48	119	64	98	13.32	88	98	114.54	5	4	55	150	95.57	140	92	40	14	7.14	137	76	95.78	46	113	92	133	64.6	150	111	72	123																																																																																																																																																																																														
135	104.66	21	80	123	100	53.24	134	58	145	112	36.08	73	149	135	13	73	9	62	146.09	29	134	75	43	46.79	41	2	126.65	97	112	7	63	94.75	42	37	28	15	135.46	85	141	29.48	98	123	74	47	53.58	26	142	145	123																																																																																																																																																																																														
103	122.67	116	26	90	50	46.91	68	23	103	48	38.78	60	104	3.92	128	2	49	37	106.15	54	143	28	10	114.61	135	147	40.77	127	59	109	122	9.96	78	81	80	77	71.22	33	107	96.43	7	127	132	117	52.9	52	1	40	93																																																																																																																																																																																														
54	147.91	145	85	30	28	140.3	38	124	132	13	90.54	141	47	50.09	99	11	19	46	139.61	145	122	40	27	19.2	60	94	34.58	93	44	113	54	100.31	125	106	23	44	66.99	42	62	90.03	6	12	124	96	6.7	38	96	51	69																																																																																																																																																																																														
17	135.29	125	44	47	114	40.1	11	148	118	53	108.54	12	33	117.92	134	79	131	37	123.51	148	71	27	83	116.17	12	12	48.4	65	68	129	91	51.27	3	20	19	107	69.47	91	134	86.67	5	3	83	9	79.52	147	57	54	128																																																																																																																																																																																														
128	40.05	142	18	96	73	115.36	119	54	85	105	25.73	136	120	119.84	73	48	90	32	146.11	113	97	89	144	76.76	138	10	102.17	85	148	51	134	48.48	7	44	49	116	114.06	52	66	31.36	141	88	21	80	147.51	97	93	132	42																																																																																																																																																																																														
36	117.49	3	139	110	126	94.99	113	64	57	88	93.2	83	135	29.3	104	11	19	72	8.28	105	7	56	112	131.95	18	142	87.74	147	10	92	59	95.79	145	81	47	3	127.26	89	115	96.35	128	128	6	23	71.41	150	35	143	140																																																																																																																																																																																														
83	3.06	90	120	122	12	29.45	104	123	104	147	4.33	146	39	36.15	60	47	6	88	7.78	28	69	137	24	87.29	108	74	52.87	107	104	59	101	66.33	50	121	98	102	29.91	46	73	94.69	136	98	83	37	45.41	37	129	122	70																																																																																																																																																																																														
46	3.03	100	25	99	138	128.08	28	2	9	59	63.85	101	136	111.71	90	130	72	1	122.12	87	79	27	37	64.1	143	62	149.36	91	27	122	108	131.69	89	59	92	78	86.76	144	90	8.19	20	56	74	67	46.36	57	128	105	40																																																																																																																																																																																														
16	124.63	137	149	33	69	62.66	80	120	78	75	87.78	63	138	137.81	18	101	32	73	57.34	26	37	149	146	116.16	75	15	101.45	45	135	81	103	120.5	45	67	15	36	147.11	109	24	21.31	6	10	59	104	52.97	65	117	42	115																																																																																																																																																																																														
3	36.46	91	95	44	64	122.69	81	104	117	53	33.1	15	57	107.97	12	122	24	127	40.44	109	128	1	27	136.46	63	66	147.1	114	115	133	79	28.9	95	48	100	31	8.22	77	70	121.26	38	144	147	15	106	133	112	45	81																																																																																																																																																																																														
92	25.59	128	127	75	25	113.74	117	75	50	41	127.89	12	13	141.96	107	141	39	15	30.32	96	74	59	98	28.65	22	129	41.59	48	8	128	65	119.49	131	94	135	136	57.27	53	6	76.92	77	38	102	101	110.44	128	16	59	99																																																																																																																																																																																														
134	30.62	139	89	6	85	23.44	46	47	22	100	75.03	58	45	127.44	69	148	135	18	75.74	135	48	143	52	12	46	23	116.81	117	45	85	119	125.45	26	135	118	16	147.77	110	2	139.24	108	6	20	119	138.93	43	49	99	119																																																																																																																																																																																														
113	40.81	57	88	92	116	97.72	92	137	37	100	136.74	14	1	130.68	84	54	79	18	37.15	51	86	4	72	135.06	58	133	99.12	17	84	64	123	46.87	60	74	117	9	38.04	2	91	124.78	118	94	87	23	136.91	92	50	92	4																																																																																																																																																																																														
13	124.54	97	4	123	26	142.38	8	144	116	113	17.43	14	29	141.71	69	109	42	51	102.46	79	148	60	15	108.69	148	12	142.53	150	43	114	101	124.79	109	9	70	122	119.1	150	130	144.88	101	7	99	55	99.25	108	43	56	102																																																																																																																																																																																														
80	121.16	139	110	76	34	101.06	105	124	62	13	82.77	141	52	14.43	20	19	61	120	110.01	124	9	72	123	52.76	136	136	83.27	26	147	39	141	23.17	147	62	109	93	81.17	146	89	133.17	135	67	119	16	5.08	104	122	146	81																																																																																																																																																																																														
114	82.43	40	63	50	66	137.89	37	25	125	86	14.68	131	107	103.2	118	34	135	142	138.47	9	107	121	145	36.82	13	89	64.5	45	125	24	108	52.64	128	126	136	117	123.43	124	118	116.62	93	8	6	105	118.21	136	146	78	115																																																																																																																																																																																														
40	136.52	117	45	113	91	89.54	50	134	34	94	67.82	104	19	67.09	135	45	104	98	147.35	75	54	114	1	29.33	115	92	131.34	144	74	86	83	106.84	146	146	51	130	106.36	101	26	28.23	62	107	124	144	29.36	68	120	97	145																																																																																																																																																																																														
117	139.05	117	14	121	137	100.89	15	82	42	80	132.63	39	109	79.15	66	147	134	148	144.37	42	86	25	25	9.98	42	74	102.45	111	38	75	148	135.63	138	29	113	57	40.41	74	147	126.25	62	98	91	63	124.8	144	131	16	92																																																																																																																																																																																														
57	140.68	103	59	102	37	123.93	79	140	82	103	24.48	86	137	74.23	48	127	85	144	12	141	145	79	86	105.08	130	126	39.93	128	101	90	28	127.8	3	24	84	101	105.96	37	119	61.46	127	77	14	75	6.13	94	135	45	147																																																																																																																																																																																														
127	138.94	94	76	115	5	9.81	21	113	92	77	89.46	80	132	117.37	6	90	19	111	58.19	1	145	3	13	102.63	16	114	52.06	33	88	7	24	35.94	79	6	129	125	13.14	41	99	91.46	91	101	101	138	49.99	88	132	37	49																																																																																																																																																																																														
76	68.21	48	13	25	122	93.22	145	123	70	122	115.04	71	34	147.67	77	107	103	128	126.12	98	51	140	13	92.88	89	31	45.61	99	71	114	2	51.69	70	80	144	140	120.14	44	47	116.62	114	130	30	121	131.68	71	61	33	116																																																																																																																																																																																														
38	44.42	80	85	113	118	57.76	113	18	52	37	111.15	114	13	26.9	96	87	112	27	120.79	79	9	103	42	42.35	105	35	20.06	18	133	81	74	97	24	110	65	82	39.22	96	23	135.39	63	113	140	136	6.08	150	98	37	16																																																																																																																																																																																														
112	35.01	120	11	37	13	53.08	4	138	132	96	93.18	15	87	107.3	18	74	51	88	47.23	150	3	65	147	11.53	25	55	39.89	58	62	34	117	88.01	36	91	66	30	46.9	76	62	2.79	133	5	24	130	62.5	122	57	105	57																																																																																																																																																																																														
23	145.07	8	133	63	23	29.51	121	106	17	64	129.07	19	36	120.43	138	35	93	118	93.98	9	25	10	62	27.35	40	69	121.4	109	146	117	68	72.98	36	73	82	106	132.97	141	23	71.19	31	23	107	125	8.29	26	79	5	6																																																																																																																																																																																														
45	41.28	5	130	41	65	134.25	73	5	150	134	75.28	17	75	81.33	7	95	126	32	27.05	89	20	110	41	48.35	52	10	108.43	105	39	73	52	113.98	62	49	102	51	12.44	82	72	144.5	59	140	98	44	65.96	149	97	61	12																																																																																																																																																																																														
72	80.46	60	110	34	37	43.78	71	35	42	70	94.02	70	142	24.32	143	28	5	55	60.16	133	20	32	48	21.97	99	72	128.55	36	42	118	139	101.33	99	112	39	78	128.57	97	102	34.43	147	70	94	20	128.03	143	57	97	33																																																																																																																																																																																														
134	109.31	114	102	117	106	100.87	89	71	76	108	52.65	122	64	78.07	30	93	63	140	55.33	27	140	139	14	99.76	23	110	24.46	143	131	91	137	20.21	130	5	68	26	121.28	38	41	41.96	145	80	146	103	93.28	131	121	41	18																																																																																																																																																																																														
88	23.84	101	114	37	148	145.37	64	55	106	88	1.32	120	39	111.14	43	72	115	86	76.22	49	29	73	118	51.95	107	79	122.82	7	134	7	38	134.12	44	137	40	114	7.35	88	28	90.27	76	142	133	145	16.32	122	126	64	142																																																																																																																																																																																														
30	82.95	75	65	25	75	88.47	93	78	23	124	139.59	56	113	31.07	112	75	30	98	4.02	114	70	33	102	89.48	115	87	67.28	29	66	127	37	25.18	107	14	24	38	7.46	135	21	12.11	27	98	22	108	3.75	22	1	65	118																																																																																																																																																																																														
110	142.6	99	92	124	6	134.83	66	59	71	110	125.44	60	55	30.08	22	138	129	139	92.53	91	83	101	121	18.41	51	123	147.56	48	117	30	101	13.57	55	148	43	111	139.96	66	13	30.22	138	30	19	33	135.17	51	70	2	134																																																																																																																																																																																														
20	22.37	50	32	123	119	10.07	125	100	99	3	76.61	50	55	75.48	100	43	103	94	107.08	10	108	39	124	84.13	114	83	31.91	105	100	56	4	145.43	77	14	14	88	68.22	149	65	72.03	68	86	84	25	41.36	56	52	3	118																																																																																																																																																																																														
100	144.3	38	48	1	16	136.01	28	102	56	1	44.56	126	135	40.05	28	13	138	115	7.27	115	53	15	111	90.95	132	103	142.4	97	24	138	144	98.88	149	117	5	46	84.68	45	110	96.14	141	104	26	98	131.83	80	80	72	38																																																																																																																																																																																														
50	36.01	40	112	36	77	21.01	150	130	106	68	87.96	101	49	115.19	147	4	4	14	55.84	68	77	70	110	9.19	8	140	109.46	43	96	123	59	40.24	91	59	138	117	146.41	65	112	44.54	135	87	3	63	140.67	79	46	72	124																																																																																																																																																																																														
43	70.92	124	18	96	139	124.44	35	45	95	8	53.57	24	77	8.17	62	147	79	4	102.08	115	66	77	145	20.8	70	122	77.85	128	117	75	124	44.9	73	11	34	38	31.96	60	64	44.8	93	119	3	21	109.74	13	39	20	69																																																																																																																																																																																														
52	23.16	134	149	6	41	97.15	95	56	19	14	60.25	147	70	35.78	137	102	10	37	131.28	96	80	42	45	100.72	123	75	12.44	68	142	54	25	41.25	103	124	142	123	109.89	51	99	80.27	97	102	98	148	106.7	47	149	129	134																																																																																																																																																																																														
41	133.05	76	16	33	34	121.71	99	79	115	119	101.58	87	71	31.94	68	60	86	80	80.18	82	73	84	126	95.29	81	31	108.11	138	88	79	98	65.94	76	34	106	136	117.09	86	20	26.02	118	88	108	62	76.93	135	31	104	136																																																																																																																																																																																														
105	119.37	90	83	12	32	106.38	103	119	135	70	2.18	91	1	84.03	142	95	38	138	74.21	44	42	98	136	97.45	17	81	121.19	63	141	30	107	45.25	130	6	56	56	1.42	21	84	12.54	138	42	50	133	93.41	119	61	143	114																																																																																																																																																																																														
92	8.04	9	19	33	96	74	112	39	52	70	113.01	132	121	67.52	24	107	141	143	94.19	140	10	6	96	65.91	25	66	125.66	1	129	118	83	89.16	72	142	90	104	49.11	83	23	102.89	35	58	5	35	20.56	139	48	132	125																																																																																																																																																																																														
111	3.72	30	88	113	5	52.04	125	117	132	90	121.1	30	16	106.4	117	57	20	109	129.54	1	61	117	22	41.02	77	143	33.85	111	144	125	132	141.33	72	141	19	97	18.1	62	8	26.99	129	119	32	57	62.33	107	74	138	98																																																																																																																																																																																														
137	108.21	65	79	112	102	89.25	144	114	70	150	99.56	58	90	9.41	101	6	150	108	78.27	140	76	8	51	62.93	63	71	35.26	20	83	41	131	42.03	128	81	4	69	3.09	112	139	134.15	2	97	35	37	16.33	70	150	22	126																																																																																																																																																																																														
16	114.4	121	149	122	80	61.33	49	125	127	4	103.01	77	60	30.24	5	46	100	30	10.87	138	61	55	51	145.03	16	99	105.25	30	92	17	59	98.13	118	46	61	20	93.63	119	67	125.5	144	96	128	137	137.63	73	71	87	71																																																																																																																																																																																														
15	101.9	150	13	102	144	112.18	57	24	127	12	84.19	122	12	73.46	129	13	71	28	103.66	62	69	133	110	140.97	128	124	134.25	117	35	68	2	1.81	117	149	40	13	127.41	65	5	128.84	69	118	7	88	50.89	87	66	138	149																																																																																																																																																																																														
75	88.19	7	32	139	33	140.24	123	58	15	121	132.73	50	21	94.59	127	121	136	132	24.75	108	132	53	31	37.65	54	25	86.66	106	86	61	3	101.92	30	37	150	88	67.5	146	94	69.91	14	17	77	114	117.72	131	62	130	12																																																																																																																																																																																														
17	147.05	59	137	113	2	38.05	87	102	71	88	78.72	12	15	81.77	46	113	60	114	53.34	62	73	19	148	35.57	13	113	137.59	46	74	129	150	25.64	24	112	134	40	16.38	33	80	40.13	65	132	134	104	86.16	15	34	9	49																																																																																																																																																																																														
141	86.9	113	86	49	131	149.67	22	119	44	65	99.88	49	115	49.13	12	51	137	128	4.57	110	58	120	10	112.96	100	35	107.65	98	67	102	71	68.92	119	4	115	4	54.76	120	135	94.53	49	75	134	75	18.88	84	102	14	16																																																																																																																																																																																														
114	72.13	21	124	41	100	128.5	38	37	5	96	128.1	142	54	63.75	41	83	150	76	36.65	49	67	106	88	25.52	97	33	134.25	84	79	91	59	44.18	128	5	45	84	111.35	38	53	129.47	81	84	63	48	10.94	58	22	73	30																																																																																																																																																																																														
116	128.2	78	119	125	48	124.92	87	142	23	95	74.9	104	16	141.13	49	60	42	2	53.2	92	139	126	83	81.44	104	144	106.15	10	37	116	68	40.35	74	87	4	67	121.27	109	2	142.26	85	132	93	98	128.65	95	82	144	59																																																																																																																																																																																														
52	93.48	24	23	25	30	99.09	24	40	32	46	19.64	86	123	40.24	88	148	67	99	63.5	148	29	119	32	73.58	90	98	133.85	50	81	8	67	118.12	150	140	59	9	49.56	12	17	132.56	124	24	62	117	36.09	100	56	2	148																																																																																																																																																																																														
24	104.1	92	113	64	146	45.77	99	72	63	70	41.34	43	64	115.75	96	38	91	56	13.34	140	129	129	119	92.87	27	41	130.12	123	46	97	18	50.1	88	23	24	87	45.85	147	61	63.69	21	117	17	14	123.34	85	143	52	98																																																																																																																																																																																														
131	61.64	143	23	143	18	107.95	33	131	99	90	131.85	14	148	38.33	28	10	131	45	81.63	3	46	131	44	62.69	56	20	6.41	70	135	22	15	89.86	142	57	129	85	140.45	125	145	64.64	110	67	56	64	25.71	134	81	14	96																																																																																																																																																																																														
128	1.01	35	29	41	62	71.66	106	148	61	136	42.57	40	146	63.49	67	80	78	131	128.89	44	8	145	117	8.05	97	96	147.37	111	88	109	24	100.43	27	107	97	47	26.07	76	146	107.23	38	27	12	40	127.96	123	90	99	44																																																																																																																																																																																														
23	135.36	111	116	90	54	72.3	80	2	118	91	88.53	93	97	131.78	28	6	116	68	127.07	42	17	27	69	147.01	111	138	128.25	37	7	9	104	148.93	118	53	60	150	59.66	49	85	65.71	7	118	85	91	35.08	44	41	22	6																																																																																																																																																																																														
88	2.06	56	33	109	133	3.02	81	77	30	64	122.16	62	138	77.19	42	28	15	83	109.12	128	129	85	49	6.99	141	149	72.05	69	53	105	19	54.22	93	89	103	67	65.49	44	9	109.21	4	82	100	96	141.57	70	81	101	80																																																																																																																																																																																														
56	122.44	33	150	111	9	130.81	37	96	72	114	18.42	26	69	48.92	41	22	68	142	107.01	70	8	42	8	26.45	76	93	15.63	94	114	47	83	61.27	88	95	40	104	50.36	57	14	147.22	126	143	105	148	45.86	65	113	82	130																																																																																																																																																																																														
6	7.96	108	53	107	49	59.42	129	19	15	10	147.71	111	77	126.18	84	24	43	140	106.49	34	139	75	139	99.34	33	105	93.99	76	19	109	109	52.21	109	31	21	59	72.84	69	147	144.06	6	95	30	107	20.45	102	89	73	138																																																																																																																																																																																														
108	60.29	30	36	51	127	104.74	98	61	69	79	84.31	82	74	38.03	125	7	26	117	32.01	64	46	42	77	19.56	11	118	59.55	67	69	103	97	97.15	65	144	124	22	72.91	117	55	145.97	78	126	52	122	112.16	141	123	45	99																																																																																																																																																																																														
147	26.59	57	76	68	1	32.13	58	86	71	11	145.45	91	82	7.15	92	72	101	122	74.13	110	127	89	102	96.81	111	99	45	101	143	88	129	71.78	33	91	132	71	15.57	70	62	121.68	10	90	132	63	39.89	56	19	113	126																																																																																																																																																																																														
47	3.17	137	12	145	119	3.43	28	62	48	103	52.7	71	34	126.45	126	30	45	3	35.23	74	110	48	147	88.03	56	69	102.47	39	125	15	105	24.74	16	139	36	103	77.41	77	26	22.62	63	137	49	61	52.06	62	121	78	129																																																																																																																																																																																														
32	116.33	144	99	109	82	130.92	122	75	55	125	116.23	36	79	43.48	3	78	55	87	94.2	149	26	29	136	119.05	23	70	139.23	11	32	139	112	122.91	50	50	44	40	65.72	12	5	33.34	52	116	7	123	46.02	129	139	16	115																																																																																																																																																																																														
129	126.87	51	56	77	108	147.25	111	117	119	20	108.45	51	144	106.67	74	73	68	46	23.3	16	55	70	15	64.45	106	16	100.85	99	29	56	7	29.19	28	141	28	72	130.77	13	37	115.24	144	15	89	113	54.95	144	81	96	58																																																																																																																																																																																														
67	94.33	91	101	40	57	147.29	88	81	26	7	5.18	82	57	101.93	6	64	65	129	122.72	138	135	95	12	134.23	127	120	20.06	35	118	98	51	141.35	83	94	22	109	50.12	65	58	75.23	19	34	27	41	139.42	143	90	81	84																																																																																																																																																																																														
100	18.69	135	107	38	8	128.41	83	87	131	119	15.36	97	44	60.27	5	2	94	131	3.17	30	139	67	46	26.69	69	34	91.09	117	147	88	74	27.37	32	138	52	48	48.31	40	149	9.02	87	4	120	30	119.89	7	106	21	98																																																																																																																																																																																														
136	89.55	91	115	113	16	79.78	78	25	26	100	145.82	34	67	12.26	141	45	135	112	30.7	28	120	59	73	112.17	29	105	116.37	98	78	42	16	118.21	97	103	149	7	30.77	41	122	97.22	110	37	7	144	35.88	97	53	33	88																																																																																																																																																																																														
107	68.66	134	10	78	81	145.27	20	74	10	13	29.47	55	128	36.05	103	12	97	48	55.61	82	145	106	13	74.22	15	122	64.27	131	18	25	14	90.14	96	122	36	110	44.12	33	108	72.37	34	6	55	129	65.52	23	98	50	98																																																																																																																																																																																														
62	51.07	59	127	62	74	50.2	35	80	148	78	24.94	30	85	134.99	150	36	70	15	125.59	94	117	105	143	61.28	57	96	143.25	101	45	24	137	125.08	95	21	19	114	138.58	2	97	60.26	94	145	27	99	132.07	136	87	138	32																																																																																																																																																																																														
134	82.4	117	9	87	3	23.97	131	120	60	82	73.85	32	106	128.76	149	66	36	119	12.55	73	68	92	48	100.99	45	41	42.86	76	62	123	98	59.11	117	89	105	71	123.6	77	112	15.65	63	76	47	107	98.92	137	132	53	26																																																																																																																																																																																														
104	122.63	73	21	29	99	131.3	47	117	122	130	74.22	80	108	40.54	31	55	90	124	18.94	47	16	138	129	130.54	47	56	72.2	119	101	9	16	106.95	23	1	90	25	77.94	41	10	21.24	35	6	108	64	117.66	20	11	143	146																																																																																																																																																																																														
114	32.22	61	20	21	104	123.82	20	101	2	26	146.24	65	108	92.58	37	31	98	54	42.34	4	137	109	126	134.94	7	58	100.35	45	18	73	66	79.08	78	138	55	77	93.25	18	144	34.53	124	41	57	135	54.41	33	42	88	140																																																																																																																																																																																														
126	37.33	84	91	74	81	134.74	119	145	8	6	97.59	86	16	33.53	58	105	86	101	97.57	129	74	61	46	82.57	134	88	132.72	31	64	25	132	87.01	48	96	24	104	44.87	81	60	29.4	50	114	8	85	22.24	95	115	132	37																																																																																																																																																																																														
96	147.95	15	58	108	116	102.43	30	42	3	114	58.45	24	4	4.6	18	13	52	86	110.47	66	112	45	135	104.8	70	48	21.52	24	96	21	9	20.3	104	126	7	89	66.3	127	114	69.83	109	66	64	116	143.15	26	20	77	148																																																																																																																																																																																														
70	104.86	78	136	42	15	146.54	87	50	77	51	71.1	22	49	36.74	104	33	3	49	9.6	27	123	17	116	43.61	40	85	127.48	111	80	90	36	119.29	35	12	52	8	51.14	95	109	7.09	110	41	10	14	141.15	81	108	118	30																																																																																																																																																																																														
62	92.56	69	131	140	140	67.37	30	22	99	146	103.94	80	20	105.58	21	38	150	121	104.94	76	131	123	79	144.52	27	18	115.22	64	69	42	41	108.72	11	125	148	88	44.86	63	48	48.64	51	134	81	105	45.9	128	14	13	10																																																																																																																																																																																														
107	13.39	76	32	57	18	60.46	149	140	109	111	88.21	127	91	137.58	53	19	150	60	126.95	79	11	32	142	139.5	46	111	86.06	135	129	73	148	98.5	51	78	2	68	111.6	133	43	55.31	138	24	66	91	35.36	109	124	11	121																																																																																																																																																																																														
123	124.45	150	24	105	75	24.06	14	15	6	90	44.18	30	39	119.81	77	9	90	16	54.18	8	4	99	113	139.75	38	38	136.82	122	44	139	83	65.06	40	148	39	114	35.88	59	134	43.43	129	132	82	104	109.36	4	53	131	36																																																																																																																																																																																														
96	79.8	111	23	40	70	131.57	43	106	112	120	26.36	73	143	44.63	84	45	99	54	3.62	115	123	13	22	87.49	91	53	118.89	133	63	144	3	74.49	58	49	25	115	43.91	20	147	144.35	75	56	20	16	95.94	3	59	120	17																																																																																																																																																																																														
105	47.56	86	28	69	140	81.78	18	25	61	86	109.43	96	42	38.66	52	116	11	34	149.5	142	47	107	110	62.33	102	37	33.77	46	30	136	56	85.37	50	44	96	119	95.7	43	22	88.17	9	38	28	17	23.95	85	9	145	26																																																																																																																																																																																														
117	52.31	112	139	4	59	61.72	91	47	16	99	128.26	113	149	32.93	138	10	42	62	125.97	101	68	149	110	101.47	111	62	69.82	57	75	99	64	37.31	85	120	68	42	90.3	28	81	128	126	18	114	52	98.58	6	106	82	127																																																																																																																																																																																														
65	86.18	22	125	130	76	24.78	53	60	106	93	102.45	127	148	86.34	97	60	33	72	126.74	55	70	20	118	145.17	96	36	65.55	44	93	82	87	61.66	86	39	28	63	142.34	130	35	48.23	29	34	58	33	69.02	17	9	27	114																																																																																																																																																																																														
116	124.33	14	107	29	67	93.02	67	115	103	66	36.2	132	136	113.42	37	13	27	46	63.89	45	148	3	66	89.78	46	75	91.98	9	66	125	4	2.36	104	130	94	101	36.11	132	16	137.93	88	79	103	28	132.98	19	55	52	22																																																																																																																																																																																														
44	138.66	94	59	7	48	40.74	74	112	59	106	114.3	65	54	75.73	33	115	10	102	99.08	60	130	125	77	84.55	42	89	113.05	90	109	116	62	15.98	9	49	34	66	53.18	44	92	43.28	49	6	118	130	75.59	95	91	13	91																																																																																																																																																																																														
24	60.01	116	26	140	117	75.77	116	145	148	145	38.65	2	64	66.31	107	41	1	3	37.25	113	148	59	77	57.18	116	61	119.73	15	7	90	129	6.32	26	114	128	102	24.44	128	48	21.81	53	148	70	125	107.44	23	45	27	82																																																																																																																																																																																														
20	41.6	103	135	15	44	84.07	114	140	95	112	145.39	94	14	12.34	50	30	60	31	7.97	47	139	129	68	113.36	143	127	127.4	146	58	97	30	72.98	116	61	141	34	102.47	87	83	34.02	41	1	116	45	25.17	90	25	78	122																																																																																																																																																																																														
131	133.51	2	118	15	9	60.25	13	43	52	51	80.94	145	128	73.96	98	87	7	12	23.75	121	51	132	75	72.91	12	94	121.8	79	129	94	104	44.12	114	31	136	112	78.67	122	102	66.23	102	58	93	23	115.06	1	92	71	8																																																																																																																																																																																														
102	115.5	67	68	102	69	127.58	34	84	54	8	106.8	84	83	138.08	33	7	55	65	111.73	103	81	135	64	139.63	101	146	24.32	73	23	95	119	79.35	139	40	83	95	84.11	13	106	33.5	128	122	113	34	137.43	51	30	146	98																																																																																																																																																																																														
91	143.5	31	111	60	97	98.64	133	61	2	149	33.97	68	69	42.82	125	13	109	56	14.78	65	8	56	100	80.3	6	122	129.86	92	84	63	109	138.81	72	30	65	82	82.55	31	81	88.78	81	97	42	9	109.23	77	49	128	66																																																																																																																																																																																														
10	39.13	97	47	143	121	59.9	139	116	17	94	33.54	94	80	72.05	85	26	62	21	44.55	19	7	57	127	123.49	34	13	134.31	48	73	74	140	59.87	25	105	112	94	14.82	131	46	1.67	82	109	68	106	122.12	23	20	17	116																																																																																																																																																																																														
12	67.33	136	99	89	86	109.56	57	82	110	35	12.85	16	36	73.76	7	7	124	148	132.75	143	87	129	83	104.08	143	60	48.25	19	16	33	101	5.56	142	81	52	18	100.03	26	62	48.78	1	1	77	49	13.54	122	123	119	99																																																																																																																																																																																														
141	30.1	77	67	28	53	79.03	119	40	127	129	145.01	22	146	64.49	46	74	85	119	116.82	118	86	4	14	117.31	20	85	102.38	17	108	126	9	64.31	57	100	144	14	121.67	145	34	48.34	74	146	15	54	109.04	99	99	117	30																																																																																																																																																																																														
3	71.4	123	115	105	10	73.94	59	54	41	22	11.02	105	62	48.82	121	138	23	143	63.28	53	9	122	100	142.86	18	98	110.4	126	134	68	103	25.82	135	20	33	79	132.96	26	31	79.41	133	73	7	49	122.49	42	28	48	60																																																																																																																																																																																														
70	1.5	70	94	124	44	28.26	100	11	129	30	13.41	145	105	12.85	82	8	29	65	40.38	30	87	4	9	50.4	122	149	38.65	48	129	26	24	60.9	51	122	101	91	84.39	71	111	11.98	74	7	137	148	34.22	118	58	145	137																																																																																																																																																																																														
94	47	135	63	113	49	41.86	28	147	84	89	77.28	45	39	130.85	111	126	13	41	48.98	109	108	30	109	47.86	42	139	96.77	87	53	112	119	44.2	92	109	147	87	33.48	45	27	129.97	67	60	104	4	24.24	49	78	28	42																																																																																																																																																																																														
62	127.48	37	79	96	77	48.73	51	101	9	134	133.55	115	107	102.5	10	112	54	98	109.42	63	10	106	128	18.4	130	36	112.14	21	14	37	148	46.98	103	21	115	20	52.32	20	149	98.66	56	93	12	88	8.91	99	4	49	39																																																																																																																																																																																														
62	64.95	36	84	18	91	85.01	18	2	81	111	36.53	76	3	93.45	51	44	13	112	129.29	66	106	137	116	61.19	46	100	146.42	117	105	114	3	34.4	5	21	26	31	21.16	104	56	33.85	60	111	63	1	49.3	63	148	93	113																																																																																																																																																																																														
119	32.33	15	34	77	7	114.2	18	138	149	47	120.98	114	33	91.93	35	1	37	87	113.87	50	102	61	136	32.77	42	42	61.14	150	126	39	29	64.7	45	142	134	37	24.36	32	149	105.42	97	142	56	101	11.85	102	76	6	50																																																																																																																																																																																														
90	34.21	132	100	122	119	139.82	121	121	15	127	113.66	107	67	10.65	14	135	139	84	148.01	36	13	51	132	91.5	111	25	142.39	108	3	69	37	19.71	123	96	84	22	95.99	67	121	49.93	112	69	75	100	99.49	133	84	61	63																																																																																																																																																																																														
52	138.91	20	133	104	138	25.24	49	30	7	130	60.2	40	73	144.31	98	26	100	69	97.6	111	2	38	46	51.98	142	81	63.39	135	3	34	108	62.23	125	75	91	34	14.02	65	33	135.79	65	95	136	137	105.56	147	110	66	120																																																																																																																																																																																														
73	85.63	53	2	54	50	36.12	49	92	113	36	93.99	73	143	76.07	47	62	122	88	86.8	52	110	26	63	20.59	33	31	25.5	121	20	86	134	65.1	94	45	18	127	32.04	113	125	7.1	101	135	103	57	97.43	115	102	85	142																																																																																																																																																																																														
66	2.16	67	100	4	82	105.34	37	125	122	28	140.07	2	79	100.02	50	4	103	101	19.35	70	65	49	57	15.2	83	124	128.49	12	110	42	110	113.62	94	93	59	85	81.96	142	91	19.24	60	150	41	73	90.48	72	65	103	67																																																																																																																																																																																														
97	127.19	80	105	63	77	52.14	26	92	60	37	116.83	77	120	98.88	74	75	98	150	95.18	77	123	123	41	6.98	86	145	142.12	108	111	44	46	123.94	66	16	22	19	100.25	13	38	22.43	111	149	112	15	81.81	104	31	36	30																																																																																																																																																																																														
128	1.31	83	28	74	79	65.71	99	41	143	52	87.71	146	56	27.93	46	23	78	9	58.7	24	83	54	27	87.88	75	108	98.51	37	52	11	49	47.57	69	119	39	68	59.83	42	77	145.06	6	63	75	5	149.48	56	36	130	66																																																																																																																																																																																														
79	122.66	113	39	147	125	75.44	4	76	122	107	85.28	103	20	67.75	135	123	28	39	30.95	83	90	59	3	94.24	89	76	134.26	19	119	16	55	103.49	95	61	31	58	115.46	61	102	135.4	106	109	101	132	43.54	117	12	26	95																																																																																																																																																																																														
69	12.97	73	113	49	43	77.46	105	86	126	107	9.29	23	99	18.76	80	77	103	136	26.16	98	67	128	122	142.72	40	113	81.94	138	45	52	148	78.87	21	54	123	98	141.11	122	80	147.02	125	57	146	14	81.75	119	109	5	56																																																																																																																																																																																														
140	5.04	54	117	18	98	69.47	93	70	110	78	112.74	89	114	76.84	31	16	51	114	14.95	139	40	117	17	31.36	122	111	95.88	67	142	86	134	92.92	110	116	96	137	75.49	90	58	104.17	23	75	9	58	116.26	78	68	120	126																																																																																																																																																																																														
98	52.76	32	117	70	97	135.94	58	54	78	34	38.06	16	67	57.3	63	46	84	113	7.88	27	54	144	119	93.39	116	115	96.72	53	9	140	29	130.76	52	85	141	18	40.81	8	144	130.69	132	72	82	138	4.4	83	68	24	128																																																																																																																																																																																														
116	120.21	124	92	48	90	16.68	76	107	100	144	58.09	80	56	127.59	143	28	117	114	84.85	49	4	124	59	50.12	79	38	33.26	137	121	6	60	90.5	39	62	110	54	81.88	92	74	46.03	4	25	134	92	6.78	71	128	142	84																																																																																																																																																																																														
22	71.15	25	90	143	124	144.71	3	4	142	129	83.74	93	2	123.11	3	62	4	85	122.38	64	128	58	140	119.4	46	8	144.61	112	22	115	113	77.79	28	36	109	91	63.67	32	43	69.53	121	5	142	104	70.86	101	53	48	121																																																																																																																																																																																														
28	146.55	131	87	75	46	50.01	52	46	28	121	9.84	89	98	115.86	48	149	98	1	20.19	102	82	123	96	50.57	83	84	62.79	150	55	120	13	135.57	124	143	56	18	6.22	36	39	2.25	148	88	100	126	42.34	53	150	35	78																																																																																																																																																																																														
64	91.86	45	83	88	47	85.74	47	40	53	16	129.04	73	33	52.59	42	25	19	109	90.05	115	138	52	29	139.69	32	9	38.94	9	88	10	11	96.16	117	24	148	4	129.64	44	60	102.51	120	31	59	92	80.32	72	98	42	21																																																																																																																																																																																														
43	83.5	106	150	14	27	87.98	94	27	104	23	60.96	118	108	95.48	101	146	50	24	126.76	128	96	46	18	81.64	7	110	43.71	67	89	47	42	31.76	23	100	88	72	93.34	134	42	144.92	73	84	9	121	90.24	95	135	62	63																																																																																																																																																																																														
67	116.89	124	96	59	30	139.3	88	14	32	48	25.13	4	116	36.19	57	106	130	26	76.32	5	124	12	68	73.26	70	45	40.88	100	102	54	146	136.95	25	33	102	134	128.61	71	134	53.04	11	32	10	135	58.83	66	131	101	18																																																																																																																																																																																														
47	143.13	132	22	12	46	65.66	7	111	64	41	110.17	37	61	87.52	135	22	92	125	60.94	15	55	93	91	126.98	142	99	112.08	67	141	62	85	74.43	101	35	61	109	77.91	39	110	37.19	36	22	36	29	93.92	27	30	38	118																																																																																																																																																																																														
74	145.08	118	112	31	37	75.12	27	113	132	43	2.72	40	3	40.57	73	23	76	73	42.65	123	55	106	108	85.23	113	97	141.44	67	56	128	16	79.55	89	72	59	52	58.44	140	71	126.13	19	111	20	49	72.99	73	67	3	20																																																																																																																																																																																														
120	46.3	111	98	142	7	126.97	29	57	70	97	29.86	66	40	121.1	66	149	21	81	126.06	101	143	8	137	131.4	125	39	13.51	41	34	48	54	120.84	115	36	132	12	54.8	1	66	20.14	103	1	137	76	70.46	38	68	148	92																																																																																																																																																																																														
133	70.43	91	32	82	87	91.1	141	32	141	46	99.69	50	18	91.05	119	126	88	47	148.23	104	65	129	87	2.22	131	28	77.85	24	66	4	75	109.12	137	55	8	63	42.42	137	16	108.81	148	120	32	121	127.32	3	29	33	121																																																																																																																																																																																														
58	146.9	61	143	51	91	84.12	136	57	67	33	117.04	29	138	50.02	27	81	93	139	43.46	17	18	81	148	12.62	138	109	141.88	65	23	47	7	111.62	58	120	112	127	67.74	43	35	48.59	111	34	27	32	35.8	42	69	67	22																																																																																																																																																																																														
44	146.61	27	80	139	146	135.14	110	34	37	20	83.51	38	103	41.41	138	112	113	55	67.31	12	45	105	110	102.13	68	112	36.89	136	61	144	40	138.37	122	121	56	133	94.16	40	98	102.27	28	74	62	125	125.65	79	49	133	108																																																																																																																																																																																														
88	39.24	119	56	121	77	21.24	32	10	21	100	130.12	150	20	19.67	150	67	55	30	139.68	106	118	76	139	69.83	98	53	6.38	25	96	27	76	52.61	100	33	41	23	39.39	47	55	9.15	20	69	84	141	115.01	14	20	62	89																																																																																																																																																																																														
40	139.15	20	106	17	41	66.23	8	73	127	6	83.33	135	125	92.26	135	14	116	112	124.5	101	115	64	11	145.1	57	28	15.95	46	139	90	84	107.91	47	15	102	17	97.22	148	2	80.68	90	132	108	94	114.5	42	131	73	120																																																																																																																																																																																														
12	46.47	104	29	150	102	88.29	146	51	111	64	57.51	28	136	76.19	84	35	126	66	8.47	96	144	110	139	75.07	41	89	147.93	45	17	132	9	72.7	115	127	127	66	109.59	42	32	3.37	116	57	126	82	37.17	77	91	32	4																																																																																																																																																																																														
12	19.64	108	123	9	101	4.44	77	147	89	63	86.48	18	58	67.11	66	82	107	61	53.71	78	58	141	83	27.97	7	102	32.58	12	50	62	143	87.79	42	145	97	68	94.36	88	111	68.83	92	97	93	19	89.31	147	35	121	94																																																																																																																																																																																														
20	97.76	98	115	27	31	78.23	56	133	104	70	3.44	5	77	102.77	31	2	61	72	45.44	50	112	21	61	27.63	115	64	137.47	113	73	19	10	114.94	25	122	35	8	135.53	127	62	63.3	43	145	75	124	83.7	119	97	111	145																																																																																																																																																																																														
56	149.52	41	65	59	128	86.32	8	62	23	74	147.79	22	19	24.46	134	76	140	64	4.3	71	125	86	85	46.37	129	124	34.47	121	27	107	139	65.78	133	95	81	41	105.96	5	110	133.43	20	141	88	136	23.48	93	35	107	90																																																																																																																																																																																														
67	34.53	54	101	95	52	10.3	20	118	43	50	15.79	55	118	62.85	4	8	117	24	35.77	135	112	87	71	6.49	133	90	34.91	35	77	6	35	124.35	55	146	81	146	96.05	130	13	124.24	65	102	68	76	82.84	31	74	111	10																																																																																																																																																																																														
143	58.95	138	24	85	80	50.93	78	111	16	95	56.41	6	37	120.96	10	105	46	6	98.11	28	107	87	112	145.01	114	110	111.62	18	15	63	5	90.06	103	32	81	71	74.99	64	129	64.86	35	27	101	146	23.65	74	81	46	39																																																																																																																																																																																														
14	116.35	1	77	39	38	95.32	45	2	129	31	3.48	117	136	101.53	8	131	19	71	58.86	21	84	92	106	24.26	104	135	117.5	38	48	110	111	38.21	57	103	38	146	131.71	142	112	114.83	70	121	108	59	82.77	113	74	24	19																																																																																																																																																																																														
68	111.39	140	76	85	36	102.97	108	55	26	148	47.87	118	19	16.96	10	133	72	36	95.64	40	4	102	57	105.92	118	132	79.76	17	100	68	123	145.32	104	34	112	9	10.59	15	123	94.56	110	125	72	137	122.92	78	107	61	14																																																																																																																																																																																														
16	99.66	96	8	138	70	134.99	123	126	9	108	89.87	87	109	121.05	4	43	143	56	71.39	48	27	143	59	67.39	130	82	76.93	121	49	93	111	60.84	100	142	64	29	124.17	51	59	131.98	45	150	61	100	29.44	51	111	123	68																																																																																																																																																																																														
126	47.91	86	124	61	7	37.23	130	108	74	22	39.87	124	139	85.69	107	37	1	53	62.42	23	119	83	126	20.65	43	21	71.53	25	87	77	35	20.03	27	132	148	24	127.78	130	128	78.08	79	47	66	69	74.19	106	27	131	47																																																																																																																																																																																														
77	46.09	43	123	145	132	14.21	91	92	67	3	29.67	3	11	68.44	131	133	34	8	139.98	84	76	136	59	141.68	135	117	55.59	40	125	143	31	35.56	69	126	41	129	62.09	31	140	77.5	127	82	70	137	84.25	49	21	8	109																																																																																																																																																																																														
113	110.82	142	64	84	93	149.82	104	53	70	31	123.92	3	117	99.02	16	1	36	131	26.47	54	78	98	117	11.55	33	39	128.47	81	138	139	66	77.48	83	28	82	91	88.53	36	150	99.05	145	103	149	34	46.56	45	139	105	110																																																																																																																																																																																														
118	125.07	45	55	58	109	139.54	82	134	84	54	19.53	59	31	60.48	27	64	21	124	111.52	10	20	114	131	128.85	119	15	66.11	142	16	2	24	25.48	120	55	46	91	38.92	32	110	71.96	18	121	96	96	52.8	149	23	24	73																																																																																																																																																																																														
150	148.46	82	147	97	123	73.88	26	146	144	32	38.36	85	17	36.66	79	147	78	149	33.81	129	132	27	98	136.15	128	53	9.37	68	60	125	112	101.29	113	108	67	78	91.29	94	123	116.76	59	49	17	72	96.41	3	118	1	17																																																																																																																																																																																														
7	42.56	52	13	124	83	34.93	132	94	98	2	6.15	109	87	28.37	88	101	52	129	102.77	131	94	80	7	80.69	47	66	138.94	64	51	88	128	110.23	101	11	110	68	94.24	18	140	139.83	138	89	16	115	109.72	87	71	119	28																																																																																																																																																																																														
75	135.58	26	64	59	11	40.98	84	82	148	68	55.31	43	4	55.36	78	26	113	10	9.69	49	32	26	17	112.44	8	107	83.09	57	83	59	147	96.69	94	115	142	84	142.31	101	96	149.43	77	135	67	15	102.3	2	14	89	139																																																																																																																																																																																														
39	25.24	77	73	98	31	118.79	101	124	32	16	77.48	22	52	76.4	123	128	20	35	135.77	57	129	48	41	20.98	103	58	64.11	90	90	59	133	147.18	15	138	89	75	30.85	86	144	140.52	95	21	17	111	108.65	104	106	3	20																																																																																																																																																																																														
8	106.55	106	113	39	92	112.21	5	30	61	17	118.59	17	14	87.45	110	140	36	130	102.92	78	3	145	81	76.86	125	127	99.1	36	84	70	61	126.72	109	135	139	41	8.86	142	63	111.76	31	80	98	70	131.78	60	140	69	23																																																																																																																																																																																														
127	119.3	97	70	132	101	145.49	65	122	109	54	53.82	50	91	126.61	145	147	69	123	118.83	98	34	37	80	28.28	149	105	91.02	3	5	10	20	14.25	120	19	147	97	81.65	41	28	146.35	126	148	103	51	57.39	102	102	7	141																																																																																																																																																																																														
66	9.27	71	36	55	35	127.67	59	50	127	28	20.07	16	4	115.57	75	8	119	72	9.89	60	115	84	71	98.53	52	80	11.64	126	105	111	71	116.1	103	14	39	150	23.93	71	12	67.81	9	144	49	44	16.98	62	111	149	84																																																																																																																																																																																														
21	31.55	2	76	46	49	117.37	25	19	11	139	33.77	125	57	100.58	22	105	46	28	122.06	117	60	17	33	91.8	55	51	13.74	58	150	66	33	119.01	95	10	114	27	14.57	37	61	126.25	26	50	51	141	113.97	87	139	12	138																																																																																																																																																																																														
106	104.77	141	121	82	117	120.11	80	51	50	20	87.14	18	13	81.76	92	25	32	80	50.7	64	149	84	87	75.79	103	18	126.35	100	130	69	146	104.16	68	72	118	46	114.74	51	127	54.45	14	115	5	93	55.99	136	113	84	149																																																																																																																																																																																														
28	81.31	102	64	56	99	68.19	79	89	73	24	44.18	132	137	90.82	24	60	29	65	99.93	82	83	84	146	124.51	131	12	39.65	42	124	81	28	40.56	44	65	83	86	106.3	63	60	117.46	56	136	3	150	92.59	126	27	25	106																																																																																																																																																																																														
77	70.49	133	50	24	74	135.65	131	146	65	41	49.65	62	100	19.44	39	85	129	11	15.2	122	145	14	32	35.34	53	6	43.45	105	56	97	134	37.65	12	108	53	26	30.83	70	30	86.66	23	45	98	16	19.18	88	126	142	138																																																																																																																																																																																														
83	12.38	134	86	49	46	61.64	141	129	122	26	89.62	69	146	22.1	73	137	52	93	23.01	111	56	124	99	136.43	112	78	147.92	23	12	108	3	108.38	68	47	70	54	103.54	132	104	34.88	105	69	83	57	134.13	132	41	123	79																																																																																																																																																																																														
61	83.21	107	32	44	94	86.09	81	66	38	143	2.69	97	6	80.8	32	131	44	141	89.45	28	150	84	146	92.15	97	46	65.83	25	22	73	39	7.63	114	126	37	125	42.33	30	135	93.98	88	143	29	39	107.16	128	44	73	144																																																																																																																																																																																														
97	124.99	74	70	32	40	32.09	140	11	47	101	124.41	124	71	16.82	27	116	31	101	39.88	24	107	109	96	51.29	50	43	48.25	50	129	71	39	117.41	136	45	130	94	91.29	26	81	106.4	73	139	107	82	79.7	83	120	108	28																																																																																																																																																																																														
135	111.99	88	57	124	97	67.62	112	25	30	149	142.27	21	60	75.57	22	39	106	30	96.44	146	75	59	80	85.83	38	78	22.87	19	5	144	26	36.83	64	106	85	58	114.74	18	120	49.54	62	67	149	138	79.63	76	101	12	10																																																																																																																																																																																														
14	68.01	118	122	144	113	95.65	44	29	40	29	76.84	144	98	14.8	120	23	77	7	102.33	101	55	76	62	136.62	144	139	45.17	34	42	23	102	11.97	123	89	66	142	90.62	146	47	93.57	112	80	98	78	75.2	146	83	104	142																																																																																																																																																																																														
103	132.6	9	38	69	11	98.85	57	95	22	77	51.82	110	12	34.73	40	149	48	92	25.36	134	75	35	93	5.41	55	30	36.07	70	57	49	20	28.23	124	69	129	84	140.92	30	44	30.87	14	66	82	45	63.7	140	37	4	142																																																																																																																																																																																														
84	121.51	35	49	32	118	40.37	116	13	109	130	133.43	76	63	125.75	115	56	53	52	9.74	77	98	99	27	72.25	87	79	42.95	124	12	34	109	96.87	82	25	3	35	145.29	61	76	108.38	13	53	145	111	15.78	42	111	44	5																																																																																																																																																																																														
135	135.74	68	50	71	63	27.76	119	147	24	33	62.03	101	137	143.25	125	75	30	60	8.64	50	97	50	140	29.68	63	86	119.36	126	90	139	34	63.58	43	144	136	87	116.19	90	88	113.17	7	58	148	104	98.04	68	31	87	46																																																																																																																																																																																														
94	95.76	15	60	130	23	72.08	60	77	2	13	14.59	13	27	17.64	4	73	10	141	137.35	90	33	52	84	82.18	78	60	108.87	140	19	50	80	126.24	109	87	6	56	54.13	30	51	106.45	122	67	115	42	132.21	22	107	5	140																																																																																																																																																																																														
122	123.26	116	139	139	149	37.18	115	95	85	23	125.73	63	22	47.65	3	85	48	20	147.71	103	45	83	129	32.34	29	24	124.24	53	73	128	116	138.97	116	30	16	85	68.76	39	24	1.85	51	125	39	44	149.19	101	138	115	121																																																																																																																																																																																														
6	127.62	145	24	17	63	146.35	70	141	11	124	33.56	72	22	52.42	95	2	36	95	85.07	49	120	45	107	63.26	118	93	8.44	109	17	65	73	47.7	54	92	31	114	148.63	98	39	99.31	96	128	55	93	64.39	12	77	9	131																																																																																																																																																																																														
60	114.33	141	34	82	130	120.33	38	2	96	142	114.6	102	145	87.33	104	56	122	28	46.11	85	43	141	80	8.79	63	57	1.77	114	27	129	46	132.96	75	76	29	132	22.29	89	104	137.57	88	15	150	135	105.32	30	107	77	69																																																																																																																																																																																														
142	50.35	146	28	78	107	92.61	93	138	94	3	39.78	96	109	14.38	29	120	16	135	142.92	84	124	25	95	135.82	97	109	55.32	51	20	144	104	92.73	19	5	61	141	121.93	19	35	77.73	98	107	62	138	103.05	60	19	23	62																																																																																																																																																																																														
86	10.51	86	117	74	8	45.67	84	146	91	42	4.21	21	113	2.82	61	19	146	125	58.75	86	118	130	137	137.68	69	131	131.33	104	65	124	75	71.31	41	2	120	19	140.77	57	112	141.29	124	11	49	129	67.24	32	33	14	67																																																																																																																																																																																														
134	108.9	117	138	139	62	143.05	14	101	58	51	108.33	13	71	15.17	118	82	92	100	100.95	88	56	13	7	128.09	83	71	30.25	66	47	116	125	45.28	123	27	50	142	46.15	45	39	118.83	50	105	74	46	16.96	9	96	30	62																																																																																																																																																																																														
49	45.44	55	30	81	144	135.81	3	29	8	131	114.67	3	111	115.63	37	25	2	114	18.18	13	133	103	84	99.28	124	97	119.6	70	150	97	91	52.19	95	147	90	36	6.14	139	89	82.21	12	127	48	122	45.87	84	128	27	33																																																																																																																																																																																														
111	78.33	96	8	4	105	36.57	81	80	79	122	142.94	70	118	49.54	145	62	22	1	12.32	35	73	134	62	47.87	98	24	149.88	39	133	88	133	70.7	29	2	74	25	130.07	13	18	114.38	63	140	83	83	88.61	125	6	70	51																																																																																																																																																																																														
60	24.18	64	58	11	58	63.54	10	114	81	146	113.04	34	27	46.64	23	142	73	141	34.27	6	87	125	103	2.39	93	49	39.82	33	80	104	86	122.31	150	10	84	147	56.06	26	10	43.08	93	44	104	86	40.55	5	43	142	112																																																																																																																																																																																														
125	126.8	29	138	95	3	60.21	28	1	143	112	115.94	99	7	15.09	146	91	10	24	124.04	61	32	46	5	82.42	8	102	32.31	69	35	47	42	133.13	118	72	86	11	76.72	100	20	148.87	122	113	97	116	79.05	21	16	15	94																																																																																																																																																																																														
148	13.55	36	38	124	100	85.96	50	122	63	36	147.32	137	27	117.82	54	114	2	66	92.82	144	1	132	95	58.19	56	124	113.6	7	123	99	23	60.73	9	15	33	117	61.9	35	43	133.47	57	38	103	29	61.37	117	59	6	95																																																																																																																																																																																														
82	118.2	77	60	101	64	130.88	88	52	76	85	8.65	105	12	104.18	70	27	138	145	147.52	79	73	5	3	112.65	130	115	142.11	64	148	140	101	23.27	119	55	118	18	121.5	35	33	71.54	74	71	144	139	57	120	86	22	60																																																																																																																																																																																														
86	12.98	1	86	58	35	59.53	57	73	142	111	25.55	123	104	52.22	136	65	112	92	45.27	32	23	96	114	62.15	101	74	145.21	120	38	21	136	136.35	130	49	101	124	140.76	63	19	14.48	48	119	97	14	118.79	6	14	1	61																																																																																																																																																																																														
145	64.94	60	132	73	51	27.38	25	126	108	121	21.51	102	48	139.97	137	118	42	28	79.55	34	68	56	5	75.95	8	86	5.4	3	106	44	141	143.56	58	108	16	108	10.62	70	57	31.81	84	30	150	62	24.15	128	93	143	29																																																																																																																																																																																														
132	138.56	76	35	148	5	131.77	22	139	99	63	60.47	54	76	139.73	13	123	102	117	108.18	125	46	58	57	61.04	74	120	65.02	30	70	42	49	84.58	22	100	17	35	2.12	22	63	88.87	115	122	145	9	8.77	55	14	120	149																																																																																																																																																																																														
15	56.37	142	83	140	142	39.35	63	57	142	80	145.79	115	42	56.61	41	38	25	24	113.96	62	88	80	142	135.7	51	123	79.82	100	22	120	102	106.81	39	150	120	136	2.5	141	120	123.31	82	63	60	36	17.57	77	42	63	145																																																																																																																																																																																														
110	99.3	144	142	51	20	21.94	45	52	39	118	108.99	79	111	147.45	36	2	144	134	3.15	54	51	148	59	126.34	28	53	65	24	38	78	34	133.08	83	85	60	10	12.37	87	78	35.67	125	30	86	26	139.13	50	81	57	86																																																																																																																																																																																														
43	57.1	33	17	5	69	60.98	6	38	135	150	14.15	99	106	109.03	144	3	141	83	91.82	113	26	94	9	18.51	117	139	94.69	115	56	79	49	84.92	36	77	6	129	52.27	100	139	68.68	40	116	101	74	37.53	109	132	32	22																																																																																																																																																																																														
45	11.34	17	97	131	11	136.42	45	60	53	50	145.1	121	75	4.08	28	120	139	89	21.36	40	76	43	46	62.46	146	21	146.14	136	50	96	93	147.98	143	150	69	9	148.86	63	29	148.24	56	51	28	133	71.78	115	97	60	45																																																																																																																																																																																														
67	146.41	28	44	150	35	38.45	58	100	141	23	149.43	72	124	28.37	112	26	146	55	96.07	40	52	96	114	122.73	21	12	67.81	122	79	55	41	62.52	47	118	63	65	67.05	76	105	27.65	139	83	104	79	61.54	66	77	117	11																																																																																																																																																																																														
107	71.74	42	12	5	71	112.01	150	30	63	58	138.18	41	129	58.42	10	124	43	93	49.96	32	65	145	57	115.52	105	55	61.7	73	114	83	62	8.59	146	13	26	9	34.48	125	129	142.62	75	131	115	10	123.25	136	84	51	32																																																																																																																																																																																														
22	59.09	108	105	18	129	22.63	64	8	69	112	2.6	89	7	41.61	13	63	11	18	43.06	121	13	118	148	128.29	3	116	137.4	35	121	31	28	143.34	97	118	140	126	91.32	32	24	55.95	80	12	135	21	91.62	14	74	141	90																																																																																																																																																																																														
81	32.88	150	11	34	81	24.73	111	77	62	146	60.06	79	117	131.82	124	35	127	113	21.48	77	40	15	54	119.76	48	86	114.34	124	63	68	33	88.06	112	150	59	28	101.05	141	9	25.88	126	120	57	24	131.29	120	59	102	33																																																																																																																																																																																														
68	149.86	111	67	84	12	120.46	149	89	91	24	43.88	133	112	12.67	38	134	74	144	1.9	124	5	137	133	32.96	68	147	42.64	45	13	118	144	45.08	28	117	52	31	65.55	48	114	72.58	79	27	37	114	23.18	131	100	136	2																																																																																																																																																																																														
49	81.5	59	141	14	54	66.95	78	20	104	10	63.41	101	128	59.49	94	65	134	54	66.58	110	84	68	97	27.74	97	88	46.69	141	2	63	23	52.04	85	117	36	118	119.63	23	56	95.39	6	101	15	138	133.07	36	76	93	61																																																																																																																																																																																														
115	98.57	117	2	120	138	64.01	82	72	84	80	5.28	31	109	33.38	55	61	116	30	70.73	136	47	37	22	15.29	83	47	48.25	138	146	60	111	104.24	84	150	104	64	147.68	49	119	130.06	3	140	1	110	80.48	123	103	6	49																																																																																																																																																																																														
126	18.45	68	141	112	32	93.12	85	20	74	21	66.92	122	121	112.95	44	68	106	105	64.28	91	132	8	28	148.17	8	92	81.98	116	53	84	141	25.59	34	58	62	19	86.69	95	105	62.04	144	134	1	121	19.59	48	146	34	33																																																																																																																																																																																														
36	50.01	107	91	53	125	93.94	73	78	69	44	14.02	96	31	97.55	109	30	144	13	141.35	73	40	71	13	68.42	89	16	97.97	144	15	23	48	118.47	30	44	20	69	68.13	31	11	65.61	139	58	12	85	17.38	114	19	13	127																																																																																																																																																																																														
72	24.7	45	100	123	136	138.51	92	32	68	147	16.96	97	112	131.24	54	33	24	118	57.12	37	103	74	115	114.81	15	148	115.34	15	77	90	85	85.17	31	117	8	133	72.64	27	145	41.37	5	127	65	125	98.97	111	25	90	84																																																																																																																																																																																														
44	120.07	83	134	121	123	113.28	7	68	92	74	87.8	38	54	147.03	22	94	92	63	22.39	135	3	51	18	120.6	127	138	75.51	3	129	4	115	31.88	108	48	3	22	20.16	50	23	25.81	106	14	92	34	138.03	53	85	146	32																																																																																																																																																																																														
15	41.8	86	22	81	108	98.09	47	40	71	115	6.12	97	113	76.29	103	10	93	117	41.37	19	18	55	144	78.05	94	135	49.55	78	134	44	100	40.04	36	92	135	6	59.04	98	111	47.51	94	147	102	58	54.85	92	86	100	141																																																																																																																																																																																														
82	84.1	4	60	145	112	111.62	54	125	92	3	138.53	133	40	146.48	111	44	101	70	40.57	44	125	31	62	133.65	115	114	96.93	120	68	70	24	52.64	83	130	36	52	22.68	8	41	22.94	6	96	13	72	119.07	73	26	86	4																																																																																																																																																																																														
87	37.14	21	138	54	8	113.75	121	35	21	33	127.66	117	39	123.56	95	112	57	30	33.99	41	115	82	61	78.14	118	144	68.65	48	120	141	56	39.26	121	5	45	101	84.78	33	114	63.04	52	110	1	102	10.29	68	3	35	53																																																																																																																																																																																														
116	73.74	132	56	39	60	9.89	60	124	105	32	6.13	35	72	6.19	113	136	45	26	43.97	31	104	15	125	23.94	5	56	126.73	64	16	12	52	21.29	4	101	62	61	118.45	133	132	105.44	26	21	100	148	131.99	12	48	75	95																																																																																																																																																																																														
103	24.37	49	78	143	40	130.24	146	125	72	145	18.94	147	43	89.69	30	139	15	42	73.58	90	1	53	88	20.99	56	95	66.85	56	71	105	129	66.03	34	88	57	35	69.72	65	88	109.48	111	65	116	53	108.61	148	37	37	70																																																																																																																																																																																														
75	48.41	35	141	64	45	136.01	83	70	62	50	98.45	46	70	118.22	105	109	77	22	40.53	27	125	52	10	120.06	61	68	84.72	5	35	103	148	78.52	133	81	46	128	56.58	91	64	30.58	110	77	13	85	135.75	95	59	112	60																																																																																																																																																																																														
94	30.79	139	84	104	122	10.72	133	27	65	23	109.09	14	14	10.53	71	12	94	104	33.59	111	91	79	142	90.39	73	57	48.18	146	125	20	69	2.57	116	150	101	144	6.54	131	51	56.86	67	139	117	128	5.06	51	60	54	51																																																																																																																																																																																														
84	80.18	1	121	40	64	10.55	87	43	3	40	2.28	39	79	93.7	142	82	144	107	31.09	55	127	85	86	57.37	145	143	4.63	113	41	32	34	146.99	25	72	114	65	143.37	95	62	27.06	22	86	38	60	22.69	77	33	68	61																																																																																																																																																																																														
63	18.28	32	139	99	127	120.38	18	107	149	142	76.27	4	63	30.79	23	129	136	26	57.64	41	14	100	141	21.45	120	57	90.69	59	48	39	15	134.63	148	23	63	133	92.69	49	13	121.96	8	108	138	19	3.11	150	75	10	130																																																																																																																																																																																														
54	140.82	10	12	68	73	64.39	64	68	17	9	104.38	103	127	18.68	53	102	135	80	110.45	145	121	85	64	46.88	24	140	47.95	107	104	32	67	32.04	136	149	46	54	97.05	12	7	140.87	141	77	17	105	109.91	88	92	72	33																																																																																																																																																																																														
41	134.23	129	12	71	120	16.09	76	97	97	72	144.54	94	1	12.68	59	129	107	54	25.81	127	101	26	95	94.62	33	66	40.29	117	91	109	61	58.11	147	36	102	14	31.23	11	148	2.96	137	31	89	53	19.15	77	32	43	33																																																																																																																																																																																														
105	120.14	112	98	125	19	76.5	7	105	109	57	131.3	75	45	38.78	133	90	111	107	36.95	20	46	25	77	133.69	100	111	49.84	20	54	111	28	96.31	62	26	139	139	81.13	33	11	118.06	101	146	51	52	138.14	114	71	108	146																																																																																																																																																																																														
88	42.51	41	138	111	33	73.29	131	101	73	101	93.42	129	18	39.67	27	77	7	105	79.41	75	109	24	66	46.58	109	36	40.23	76	7	136	113	89.51	137	64	73	31	72.61	100	94	137.45	130	65	106	147	88.64	29	2	96	117																																																																																																																																																																																														
92	8.25	122	111	67	81	36.47	97	93	24	32	117.04	36	3	109.1	137	90	52	38	31.61	89	121	97	43	1.3	15	54	88.85	14	56	45	29	69.2	49	113	69	32	32.75	56	81	107.85	109	102	80	69	1.98	28	104	69	4																																																																																																																																																																																														
146	133.93	82	31	67	35	21.74	62	19	53	112	66.24	57	90	79.28	37	90	111	106	45.56	23	10	144	19	66.46	17	94	142.08	72	117	89	136	9.57	84	119	58	53	75.98	133	30	81.03	121	150	146	20	4.78	104	23	91	85																																																																																																																																																																																														
131	31.46	112	40	9	37	8.68	96	118	96	6	86.87	109	26	71.83	8	130	145	57	63.05	123	79	114	38	69.64	12	130	58.26	36	139	148	24	56.95	91	89	6	129	9.23	46	10	36.87	8	61	49	147	137.45	41	84	110	57																																																																																																																																																																																														
39	125.63	119	45	21	33	69.33	82	77	109	125	62.96	150	3	24.4	44	20	108	126	123.18	57	138	93	1	130.64	18	25	101.13	145	54	41	143	133.86	98	71	115	46	117.35	109	12	10.73	50	90	20	63	36.27	133	143	139	13																																																																																																																																																																																														
50	27.83	67	30	100	22	73.18	32	136	110	143	138.63	99	63	108.74	118	79	48	138	22.34	49	21	95	13	42.2	8	2	132.25	143	83	44	44	9.64	115	149	72	65	147.11	78	94	49.54	66	28	22	103	19.6	50	89	38	6																																																																																																																																																																																														
116	143.57	144	85	49	39	90.59	83	125	137	53	87.63	39	127	125.74	76	95	71	144	39.5	123	15	104	48	119.32	32	8	89.96	8	46	128	71	10.58	21	105	56	2	51.87	71	67	91.77	86	65	83	104	3.07	28	40	63	45																																																																																																																																																																																														
134	121.26	100	18	80	7	73.68	82	141	146	129	61.03	96	66	129.81	83	73	37	58	104.87	80	9	88	82	107.35	38	33	46.93	144	143	84	36	36.8	63	144	110	124	107.31	28	50	57.95	149	13	51	80	96.05	55	113	7	143																																																																																																																																																																																														
36	133.31	14	65	146	9	101.59	53	124	141	140	46.52	142	134	30.44	57	43	5	50	149.51	135	23	95	137	90.87	98	150	120.24	75	102	142	62	143.63	84	4	117	141	142.54	140	38	69.18	136	123	75	142	5.04	123	81	65	35																																																																																																																																																																																														
98	2.7	78	111	93	46	121.06	139	68	97	104	147.85	104	6	126.64	12	27	60	75	43.6	88	44	28	46	52.95	30	56	121.67	123	16	55	101	18.88	103	49	28	22	102.5	106	20	14.05	108	58	131	5	40.7	135	89	52	67																																																																																																																																																																																														
124	66.05	108	123	140	118	117.53	32	73	98	16	73.46	41	104	128.61	91	13	44	12	100.84	24	32	134	79	140.98	17	4	145.35	69	45	2	102	116.68	96	131	4	128	38.12	43	83	36.08	17	106	42	79	14.54	67	49	100	120																																																																																																																																																																																														
87	57.47	71	37	117	47	115.3	39	49	129	146	145.17	112	14	130.53	8	1	12	66	55.4	108	67	10	71	38.55	119	129	2.91	103	31	64	1	61.82	85	119	29	70	37.5	139	57	53.08	64	72	135	145	123.08	130	54	73	30																																																																																																																																																																																														
71	98.88	68	7	70	60	59.44	25	48	84	38	41.88	51	22	93.87	150	101	132	142	63.93	143	148	20	33	99.64	52	84	46.96	36	139	44	73	12.59	129	76	63	137	44.75	38	97	146.41	149	27	107	125	19.89	92	83	109	110																																																																																																																																																																																														
79	110.18	24	32	27	113	112.15	129	31	101	146	47.61	85	35	57.9	32	142	96	55	126.49	76	84	93	89	67.29	43	79	116.3	134	49	114	53	135.9	66	3	44	58	131.19	119	2	101.94	62	80	149	129	98.81	137	38	85	36																																																																																																																																																																																														
32	18.16	34	30	114	83	28.58	127	75	121	143	56.32	111	142	134.42	135	77	46	26	65.17	113	6	87	49	148.04	125	88	22.42	95	86	124	122	12.01	78	59	136	101	104.12	91	79	99.4	34	58	44	49	44.6	73	61	84	149																																																																																																																																																																																														
48	75.54	106	39	125	56	46.62	98	142	105	88	22.41	18	124	21.56	114	4	68	59	121.38	36	65	121	69	42.67	54	27	146.98	18	145	56	105	63.96	55	38	147	103	16.1	25	51	9.72	104	46	95	91	121.58	28	17	80	145																																																																																																																																																																																														
70	132.14	31	74	111	66	87.02	20	117	119	9	87.31	131	78	87.43	127	142	68	141	68.49	96	3	139	97	62.26	44	89	63.05	24	72	14	51	34.16	65	9	148	130	120.02	86	144	54.28	46	118	132	58	141.36	47	81	128	141																																																																																																																																																																																														
131	19.36	28	52	74	106	139.91	14	115	90	145	96.82	53	23	24.09	13	120	143	75	85.27	138	45	63	125	30.79	73	117	64.97	3	36	113	123	145.32	50	13	75	87	119.13	109	120	2.69	100	106	45	127	73.67	22	53	117	88																																																																																																																																																																																														
112	52.06	28	62	78	105	34.59	65	20	87	51	7.35	130	119	115.76	75	30	75	5	26.11	19	109	71	5	46.4	138	68	138.16	104	21	63	26	93.57	132	130	69	4	106.74	5	148	1.09	34	123	108	121	63.27	102	120	36	83																																																																																																																																																																																														
150	148.82	117	69	123	93	85.29	114	142	93	24	4.97	122	107	20.83	40	73	143	66	20.07	148	124	26	16	112.34	137	135	57.22	18	118	15	62	76.24	116	122	133	134	87.34	120	117	144.02	26	55	10	143	46.2	30	54	53	2																																																																																																																																																																																														
111	37.62	141	9	82	82	121.93	34	11	8	90	53.64	128	65	77.72	129	111	12	142	12.49	137	130	98	120	111.98	72	100	122.57	87	133	30	108	149.89	125	37	21	148	102.91	1	118	55.44	62	117	80	90	119.13	146	140	47	86																																																																																																																																																																																														
7	79.01	125	104	109	111	58.35	135	101	89	5	79.96	76	94	91.9	81	106	92	104	122.99	54	56	74	85	146.84	5	18	92.58	143	147	37	133	145.53	35	2	42	116	24.48	28	19	28.84	24	126	73	8	132.83	59	105	135	146																																																																																																																																																																																														
103	60.7	104	95	61	44	118.14	81	2	51	138	17.57	66	135	81.92	42	63	76	113	58.15	28	103	32	22	92.67	24	101	131.76	51	138	83	140	2.12	13	45	38	26	91.99	82	75	12.4	108	62	50	150	112.32	129	53	43	82																																																																																																																																																																																														
80	119.34	7	138	143	138	12.8	82	132	77	84	70.78	143	24	6.65	56	49	138	23	99.13	2	128	72	84	131.99	70	33	70.37	30	92	6	133	62.98	16	45	67	79	11.66	130	36	77.01	9	110	88	107	116.37	146	81	30	23																																																																																																																																																																																														
57	99.09	76	121	60	1	57.89	119	35	80	49	52.03	145	132	113.58	129	33	6	12	33.95	37	61	22	99	93.77	8	62	95.36	55	47	32	17	65.53	87	141	81	33	142.75	78	109	142.44	16	44	103	15	145.79	55	96	65	76																																																																																																																																																																																														
31	111.63	29	27	31	47	68.99	7	2	7	81	65.93	25	6	36.54	3	16	28	133	62.96	68	58	50	17	106.03	18	125	25.14	149	95	46	147	148.97	144	63	77	124	28.93	116	88	130.55	129	57	113	63	67.99	49	134	11	47																																																																																																																																																																																														
84	51.03	79	22	44	49	2.8	68	57	54	93	123.89	11	148	29.87	117	33	21	50	72.98	30	95	98	9	68.99	112	13	57.27	57	40	24	149	71.29	12	74	68	116	135.87	141	30	99.53	126	120	32	63	123.04	82	97	56	52																																																																																																																																																																																														
109	25.81	131	25	49	94	11.46	97	118	145	34	118.16	95	38	87.24	127	135	66	39	85.23	82	69	75	26	8.81	65	106	15.81	4	39	112	68	24.53	93	113	91	91	108.23	129	133	26.86	45	148	87	33	142.43	140	121	71	3																																																																																																																																																																																														
93	17.96	46	8	143	32	94.29	116	9	125	98	33.01	47	70	7.3	108	30	42	85	138.84	46	73	54	133	136.18	53	59	131.73	45	69	37	50	58.61	128	46	70	58	119.66	37	96	30.86	76	124	60	54	11.15	45	54	57	146																																																																																																																																																																																														
46	72.27	122	29	57	64	60.34	55	72	127	62	44.19	149	139	87.09	137	20	41	11	79.67	29	126	85	33	48.1	112	30	28.28	129	118	34	148	84.08	112	45	78	9	15.19	78	103	96.21	92	71	66	19	99.13	61	144	107	90																																																																																																																																																																																														
114	45.44	20	144	79	102	70.11	94	120	56	91	23.36	81	86	100.52	96	86	18	100	107.37	29	112	53	112	2.74	123	45	45.63	46	9	80	63	104.62	73	43	117	81	116	57	68	20.02	30	5	61	41	84.38	37	95	83	53	122	53	86	26.43	10	115	100	87	26.18	90	47	26	108	126.83	101	113	63	17	52.04	148	74	146	44	10.23	30	44	147	40	124.17	56	96	76	90	128.16	49	132	53	27	128.91	6	127	17	122	22.4	5	128	38	122	77.83	141	40	123	61	5.07	121	58	109	78	143.19	144	22	106	140	11.29	32	47	109	72	28.35	29	18	29	34	79.54	148	21	76	7	74.64	80	101	20	106	90.38	3	16	47	29	45.18	94	130	66	4	114.19	58	14	145	49	70.95	36	58	75	3	63.32	34	67	108	98	30.37	83	78	89	23	100.85	61	118	21	124	49.9	28	143	33	43	96.49	34	150	39	123	50.56	76	64	28	146	93.67	47	132	87	31	81.75	6	45	86	11	105.44	79	115	84	128	99.61	77	12	35	98	16.78	76	115	27	87	116.83	103	92	15	50	125.4	118	99	11	40	113.38	117	91	147	81	70.22	66	46	28	141	12.1	129	134	138	72	98.72	56	4	43	121	71.91	97