50 240
92	39.22	28	121	115	107	10.36	146	24	115	23	139.52	134	104	75.39	125	67	144	68	73.61	104	73	110	36	134.12	128	84	57.53	84	90	26	33	54.23	9	135	83	57	98.94	19	43	121.33	64	101	133	11	6.6	17	114	7	27																																																																																																																																																																																														
138	45.5	91	47	112	130	131.48	116	112	117	79	36.11	140	8	61.25	98	149	109	139	64.62	12	44	22	127	17.59	112	89	50.17	63	149	128	67	116.92	116	138	29	16	113.57	14	135	3.86	141	62	78	109	128.52	109	51	40	145																																																																																																																																																																																														
150	125.92	96	7	118	119	29.09	40	72	90	105	99.26	6	120	105.87	123	122	55	67	118.78	120	22	95	99	10.03	42	134	61.64	14	12	118	125	63.97	7	10	12	121	101.09	117	15	118.52	134	66	68	105	1.73	91	41	1	35																																																																																																																																																																																														
27	90.42	101	77	73	62	100.02	80	107	143	130	102.99	19	88	136.68	57	85	88	19	104.06	30	147	29	86	93.84	11	72	105.29	97	85	142	110	49.6	73	130	116	8	122.11	125	142	109.5	55	30	105	19	121.82	75	5	18	85																																																																																																																																																																																														
102	97.09	109	135	99	98	18.88	43	137	73	68	119.09	57	134	13.6	73	138	13	34	87.65	145	49	29	125	41.54	17	112	47.22	143	25	133	64	1.66	121	5	132	137	15.98	109	119	110.08	38	26	22	115	2.63	8	39	99	7																																																																																																																																																																																														
42	80.32	126	84	101	39	16.46	21	89	12	17	101.45	27	60	70.73	105	46	106	140	30.12	53	100	68	68	16.7	56	14	116.41	6	84	105	66	34.21	143	21	135	36	49.04	55	81	116.99	30	46	41	29	14.64	122	101	74	131																																																																																																																																																																																														
112	69.82	60	105	74	105	57.17	95	11	48	34	29.53	141	101	68.7	20	42	2	47	62.77	86	9	21	96	121.92	115	141	119.49	11	52	60	69	22.29	114	18	106	118	73.57	108	141	38.17	107	79	123	49	139.6	21	32	28	103																																																																																																																																																																																														
82	112.2	146	73	61	110	59.57	84	29	15	145	87.07	140	9	142.27	98	34	9	84	138.72	65	104	23	50	140.93	9	127	104.17	32	125	118	20	114.49	17	117	68	110	23.45	128	54	5.61	18	29	13	15	149.2	77	92	124	93																																																																																																																																																																																														
15	113.14	7	69	13	55	33.25	133	34	113	96	121.58	101	120	135.88	76	34	66	72	47.89	64	1	145	114	25.02	115	56	99.64	143	112	119	114	91.6	143	70	55	125	53.35	109	136	5.54	48	73	121	22	1.34	44	52	115	19																																																																																																																																																																																														
94	110.62	35	120	111	142	38.23	39	38	107	65	92.83	64	27	75.09	115	95	56	65	27.88	35	71	48	54	91.07	26	25	144.36	86	74	93	16	8.32	139	21	97	148	137.78	45	72	30.06	22	3	87	54	40.92	109	35	48	5																																																																																																																																																																																														
129	118.78	61	69	135	82	138.99	133	145	96	109	21.83	75	20	108.82	17	142	144	105	110.27	75	17	112	42	82.3	81	102	63.52	101	126	27	79	89.13	122	54	85	14	39.24	83	46	13.64	91	71	16	42	99.49	39	119	26	91																																																																																																																																																																																														
31	21.19	77	106	37	98	79.61	19	147	57	108	76.42	33	100	62.99	70	26	4	79	24	122	102	95	8	47.53	91	50	84.75	87	96	84	93	133.49	145	91	132	6	88.82	54	62	90.53	115	32	119	98	108.54	70	102	80	17																																																																																																																																																																																														
93	54.22	35	15	150	2	71.36	88	95	148	9	1.46	38	122	23.92	36	136	29	15	84.55	121	33	61	150	131.19	18	22	91.06	46	111	66	140	67.94	27	10	63	149	54.68	46	90	82.05	85	50	88	89	94.39	20	7	14	142																																																																																																																																																																																														
112	21.95	143	128	120	115	95.75	75	132	24	114	106.07	80	131	125.8	98	110	105	7	51.67	97	38	7	18	134.27	99	129	99.69	121	134	112	41	21.01	146	126	60	98	127.31	131	90	60.59	131	26	53	85	37.78	106	143	141	98																																																																																																																																																																																														
35	77.47	4	98	7	91	148.1	22	100	104	112	86.81	60	106	105.04	46	90	36	37	50.26	102	50	32	35	101.37	113	6	129.54	49	65	7	67	32.98	122	35	149	49	149.45	132	129	86.17	29	115	19	108	91.71	4	110	126	121																																																																																																																																																																																														
132	96.25	13	91	85	16	34.94	144	67	19	77	81	63	49	136.72	102	37	37	58	71.04	89	131	3	52	40.31	123	149	140.56	92	56	122	135	19.65	80	35	142	64	30.14	122	126	115.51	135	23	97	105	3.3	144	130	89	41																																																																																																																																																																																														
94	123.91	38	130	45	18	70.82	128	77	117	103	132.8	27	73	91.74	70	95	111	111	113.39	135	75	72	83	24.64	122	65	116.95	34	92	88	121	32.34	42	19	66	33	4.37	132	15	24.49	71	102	9	129	12.9	99	55	72	24																																																																																																																																																																																														
70	100.18	61	92	130	106	54.96	111	22	68	133	6.63	30	96	146.26	9	134	121	57	82.68	39	31	58	116	2.29	20	88	4.81	5	138	113	131	32.35	42	119	66	142	83.82	7	78	25.45	106	134	6	26	138.19	71	114	48	46																																																																																																																																																																																														
22	113.12	100	111	9	129	1.01	84	66	65	17	53.12	77	126	23.29	70	35	130	8	68.16	62	53	98	98	147.16	78	69	71.25	58	64	80	97	80.12	125	62	40	88	123.66	8	44	143.27	52	143	95	21	129.89	112	35	73	51																																																																																																																																																																																														
56	106.36	19	135	130	135	71.55	55	21	109	94	141.78	62	75	147.4	128	123	128	136	26.74	67	128	113	119	100.5	129	45	149.71	72	46	140	125	73.04	84	16	149	78	13.03	43	75	51.13	65	101	67	61	132.15	24	109	61	104																																																																																																																																																																																														
36	86.92	139	7	12	70	134.33	119	4	149	56	69.91	86	15	44.48	58	34	24	128	85.2	87	3	90	82	16.87	13	42	56.59	40	36	98	21	131.53	142	144	123	59	107.32	9	38	138.63	77	113	108	69	78.14	129	105	59	16																																																																																																																																																																																														
62	132.09	120	42	142	15	49.39	11	2	38	138	24.42	62	63	36.45	49	63	42	114	126.86	82	105	53	5	74.01	136	127	118.89	135	49	102	50	22.05	17	14	7	137	44.03	84	96	84.64	7	75	101	131	65.8	145	143	12	71																																																																																																																																																																																														
44	66.4	10	46	132	138	57.96	48	85	47	11	68.82	133	71	76	71	82	78	105	89.32	50	118	27	14	74.58	110	10	137.35	126	97	114	81	118.82	24	14	13	135	75.63	71	100	111.76	9	117	126	72	89.79	115	94	88	135																																																																																																																																																																																														
52	134.98	25	86	67	8	146.53	45	71	9	11	53.28	6	92	4.97	110	105	116	109	60.16	71	10	149	109	32.45	66	125	67.73	118	125	22	149	138	80	39	89	102	106.29	87	46	146.24	97	89	106	76	56.48	51	90	98	14																																																																																																																																																																																														
125	96.87	144	127	38	6	148.97	124	123	100	66	137.95	147	18	147.29	83	95	111	115	38.97	59	79	102	19	39.19	123	71	139.97	90	90	134	71	63.52	75	150	77	10	23.4	71	3	1.01	98	70	105	27	41.4	2	67	83	3																																																																																																																																																																																														
6	16.79	66	111	27	129	101.85	90	56	39	142	9.55	40	24	101.85	101	88	14	39	89.52	112	150	6	145	146.03	13	37	89.76	38	62	109	61	86.8	128	129	145	5	90.26	111	44	52.43	73	43	141	17	58.95	45	136	78	92																																																																																																																																																																																														
40	148.11	89	104	105	113	62.48	81	90	86	104	28.18	150	116	94.94	33	148	48	38	126.53	52	66	60	106	95.62	20	77	94.49	129	87	73	113	51.98	62	3	120	111	88.95	57	60	109.84	141	105	105	34	24.77	106	127	65	144																																																																																																																																																																																														
108	114.27	24	133	1	148	35.49	99	130	66	67	128.74	60	136	129.8	54	8	55	37	69.12	122	78	132	16	8.59	81	92	73.98	26	147	70	133	61.25	9	148	10	111	34.96	36	105	98.44	39	121	138	132	68.67	109	125	66	74																																																																																																																																																																																														
27	146.51	15	118	41	83	106.18	59	123	120	115	63.13	70	91	57.03	97	66	54	87	143.9	126	71	57	104	98.05	1	32	48.71	70	104	87	145	2.94	98	110	45	115	127.36	59	36	40.78	87	39	24	68	128.43	105	105	104	89																																																																																																																																																																																														
22	123.81	140	75	55	118	33.86	46	59	9	5	2.12	19	88	48.96	127	60	22	65	81.47	130	83	22	43	29.51	144	20	54.8	68	3	147	104	132.53	116	43	73	69	149.4	76	82	133.87	49	31	36	116	148.08	141	49	85	93																																																																																																																																																																																														
23	84.46	95	1	115	32	13.02	90	23	52	41	89.95	32	75	39.67	55	58	133	78	77.42	109	70	9	149	86.77	17	63	39.3	67	13	66	129	12.9	45	94	86	119	23.63	26	25	4	65	97	142	103	46.32	89	92	16	23																																																																																																																																																																																														
43	147.65	48	15	120	134	145.77	24	55	100	22	71.72	141	19	32.5	140	72	38	15	37.26	46	142	113	104	67.69	61	149	65.14	140	3	22	12	37.31	130	133	17	39	61.97	120	50	139.81	150	139	73	140	72.67	110	92	74	128																																																																																																																																																																																														
40	29.89	29	9	29	44	77.22	45	96	38	37	47.65	114	1	61.59	39	14	4	108	38.15	68	54	9	48	89.38	14	101	36.87	147	128	54	56	75.09	73	84	124	23	101.37	3	102	56.07	118	40	143	51	78.36	125	80	94	126																																																																																																																																																																																														
72	35.21	47	107	100	30	87.98	85	46	91	119	131.03	134	122	47.68	9	45	70	44	105.12	68	46	3	100	87.28	105	47	29.67	79	145	140	58	53.93	122	67	108	98	117.05	136	127	120.25	96	52	104	12	15.34	93	55	63	79																																																																																																																																																																																														
51	132.51	109	66	149	19	96.9	37	1	87	105	34.51	58	16	22.3	138	14	120	121	105.67	14	59	101	20	21.96	8	64	122.38	148	103	80	144	50.84	141	116	27	79	95.75	126	121	48.46	61	83	18	123	100.28	97	147	54	84																																																																																																																																																																																														
123	130.97	102	53	75	65	35.4	101	90	39	148	114.59	124	42	15.38	36	53	20	38	118.95	58	148	69	135	36.21	1	64	73.16	133	86	64	35	21.11	118	141	95	95	60.78	14	60	101.53	27	148	81	80	149.29	122	17	113	27																																																																																																																																																																																														
104	85.19	127	10	78	87	44.15	5	62	38	141	53.43	46	37	120.13	139	74	47	14	8.35	53	9	84	107	125.85	36	116	102.22	25	1	74	90	146.5	60	118	10	96	134.23	137	73	117.6	112	51	126	142	58.66	12	96	18	55																																																																																																																																																																																														
123	135.18	16	128	8	114	114.28	4	32	91	42	144.85	25	75	144.57	6	73	143	61	57.36	26	126	149	150	84.64	116	82	57.05	42	37	147	30	88.71	14	120	6	95	79.73	7	26	39.8	137	34	40	94	113.39	81	71	105	99																																																																																																																																																																																														
102	67.31	113	141	88	35	119.88	91	32	98	146	97.44	6	142	136.85	18	140	114	100	55.1	82	75	114	2	72.22	148	31	105.05	131	117	34	18	113	101	105	5	99	135.76	100	5	92.36	102	131	25	64	126.79	117	105	21	21																																																																																																																																																																																														
93	4.99	5	4	82	146	44.08	22	5	3	118	135.31	82	79	38.52	69	54	57	31	94.6	133	68	17	32	101.82	122	83	20.9	52	121	30	79	62.17	148	37	110	31	11.31	76	107	41.55	5	78	38	137	107.27	39	83	51	60																																																																																																																																																																																														
3	132.24	115	82	76	4	130.09	117	22	83	78	46.64	57	58	102.81	34	46	39	143	103.25	129	15	94	33	107.07	138	83	74.37	92	59	138	83	146.93	13	133	107	146	127.24	6	14	61.21	48	78	75	117	130.01	139	102	77	115																																																																																																																																																																																														
107	52.99	25	44	44	63	138.99	100	88	132	56	44.4	69	110	36.46	13	50	119	101	47.7	84	80	67	81	69.84	35	49	45.95	68	119	114	121	70.18	22	49	22	118	45.86	83	42	105.87	44	18	146	125	139.62	65	106	68	72																																																																																																																																																																																														
129	110.63	92	119	10	85	78.41	106	66	24	81	38.66	34	87	28.99	110	66	38	99	99.19	57	1	54	112	147.93	1	36	92.19	131	39	146	132	123.52	5	109	8	66	64.61	124	28	92.05	147	104	72	35	35.51	146	113	88	141																																																																																																																																																																																														
64	121.31	73	71	3	19	78.83	10	25	40	126	109.65	48	108	148.71	4	140	25	88	13.35	31	33	103	123	54.05	25	28	125.48	22	126	13	25	42.8	64	139	15	71	4.63	108	46	64.02	95	102	64	115	113.99	72	102	101	52																																																																																																																																																																																														
73	138.09	64	134	98	51	98.18	122	136	149	141	50.15	9	79	105.56	103	74	63	107	80.53	7	67	126	69	111.9	137	36	123.27	3	35	138	21	53.52	22	138	35	44	62.33	113	73	99.76	55	25	27	26	129.8	141	108	142	1																																																																																																																																																																																														
110	79.82	47	102	73	144	144.82	73	114	65	143	129.72	48	119	43.87	80	60	97	41	44.81	55	145	119	38	93.36	111	90	142.94	37	25	52	2	146.78	15	48	103	5	116.06	85	1	2.89	59	63	73	87	149.06	96	17	129	106																																																																																																																																																																																														
7	70.31	113	86	85	7	25.51	102	89	75	65	61.13	138	60	131.18	120	37	1	95	149.05	50	42	79	31	45.77	86	60	23.22	21	21	21	16	138.63	61	81	55	145	126.21	60	140	58.59	96	122	61	106	24.31	33	69	78	141																																																																																																																																																																																														
148	119.36	19	9	139	69	69.33	69	111	136	115	21.7	66	138	102.18	107	72	83	137	38.36	105	144	6	42	52.69	6	18	75.37	72	49	12	128	50.21	6	116	114	125	78.98	79	37	116.64	88	55	138	62	116.08	67	4	105	80																																																																																																																																																																																														
73	106.96	38	118	89	137	135.77	131	62	44	136	84.47	33	102	132.32	120	121	8	128	35.28	88	40	25	84	9.16	56	43	7.41	38	107	26	131	96.2	72	46	85	93	91	15	21	113.81	23	114	147	80	55.41	24	113	10	105																																																																																																																																																																																														
39	57.56	83	43	6	46	100.78	70	122	116	134	46.65	49	40	104.52	112	46	69	21	2.81	21	33	5	123	26.81	23	71	3.64	82	144	122	75	30.54	84	35	149	56	93.96	94	149	35.6	98	82	22	124	137.79	55	8	128	87																																																																																																																																																																																														
116	139.7	102	150	89	85	104.65	91	1	144	3	70.1	117	48	116.8	28	26	112	102	55.58	46	103	148	79	137.62	137	113	11.07	65	66	54	75	43.66	126	78	37	62	96.08	54	130	61.52	141	89	101	22	13.46	107	78	58	76																																																																																																																																																																																														
71	33.31	59	128	17	63	62.99	92	147	126	69	131.95	139	132	131.98	26	114	113	110	110.91	135	105	33	63	59.14	44	24	53.7	21	46	51	142	137.51	38	82	11	28	38.46	113	78	41.79	127	68	135	76	70.63	17	19	78	135																																																																																																																																																																																														
20	47.56	148	136	4	13	85.12	124	41	3	3	83.71	97	82	71.45	63	12	3	67	39.91	61	119	149	24	68.99	93	133	44.62	47	121	123	116	9.18	80	80	60	137	133.24	17	37	38.55	13	56	73	142	141.96	70	73	72	57																																																																																																																																																																																														
76	44.03	129	47	112	62	38.65	39	3	31	68	148.98	41	27	132.99	149	130	79	117	140.28	142	90	116	39	6.08	108	117	92.06	101	45	86	12	45.83	19	6	63	116	140.9	148	45	20.99	140	43	41	52	63.26	100	113	93	120																																																																																																																																																																																														
89	117.75	56	84	42	113	149.36	110	37	67	27	111.79	97	81	110.23	124	95	99	39	50.19	109	60	60	56	119.36	106	104	140.02	16	76	43	148	35.87	138	6	49	98	141.52	62	144	6.21	109	12	24	25	111.42	93	94	32	55																																																																																																																																																																																														
5	92.29	132	66	22	7	60.04	147	127	87	103	99.78	54	63	86.76	57	143	143	40	44.86	94	61	52	141	27.29	133	97	56.58	37	25	142	3	2.14	140	47	84	114	85.94	113	102	146.38	114	92	33	18	115.02	36	129	140	35																																																																																																																																																																																														
36	9.19	88	68	88	101	110.88	2	41	92	103	42.22	44	58	101.82	140	116	113	5	149.99	126	52	75	45	133.72	27	29	68.91	150	109	15	91	124.05	134	16	93	109	41.87	53	55	113.92	96	11	110	80	51.76	45	79	94	136																																																																																																																																																																																														
138	56.87	8	71	108	67	51.86	38	7	53	139	37.51	22	67	44.17	124	129	6	121	21.33	11	118	114	20	24.66	29	97	77.37	5	1	90	28	23.61	73	101	101	70	119.68	39	70	17.55	4	75	52	44	82.44	72	15	50	84																																																																																																																																																																																														
144	149.88	5	9	31	145	90.17	75	32	23	81	101.92	60	87	13.69	69	107	9	94	119.63	119	109	68	6	21.46	138	6	14.64	101	13	65	146	91.48	46	141	80	105	140.55	3	46	103.55	141	57	139	71	63.07	56	19	138	125																																																																																																																																																																																														
138	106.02	56	113	98	102	49.53	116	101	32	21	111.69	95	147	12.79	138	78	148	91	136.71	140	84	54	25	42.74	12	37	65.91	145	46	90	46	46.62	58	52	31	44	111	142	121	82.71	99	118	61	32	81.67	76	58	140	103																																																																																																																																																																																														
102	7.6	130	25	103	76	106.73	63	123	83	112	34.05	87	26	110.97	114	15	142	81	96.07	105	113	97	149	117.24	58	106	69.06	111	142	40	131	85.06	73	66	103	126	18.66	41	138	84.33	114	51	66	114	118.05	70	51	103	31																																																																																																																																																																																														
59	64.91	46	87	12	133	100.34	4	109	99	13	20.31	11	102	70.96	100	131	52	84	3.8	93	122	128	73	13.39	3	79	71.26	42	125	112	33	93.41	55	31	79	87	22.22	124	95	139.61	40	113	92	116	137.85	134	30	106	112																																																																																																																																																																																														
9	146.27	84	128	39	132	109.9	62	32	80	107	83.96	89	113	20.3	102	20	141	135	75.72	135	34	138	66	32.18	34	106	111.05	34	4	130	97	14.97	120	80	20	70	126.74	97	142	47.71	65	100	97	11	115.96	104	81	47	84																																																																																																																																																																																														
66	79.73	3	88	4	129	89.33	134	149	105	23	23.52	119	19	139.28	86	102	40	32	24.7	107	81	121	50	72.29	115	86	66.63	108	41	37	100	121.79	6	4	148	131	119.33	55	60	46.39	2	112	123	21	108.05	56	78	57	85																																																																																																																																																																																														
30	145.19	94	46	34	16	79.02	81	121	105	84	18.84	124	129	31.51	2	123	26	26	95.63	118	53	52	63	120.13	12	22	86.7	65	9	11	24	54.82	57	21	106	122	91.11	150	107	14.74	11	65	134	13	62.48	146	84	52	72																																																																																																																																																																																														
71	50.76	16	76	113	115	51.31	24	45	84	26	37.4	94	80	11.64	69	123	49	29	117.7	140	60	141	142	51.7	116	49	93.02	16	104	38	6	100.52	147	130	128	73	141.65	6	111	76.63	147	80	145	145	149.12	18	20	14	68																																																																																																																																																																																														
107	139.32	147	148	126	136	38.56	55	134	21	117	60.96	8	134	51.35	98	83	133	79	78.3	10	12	19	124	109.9	84	67	52.08	70	15	53	126	137.6	133	61	123	99	43.94	112	93	18.32	11	133	71	121	141.34	87	102	44	1																																																																																																																																																																																														
38	4.89	42	91	56	33	62.98	77	101	144	19	64.19	49	35	53.53	107	148	85	10	101.38	27	87	137	61	19.64	130	8	72.71	105	116	97	44	99.09	115	48	47	92	136.56	113	91	20.77	22	54	35	85	102.98	84	134	83	141																																																																																																																																																																																														
130	34.32	51	9	4	140	60.61	115	109	93	146	148.83	63	14	7.28	5	132	72	119	55.73	127	10	21	40	19.75	37	18	55.85	74	150	125	128	100.08	79	65	33	16	85.54	142	44	97.34	119	26	125	146	40.16	85	140	90	79																																																																																																																																																																																														
8	84.68	43	59	32	111	134.07	19	70	18	17	48.44	62	41	58.84	26	139	107	145	12.45	47	89	81	106	39.01	29	119	69.39	119	22	4	95	2.52	128	16	46	75	47.83	135	146	18.15	81	46	24	140	110.63	11	43	116	65																																																																																																																																																																																														
146	97.77	4	98	140	115	46.01	15	62	143	92	141.28	92	113	138.56	38	30	82	60	45.94	94	132	74	48	42.66	40	109	84.39	93	25	103	41	141.96	97	144	20	97	127	80	59	89.04	96	103	12	14	74.42	58	57	42	12																																																																																																																																																																																														
123	62.94	89	120	19	80	144.53	6	110	126	101	11.75	147	124	145.43	61	26	64	56	56.12	72	7	121	86	103.28	70	114	16.48	4	104	127	41	136.92	48	116	16	48	78.9	114	99	141.49	13	144	65	84	25.38	123	128	94	71																																																																																																																																																																																														
48	77.33	66	107	130	114	129.4	127	39	99	20	123.84	50	144	67.51	32	126	17	32	102	1	30	66	99	94.24	52	6	138.22	1	129	68	123	118.37	104	150	117	142	87.54	22	125	88.76	97	18	123	108	67.16	54	20	40	79																																																																																																																																																																																														
103	133.28	93	95	48	88	45.5	113	131	133	99	67.66	150	137	57.1	81	16	101	116	100.59	126	136	31	73	129.25	102	40	96.88	102	128	16	28	64.32	124	29	84	20	82.97	29	126	121.37	73	146	67	110	43.72	18	54	29	23																																																																																																																																																																																														
84	78.7	14	64	9	11	99.28	143	23	134	53	17.7	57	140	83.05	7	48	78	21	32.51	33	36	10	144	118.52	122	116	60.47	49	19	2	21	31.36	87	90	109	72	52.29	17	108	31.74	64	107	38	6	40.57	147	5	136	147																																																																																																																																																																																														
18	26.06	90	106	89	90	18.44	5	63	144	58	121.48	35	16	148.72	52	113	129	148	65.33	102	68	59	6	96.04	31	138	57.24	113	3	66	44	61.37	91	53	57	67	51.08	126	79	2.9	49	7	132	74	89.49	6	9	66	109																																																																																																																																																																																														
9	131.45	139	105	36	111	50.74	135	39	44	137	108.63	123	71	8.31	136	30	90	96	41.99	25	71	72	46	131.74	5	108	33.14	145	40	115	65	143.74	17	17	43	56	47.07	149	104	61.84	130	6	80	144	98.88	139	85	44	50																																																																																																																																																																																														
147	25.57	2	113	17	74	94.94	70	117	50	125	133.5	150	104	19.95	49	13	129	82	147.06	46	84	38	82	68.78	85	61	42.4	63	94	6	54	76.53	109	97	120	98	51.76	90	35	1.71	57	148	106	131	139.8	117	80	139	131																																																																																																																																																																																														
34	47.71	123	106	86	82	13.52	39	115	67	36	141.15	62	26	14.17	11	118	77	55	26.95	121	88	59	51	60.84	21	40	42.27	37	121	81	99	124.34	2	147	10	24	136.99	33	49	74.24	105	112	96	62	24.66	120	67	49	111																																																																																																																																																																																														
86	40.87	51	139	147	11	53.42	112	127	57	27	17.16	142	150	141.37	5	99	7	119	18.43	100	137	32	44	120.94	15	1	123.49	14	142	87	79	53.48	103	104	89	94	45.73	49	9	106.22	97	115	24	57	139.17	3	51	82	145																																																																																																																																																																																														
89	12.85	73	45	38	104	98.17	94	107	34	123	42.03	32	147	74.82	125	107	93	105	11.5	19	41	93	100	135.8	141	140	29.53	110	1	73	141	71.66	108	112	64	106	52.89	123	112	143.82	48	40	19	142	99.43	37	93	25	44																																																																																																																																																																																														
103	55.69	81	80	116	121	82.27	8	73	90	5	143.04	12	60	103.16	15	104	4	134	39.61	84	91	4	10	65.3	76	2	113.67	147	101	61	5	39.45	115	21	74	121	127.91	43	103	80.48	94	95	58	37	101.2	122	2	75	96																																																																																																																																																																																														
145	128.88	148	14	13	127	69.62	42	1	28	102	134.12	5	2	43.19	27	122	58	34	117.56	32	88	19	91	76.27	38	2	132.16	21	96	30	61	97.2	56	49	62	106	70.53	33	22	96.45	35	111	68	141	87.03	55	73	104	22																																																																																																																																																																																														
14	76.9	101	98	92	110	111.54	126	113	47	86	90.29	37	80	70.09	149	109	6	119	33.32	11	63	66	67	122.78	55	147	12.61	143	23	54	101	33.91	148	25	96	137	73.56	34	18	47.81	9	132	106	138	46.91	93	93	114	60																																																																																																																																																																																														
148	144.06	146	44	43	32	14.58	121	26	60	74	88.92	116	131	53.71	53	24	112	19	77.13	98	96	4	91	13.37	117	96	34.92	60	1	2	96	130.04	61	33	84	68	140.14	146	98	120.49	20	79	9	76	41.23	2	93	12	18																																																																																																																																																																																														
78	62.32	64	92	35	136	90.71	64	109	148	79	82.72	136	148	77.42	106	145	77	119	104.88	142	34	88	112	140.96	96	136	83.44	29	37	56	63	76.42	124	27	27	55	5.62	44	59	47.77	135	144	36	106	112.19	89	48	85	55																																																																																																																																																																																														
60	139.05	96	45	89	89	29.35	16	63	146	150	41.36	81	148	22.85	135	25	142	45	82.7	134	111	9	66	99.46	126	78	129.28	87	4	42	98	124.87	142	49	112	142	5.88	109	51	132.77	104	5	129	35	51.98	1	7	115	35																																																																																																																																																																																														
71	148.58	115	126	50	11	131.09	52	127	106	25	55.53	82	62	74.87	47	70	19	23	102.61	49	76	5	115	97.21	46	21	3.64	60	89	1	35	82.59	13	50	26	89	25.46	54	24	71.11	5	134	76	81	14.58	134	53	82	142																																																																																																																																																																																														
115	93.88	29	84	62	37	66.49	53	14	105	72	5.19	137	8	124.26	10	95	44	53	7.75	90	56	124	49	92.27	46	14	114.27	76	67	92	133	9.68	4	77	66	132	148.69	26	100	15.19	97	100	143	15	81.87	116	71	14	136																																																																																																																																																																																														
95	18.55	50	126	121	145	19.31	150	65	7	23	84.53	15	100	100.78	45	91	143	2	63.43	109	68	31	26	5.71	138	71	73.96	104	136	8	113	28.52	5	107	130	150	57.86	61	145	140.77	19	137	33	86	14.83	26	150	16	141																																																																																																																																																																																														
41	51.06	56	34	66	75	136.62	79	101	44	107	111.12	135	110	137.07	81	123	147	67	144.91	132	145	3	87	102.82	65	62	136.21	70	97	77	99	113.28	67	101	75	8	109.49	113	126	61.46	47	22	101	65	18.99	93	139	138	13																																																																																																																																																																																														
85	142.49	60	38	145	49	119.22	98	95	135	24	88.92	29	1	23.71	77	128	96	7	79.17	65	13	34	141	56.54	9	90	52.1	47	29	12	48	11.5	16	64	83	50	125.43	65	10	44.61	100	44	71	133	43.69	132	43	146	144																																																																																																																																																																																														
140	31.75	5	23	141	62	39.1	27	125	14	20	60.18	31	110	56.22	150	103	50	72	89.58	26	61	77	117	128.84	21	67	84.17	88	143	38	34	111.87	92	78	29	12	57.41	88	21	5.39	62	46	39	62	5.33	73	114	33	108																																																																																																																																																																																														
3	113.37	63	3	57	143	87.16	119	95	16	41	54.53	65	33	148.39	93	89	100	42	10.64	67	14	4	121	96.68	36	1	42.49	94	76	2	21	51.83	94	82	128	79	106.93	40	81	61.94	137	105	84	35	79.61	67	68	23	106																																																																																																																																																																																														
33	72.46	73	2	149	20	29.67	54	124	7	69	52.64	122	4	131.55	29	18	116	87	104.6	5	141	3	22	32.21	18	42	142.11	115	104	58	76	83.33	115	83	4	59	98.5	85	134	97.19	11	52	74	11	12.26	88	50	36	25																																																																																																																																																																																														
39	144.88	109	112	79	68	149.06	120	22	123	36	74.48	95	41	10.41	146	19	40	10	50.53	94	82	125	92	36.81	91	17	109	5	135	62	32	115.06	90	91	21	104	144.17	74	21	118.12	58	90	6	43	136.36	58	85	16	79																																																																																																																																																																																														
92	85.27	67	20	11	143	94.99	33	93	39	150	70.67	41	29	55	143	7	130	1	123.88	20	71	77	120	95.41	44	1	113.6	141	98	22	70	100.13	149	3	136	48	58.72	86	87	56.35	94	25	26	144	93.78	124	106	36	89																																																																																																																																																																																														
82	124.46	140	54	134	24	37.4	11	124	118	109	105.41	105	83	109.17	102	89	42	115	100.48	147	50	101	129	42.75	97	78	132.98	93	88	123	39	89.5	67	126	54	103	25.02	44	42	111.63	91	53	147	113	128.71	89	27	43	116																																																																																																																																																																																														
48	53.06	37	78	8	112	114.19	23	133	42	78	28.88	13	94	126.21	98	11	85	148	112.49	65	114	106	6	120.17	34	103	96.6	43	121	92	108	149.87	16	130	8	76	89.87	104	94	49.72	143	78	136	56	11.33	17	130	21	103																																																																																																																																																																																														
112	147.87	33	141	105	140	87.57	80	112	144	19	144.97	69	63	103.63	108	135	80	102	109.7	54	149	43	25	21.48	12	81	145.56	88	18	34	78	19.83	84	117	41	147	4.85	60	140	116.62	42	111	68	80	32.94	18	28	115	116																																																																																																																																																																																														
8	109.87	30	31	63	43	31.67	144	83	139	145	63.34	124	66	69.61	138	61	55	140	46.11	120	75	41	40	101.95	126	135	96.1	48	128	113	120	35.07	101	6	103	110	54.58	75	82	134.97	38	41	124	58	47.77	66	87	106	83																																																																																																																																																																																														
107	49.25	49	27	78	140	114.09	52	136	87	145	61.44	35	17	103.03	66	65	148	1	15.1	77	38	46	90	54.67	17	66	90.77	30	69	7	109	90.57	90	103	58	5	146.4	62	11	115.76	44	15	148	83	146.89	79	141	12	29																																																																																																																																																																																														
37	58.08	146	59	34	100	113.91	110	100	121	127	81.52	88	54	113.1	70	18	42	145	103.76	120	58	62	38	124.72	89	98	102.23	100	116	115	86	35.43	143	62	92	105	127.11	26	92	101	124	33	148	57	131.76	24	128	104	139																																																																																																																																																																																														
57	69.31	44	74	29	124	120.52	129	70	112	100	124.33	76	52	141.94	134	61	37	10	14.05	6	59	99	39	122.24	17	80	36.62	72	147	52	12	104.65	149	139	77	149	20.82	139	74	30.79	42	133	1	88	59.9	93	93	123	135																																																																																																																																																																																														
82	148.82	26	129	79	70	10.22	24	1	92	45	21.82	79	20	117.66	148	131	80	65	11.59	123	134	92	51	125.62	131	100	38.96	124	8	24	61	54.3	34	126	85	46	140.82	149	111	36.04	4	34	16	140	9.2	101	84	124	102																																																																																																																																																																																														
125	1.68	97	11	139	21	119.24	12	120	131	99	133.58	124	108	82.4	47	55	57	139	30.81	97	12	8	65	76.36	11	7	25.9	32	2	18	100	129.03	126	19	133	82	40.58	95	96	134.98	36	125	126	28	85.29	33	49	67	54																																																																																																																																																																																														
55	59.7	31	122	74	98	54.86	27	3	30	1	107.49	150	78	23.99	67	36	119	38	126.66	40	37	10	87	143.33	116	72	5.11	129	138	85	111	7.57	69	138	81	101	20.56	121	76	118.75	97	118	113	49	104.79	56	92	102	5																																																																																																																																																																																														
67	21.38	68	6	108	76	81.31	80	114	124	13	138.05	14	81	27.33	69	57	102	84	27.91	20	27	12	132	16.95	79	9	133.91	96	109	9	57	43.7	27	43	35	12	99.97	13	65	23.94	122	39	60	33	84.4	91	150	42	40																																																																																																																																																																																														
128	139.98	78	93	13	141	70.29	36	121	30	16	149.61	22	127	131.31	6	14	14	136	37.19	84	31	105	98	1.47	26	66	100.03	68	87	69	145	36.06	50	128	120	35	127.49	83	50	111.34	119	29	99	49	15.4	142	73	32	82																																																																																																																																																																																														
24	48.26	126	74	33	64	5.56	58	104	97	117	139.38	79	116	103.38	115	73	69	88	131.17	102	118	132	142	80.58	36	133	56.78	126	10	133	100	49.55	53	85	146	60	51.61	137	57	141.91	43	133	5	111	143.6	60	119	83	97																																																																																																																																																																																														
112	74.16	9	143	141	67	30.95	145	2	11	77	28.14	21	73	39.58	34	80	50	97	14.43	121	104	145	34	10.66	63	44	100.34	124	1	73	147	28.92	25	91	49	38	38.81	15	53	127.03	150	143	53	46	119.47	101	38	17	136																																																																																																																																																																																														
136	91.87	61	129	34	148	110.57	107	65	74	136	81.96	145	80	99.72	144	132	70	150	19.07	57	130	79	148	36.74	27	113	85.97	8	117	118	26	53.58	120	46	100	136	26.02	23	121	91.12	106	57	139	62	109.82	95	110	9	137																																																																																																																																																																																														
52	123.8	40	12	28	11	82.72	29	74	37	80	15.09	77	36	108.17	9	4	14	53	20.11	83	123	51	45	88.45	68	97	121.56	119	6	61	26	40.15	145	114	109	2	34.82	24	69	41.1	91	48	13	71	78.88	100	138	124	26																																																																																																																																																																																														
61	39.84	28	64	42	37	50.34	122	38	45	103	7.05	136	45	51.4	51	124	18	132	116.05	3	19	41	12	77.15	109	141	26.71	69	71	58	94	65.73	100	70	83	79	19.85	77	35	84.2	90	27	45	117	4.26	38	16	143	144																																																																																																																																																																																														
44	54.2	135	111	97	34	119.09	50	97	53	124	123.74	61	49	40.83	149	105	50	28	147.45	76	107	26	63	140.43	132	87	99.2	121	49	117	36	88.35	136	56	56	113	56.61	76	72	5.1	146	46	143	126	90.99	23	55	146	27																																																																																																																																																																																														
58	39.8	44	17	111	57	59.21	30	54	137	55	100.62	38	21	76.81	86	33	146	60	34.27	26	146	4	53	74.35	64	40	71.9	139	134	99	33	44.38	25	101	68	102	3.43	25	17	130.86	116	78	40	147	8.26	136	128	127	60																																																																																																																																																																																														
83	49.18	20	120	89	19	98.8	81	105	60	14	144.81	12	144	101.47	143	54	100	76	103.54	101	73	12	82	81.85	127	46	33.61	111	139	18	113	18.67	30	41	42	85	106.69	145	50	54.52	38	99	150	132	89.01	83	121	130	38																																																																																																																																																																																														
109	23.19	37	51	39	83	89.94	10	10	26	4	149.46	148	28	76.35	116	101	47	108	49.19	91	60	14	139	89.83	62	36	143.87	103	39	84	61	102.29	41	100	96	109	121.12	128	110	102.59	18	31	45	142	36.58	83	59	142	109																																																																																																																																																																																														
93	13.28	122	110	150	48	96.41	30	118	75	76	74.62	68	123	68.4	123	126	1	23	79.64	12	16	60	44	4.26	62	89	125.4	3	120	25	43	148.79	149	78	135	30	80.35	37	59	120.2	115	118	82	100	62.34	35	129	40	17																																																																																																																																																																																														
20	49.52	71	69	86	8	58.16	1	29	123	120	62.93	50	146	6.95	39	126	119	123	126.79	21	41	133	18	122.61	25	114	7.73	51	115	116	97	139.1	20	32	92	68	104.78	33	139	61.09	42	15	100	90	134.77	139	68	107	11																																																																																																																																																																																														
129	146.16	6	136	54	121	83.14	72	132	79	28	118.58	106	8	81.94	48	107	60	33	56.6	9	54	128	2	111.5	100	20	20.79	70	35	88	143	100.62	138	91	32	34	148.01	60	48	82.59	43	147	53	71	107.15	71	95	85	143																																																																																																																																																																																														
134	137.11	96	70	22	102	109.26	125	28	131	45	118.27	127	44	32.37	120	27	9	149	24.12	53	83	77	7	121.53	11	77	32.78	94	24	135	51	122.4	141	35	31	30	77.19	81	47	76.01	99	4	142	124	93.05	124	14	136	86																																																																																																																																																																																														
96	143.41	23	60	56	20	122.76	116	112	122	128	136.3	24	38	17.05	97	91	108	14	71.76	149	4	5	117	117.62	71	38	14.69	58	99	95	136	105.99	124	30	11	121	88.73	15	45	9.26	25	126	64	69	71.54	35	29	96	90																																																																																																																																																																																														
15	108.58	38	33	19	140	2.11	137	126	128	144	51.16	55	87	8.05	121	7	6	113	99.96	59	92	94	29	112.3	136	28	21.58	96	87	44	150	59.13	66	18	32	17	67.84	120	53	132.89	37	43	63	70	20.33	105	150	113	94																																																																																																																																																																																														
5	31.63	136	95	108	4	123.82	104	73	48	8	24.86	9	131	40.49	122	78	106	28	149.26	85	86	87	81	136.78	82	64	130.04	18	150	70	107	19.71	145	128	81	68	14.99	107	121	95.17	120	42	97	102	146.75	25	142	61	150																																																																																																																																																																																														
72	120.83	90	88	145	126	84.19	146	32	43	47	45.64	94	97	114.01	48	146	103	124	117.35	94	63	125	14	1.09	7	89	102.29	79	148	92	16	46.23	122	96	97	11	124.39	21	32	3.17	33	7	60	124	15.44	145	50	29	29																																																																																																																																																																																														
133	134.8	62	79	77	97	135.03	76	98	143	148	117.35	84	80	71.19	74	78	41	102	47.86	57	26	133	66	30.21	93	71	50.37	4	90	82	141	11.35	149	150	82	43	142.78	100	59	106.35	61	134	87	124	114.53	65	29	120	37																																																																																																																																																																																														
19	125.64	41	85	67	62	24.65	39	91	104	42	58.84	33	11	76	74	18	92	6	149.04	37	22	104	128	143.66	7	4	55.96	140	6	6	143	109.66	19	113	8	82	39.66	12	118	90.55	82	115	32	69	98.16	74	37	37	148																																																																																																																																																																																														
126	69.46	134	95	120	13	103.8	147	139	32	121	67.81	61	17	107.11	8	122	64	127	23.29	36	114	56	148	114.23	52	1	21.15	26	18	3	40	124.86	103	81	129	51	47.44	54	71	54.26	29	51	143	140	58.04	81	109	98	147																																																																																																																																																																																														
80	48.59	83	47	115	107	36.64	63	129	117	58	71.65	35	131	145.21	66	88	68	109	80.74	13	24	145	92	47.05	136	64	127.3	130	19	147	88	48.61	53	128	142	96	126.77	35	66	43.68	19	66	65	76	147.35	48	82	26	51																																																																																																																																																																																														
125	117.78	148	1	140	104	69.55	13	112	66	85	110.71	91	37	119.76	42	37	39	94	6.41	137	47	104	13	58.63	25	36	109.88	127	144	44	100	146.72	114	126	53	30	141.52	42	101	139.86	39	115	142	42	60.46	56	23	99	86																																																																																																																																																																																														
132	47.73	40	13	57	140	59.32	98	50	78	44	121.96	56	27	96.29	149	50	22	139	105.67	58	8	63	137	87.43	91	77	139.66	125	21	53	11	134.42	134	143	100	7	119.5	43	138	29.38	19	58	40	81	50.32	12	133	126	18																																																																																																																																																																																														
34	62.41	8	33	29	131	87.23	2	113	117	145	130.15	63	35	92.32	135	140	123	140	58.14	69	23	90	81	87.08	31	18	112.58	8	141	30	3	46.72	120	111	46	11	106.79	77	56	19.3	58	126	80	37	98.81	46	42	27	135																																																																																																																																																																																														
83	81.88	15	65	13	69	104.23	54	47	97	75	1.87	61	12	80.37	145	123	85	38	55.97	11	40	104	64	131	103	22	70.59	147	92	109	85	18.16	55	121	35	12	29.47	125	75	100.79	5	5	67	65	127.29	36	58	44	33																																																																																																																																																																																														
72	2.44	8	116	97	118	31.59	11	103	124	110	99.06	74	116	88.43	91	150	27	12	34.09	29	124	142	57	78.18	74	129	106.39	140	60	135	39	57.84	72	105	86	145	61.45	33	21	36.12	125	38	103	32	64.3	104	147	133	10																																																																																																																																																																																														
105	122.62	62	133	8	133	71.09	21	38	86	7	54.21	75	77	42.83	126	11	78	29	93.53	87	44	59	66	30.54	146	124	128.23	88	28	68	120	74.92	51	8	29	42	64.68	90	23	64.63	69	100	17	47	125.26	2	141	128	96																																																																																																																																																																																														
33	110.7	101	140	19	69	124.21	66	66	123	93	37.22	121	5	88.51	9	96	135	51	127.42	88	100	60	146	128.73	65	34	70.25	22	118	103	119	93.66	84	75	114	45	15.2	86	143	135.21	119	75	111	1	81.76	102	53	130	34																																																																																																																																																																																														
21	58.27	52	91	108	143	45.02	90	15	9	106	79.51	135	122	143.4	91	13	106	115	40.43	45	16	87	126	126.06	42	141	19.9	102	131	27	53	68.43	120	41	97	117	71.72	106	26	47.26	40	56	54	6	69.59	110	98	30	87																																																																																																																																																																																														
107	62.55	29	131	68	150	68.15	101	13	60	96	75.15	104	137	147.97	134	25	24	77	149.49	125	91	71	101	114.64	92	132	30.39	102	57	12	142	50.37	113	90	85	20	121.87	9	79	45.57	91	39	101	84	127.48	47	122	124	23																																																																																																																																																																																														
87	3.17	103	147	64	46	39.51	7	92	107	38	141.58	63	12	89.4	90	145	21	56	144.91	81	13	111	135	37.39	6	63	71.13	64	146	1	94	136.59	12	118	26	116	11.74	90	51	122.45	37	56	145	18	57.4	136	42	150	90																																																																																																																																																																																														
38	24.37	46	77	37	39	137.21	84	132	35	17	87.43	56	134	123.56	15	127	94	35	135.6	136	106	124	130	72.18	20	132	55.76	28	63	60	2	16.51	33	75	48	143	69.33	82	44	138.48	142	123	47	32	130.41	112	41	6	11																																																																																																																																																																																														
5	122.56	126	28	39	21	54.14	16	36	43	123	80.27	123	90	84.31	58	38	85	1	47.22	95	4	62	8	18.81	129	105	7.64	56	107	104	147	23.84	113	137	92	89	42.42	27	75	88.71	101	33	141	33	126.9	108	85	82	42																																																																																																																																																																																														
69	85.93	149	148	54	126	108.46	124	40	35	69	78.56	137	80	74.21	118	41	122	146	74.37	125	18	49	104	44.03	17	114	143.78	3	51	55	56	129.71	55	113	7	17	107.88	38	73	69.81	122	53	138	51	64.51	102	118	84	15																																																																																																																																																																																														
66	106.14	18	28	69	100	122.21	136	68	59	16	81.79	7	89	60.28	37	80	86	124	76.92	32	24	6	114	80.24	46	108	56.08	79	8	18	145	101.15	20	56	16	15	82.06	26	141	131.13	63	66	4	108	45.89	84	133	105	36																																																																																																																																																																																														
6	88	84	66	11	60	71.19	3	137	46	109	138.47	109	105	24.32	6	76	58	52	131.82	118	114	84	112	99.07	124	124	44.05	96	1	137	116	138.53	57	139	119	10	84.21	21	79	81.4	98	59	15	25	3.67	74	80	110	29																																																																																																																																																																																														
111	17.25	63	52	19	17	30.6	11	105	58	127	7.25	27	44	140.77	126	112	87	136	4.51	4	136	10	77	61.72	100	59	32.57	127	85	7	4	92.89	27	127	142	14	124.82	81	5	138.45	44	85	117	66	94.88	132	135	148	26																																																																																																																																																																																														
95	141.95	107	6	79	13	70.85	71	45	139	129	61.06	121	49	139.26	102	38	53	134	102.19	140	94	121	41	68.72	130	107	100.09	31	68	5	33	6.26	10	147	48	125	147.79	24	133	87.87	32	133	145	16	59.62	55	135	102	136																																																																																																																																																																																														
108	60.19	19	141	68	51	22.6	34	78	73	93	129.29	22	34	120.15	146	49	46	120	30.24	67	84	130	84	75.58	129	145	63.73	33	22	150	138	72.96	28	50	90	70	138.35	89	10	62.31	87	49	68	117	62.73	70	106	133	116																																																																																																																																																																																														
137	147.26	14	54	4	83	117.91	144	38	88	136	75.54	121	117	138.94	7	27	137	89	34.59	16	47	111	134	47.2	94	107	9.97	92	141	121	89	84.85	88	116	113	45	69.36	131	49	142.04	87	33	84	149	2.5	2	130	144	90																																																																																																																																																																																														
124	139.04	107	72	141	56	44.07	142	62	112	75	22.73	47	59	106.8	16	19	100	136	148.09	139	114	145	36	102.63	7	56	128.7	120	8	150	69	5.31	87	79	6	112	128.28	42	137	143.06	45	91	30	67	97.44	8	1	76	102																																																																																																																																																																																														
74	23.78	27	140	52	121	65.31	136	42	15	101	111.6	99	48	22.51	141	15	32	79	11.73	28	117	67	16	148.4	3	20	67.09	104	2	147	109	26.3	124	123	80	11	110.87	5	112	135.1	96	17	31	31	128.63	130	16	113	15																																																																																																																																																																																														
101	32.37	111	41	52	36	22.72	130	61	24	110	148.35	116	104	120.84	114	76	94	77	146.39	12	138	131	82	116.81	81	11	12.99	94	14	115	132	71.81	132	17	134	39	55.3	103	69	149.67	108	117	61	54	98.5	29	111	20	119																																																																																																																																																																																														
37	40.24	127	115	111	23	42.7	146	133	68	99	7.84	144	135	60.97	118	109	4	15	91.44	70	60	149	122	69.54	73	99	71.72	113	121	111	2	89.15	61	117	87	126	137.7	22	79	67.64	2	45	46	64	23.99	50	140	134	82																																																																																																																																																																																														
4	85.82	75	137	120	42	70.71	117	111	56	50	81.33	129	92	4.96	86	109	72	46	13.04	113	105	13	146	132.78	40	66	110.99	90	109	41	112	125.4	56	100	44	76	84.33	82	27	148.8	49	100	131	3	49.04	50	94	15	103																																																																																																																																																																																														
113	122.09	134	129	17	4	95.29	2	137	93	130	76	59	68	135.39	89	111	46	39	113.71	128	20	144	70	24.47	28	79	43.05	150	7	57	107	81.83	35	69	39	15	32.06	56	13	126.72	99	48	75	61	23.21	19	140	58	18																																																																																																																																																																																														
74	10.03	138	48	103	30	27.93	77	144	117	6	20.97	101	114	148.74	42	32	80	30	14.75	91	43	5	99	139.46	129	69	96	142	122	26	17	46.35	5	91	115	35	141.99	92	30	59.58	104	146	131	150	138.1	145	76	108	48																																																																																																																																																																																														
71	76.72	58	23	40	102	121.59	64	128	78	54	147.39	97	83	42.4	27	78	7	150	33.06	86	74	29	36	69.74	111	132	97.71	122	54	98	130	148.83	33	57	96	36	73.64	127	98	89.3	57	3	43	10	142.48	14	74	97	80																																																																																																																																																																																														
87	41.63	105	121	83	61	116.04	135	58	97	99	19.43	99	73	13.26	107	17	144	131	18.88	83	130	138	127	41.65	142	150	44.93	140	138	8	145	55.97	19	150	92	68	84.58	30	119	82.73	128	82	83	55	45	111	99	130	34																																																																																																																																																																																														
13	57.4	45	30	134	71	138.12	39	116	52	36	92.94	125	28	76.25	121	141	87	32	106.7	77	117	7	98	108.39	17	79	137.43	37	118	133	112	122.54	61	118	49	91	39.35	87	44	108.61	50	17	76	110	82.78	92	86	25	37																																																																																																																																																																																														
22	140.93	116	4	51	44	58.86	92	110	148	76	140.67	93	90	92.24	142	48	133	146	13.59	114	55	61	96	14.52	142	64	1.95	149	134	94	2	121.12	109	80	2	86	149.59	57	79	6.08	98	37	62	75	129.93	123	38	25	8																																																																																																																																																																																														
6	73.64	39	36	76	116	14.14	3	146	59	64	61.25	133	125	43.42	119	90	46	34	134.38	73	78	42	14	101.15	8	70	146.02	26	13	33	62	147.36	141	58	135	122	5.26	18	84	44.4	134	81	45	148	135.37	147	117	8	118																																																																																																																																																																																														
138	30.17	118	106	102	63	24.1	22	16	4	10	112.43	69	126	43.24	101	4	35	11	55.12	108	32	80	74	116.92	27	64	105.19	64	91	118	100	30.65	65	146	31	90	93.89	134	93	63.15	115	27	95	57	127.67	59	51	94	101																																																																																																																																																																																														
105	4.06	37	98	31	123	109.1	3	111	76	15	121.82	147	67	71.9	144	8	100	81	7.83	108	94	35	58	37.22	76	129	60.91	127	29	16	65	8.42	23	14	140	110	128.16	116	94	34.24	41	115	25	16	52.6	58	11	12	105																																																																																																																																																																																														
21	2.43	5	15	128	29	127.87	133	124	34	18	70.43	72	112	4.38	29	125	111	77	29.85	27	38	45	126	121.02	16	103	112.13	68	149	112	19	48.47	5	55	20	112	55.75	109	47	72.2	102	81	116	27	92.24	126	87	68	8																																																																																																																																																																																														
25	54.09	67	12	71	98	17.32	142	119	137	64	46.52	115	19	81.04	27	67	75	6	38	4	16	96	108	5.48	120	56	39.52	110	33	33	20	129.21	59	41	149	104	71.82	9	29	85.68	35	59	28	125	12.78	20	53	147	14																																																																																																																																																																																														
90	92.22	113	56	82	82	20.03	31	4	89	41	93.43	29	58	127.91	91	16	26	97	133.26	9	71	22	55	5.05	40	59	76.21	13	53	134	14	141.09	69	61	147	97	144.47	123	107	86.11	83	136	134	47	147.09	104	36	134	80																																																																																																																																																																																														
125	142.62	72	17	58	118	3.72	34	83	61	34	24.62	142	145	74.01	63	92	17	18	136.63	16	128	20	55	140.44	18	32	4.9	107	133	107	71	83.26	107	110	90	137	137.41	64	72	110.42	109	126	29	28	139.06	107	70	80	114																																																																																																																																																																																														
57	8.2	42	3	115	14	147.37	15	40	111	38	142.01	110	14	121.64	86	56	29	95	10.13	105	16	77	34	39.6	1	3	34.02	79	97	81	7	118.6	87	17	13	15	40.55	9	88	10.41	98	67	84	87	89.88	88	47	144	118																																																																																																																																																																																														
132	34.41	54	6	128	21	130.88	109	52	59	148	12.38	145	78	75.56	84	39	30	72	113.26	91	43	94	77	22.16	53	42	134.88	5	73	108	51	123.48	64	148	135	116	90.83	36	27	35.17	5	21	4	114	113.3	141	91	50	23																																																																																																																																																																																														
22	65.5	105	25	122	27	144.39	54	7	4	86	29.28	40	91	103.06	69	143	13	141	25.61	97	137	129	32	28.77	90	80	106.51	111	9	96	77	39.94	94	52	35	20	25.4	26	106	145.05	80	32	43	2	6.41	19	88	134	49																																																																																																																																																																																														
73	78.26	64	120	63	1	13.47	135	72	33	4	47.39	122	103	25.18	119	98	41	125	57.65	63	47	68	80	6.5	27	96	11.7	69	13	6	11	138.08	45	148	41	143	105.53	142	21	69.64	16	10	48	92	36.41	35	149	81	133																																																																																																																																																																																														
123	103.54	37	50	111	8	5.78	21	139	15	2	42.32	135	106	39.67	12	62	46	93	66.91	42	84	37	59	87.92	144	15	42.86	45	132	69	31	136.23	23	49	9	41	123.92	14	90	54.21	13	23	11	30	56.73	71	51	142	17																																																																																																																																																																																														
105	23.31	46	123	141	82	10.3	112	31	122	102	11.32	85	29	135.35	88	40	128	127	123.79	19	26	142	107	6.85	68	127	85.48	32	44	150	24	9.38	50	118	94	48	74.74	75	74	38.92	112	128	32	50	46.21	57	11	42	85																																																																																																																																																																																														
133	139.87	101	31	54	50	68.18	48	117	94	137	51.14	11	12	139.69	77	89	52	28	80.47	64	123	96	29	73.91	65	125	59.29	126	83	35	148	80.75	36	97	130	97	118.08	56	1	57	14	81	108	17	63.68	15	140	4	71																																																																																																																																																																																														
64	148.76	55	5	122	1	63.53	115	145	89	33	21.27	120	127	75.04	51	106	47	138	82.16	110	37	57	47	133.6	129	65	50.4	132	93	61	50	123.08	88	59	81	9	139.41	107	77	10.12	102	104	89	143	47.99	65	98	129	8																																																																																																																																																																																														
114	71.03	53	75	10	99	118.8	81	35	34	56	45.32	41	15	142.4	79	62	132	49	78.37	59	131	130	65	124.7	67	122	148.86	25	63	65	125	98.72	90	108	149	20	146.52	115	108	32.51	37	29	98	26	20.48	84	145	76	70																																																																																																																																																																																														
97	104	105	125	60	103	13.02	87	91	22	93	72.49	72	109	108.58	83	141	107	103	26.37	36	120	3	85	64.15	109	50	135.6	98	23	61	30	74.29	83	37	8	84	8.53	141	11	29.43	44	27	143	138	46.63	21	104	1	65																																																																																																																																																																																														
92	86.21	42	110	71	30	88.55	77	8	25	58	110.51	119	126	117.5	31	148	24	132	23.59	55	55	148	129	39.24	67	136	65.58	14	109	5	126	67.16	26	83	14	83	92.84	32	139	17.31	90	58	19	86	12.78	17	98	105	44																																																																																																																																																																																														
149	22.03	77	89	106	22	70.3	113	31	68	92	141	35	19	78.05	89	47	21	67	94.87	116	18	101	24	134.09	67	46	75.68	31	14	113	54	116.11	126	144	11	52	16.41	132	20	25.43	52	67	142	54	49.59	149	3	25	75																																																																																																																																																																																														
30	63.63	51	69	98	64	82.69	54	68	142	97	79.37	4	91	86.61	73	135	94	150	37.51	29	32	75	50	47.95	121	88	86.65	144	144	34	92	58.89	90	34	98	59	136.01	52	134	17.96	70	35	92	37	92.21	146	11	113	50																																																																																																																																																																																														
18	65.64	147	9	138	68	1.33	130	137	137	58	36.35	110	141	53.44	100	96	30	106	33.57	13	149	19	51	15.22	146	25	4.33	128	110	28	6	134.34	100	83	119	55	148.82	92	43	148.98	134	49	100	61	133.64	143	102	59	100																																																																																																																																																																																														
20	112.14	116	25	13	75	4.06	45	18	125	138	101.93	19	55	135.02	72	78	37	129	59.21	61	6	95	90	59.1	79	125	123.79	65	44	43	71	87.94	64	62	30	49	17.35	14	62	121.83	61	48	111	34	124.78	22	96	33	60																																																																																																																																																																																														
53	23.33	85	77	83	1	57.41	78	139	93	19	37.46	109	119	109.41	117	126	148	51	84.26	128	32	101	122	76.25	131	67	78.21	116	71	117	79	24.85	142	55	100	77	58.7	131	65	83.32	105	95	70	138	19.56	90	79	70	141																																																																																																																																																																																														
145	117.07	109	24	73	126	58.49	29	120	90	144	85.66	121	142	13.71	107	49	133	142	71.08	27	125	118	79	139.83	37	109	26.19	135	90	108	19	84.68	62	12	83	99	92.17	18	120	87.16	103	84	113	110	42.69	131	97	119	80																																																																																																																																																																																														
20	104.65	93	41	100	18	4.12	46	129	2	14	116.15	97	24	142.25	49	45	130	139	107.81	103	9	31	94	81.23	78	107	70.48	129	133	15	34	13.53	96	97	86	48	63.39	83	82	148.76	134	34	128	106	131.68	32	112	38	91																																																																																																																																																																																														
15	24.64	8	9	21	15	105.94	61	143	138	104	23.93	74	60	60.02	136	125	95	121	8.66	99	6	26	26	119.21	30	30	7.19	17	66	21	30	73.86	113	65	114	69	112.87	54	32	16.93	120	149	33	51	75.06	90	79	4	70																																																																																																																																																																																														
89	31.51	113	79	88	124	73.48	124	26	85	66	16.63	42	112	92.56	15	61	120	22	11.83	4	64	99	129	143.01	41	42	47.29	143	91	62	37	144.9	68	137	81	67	67.11	7	146	91.82	87	60	105	70	115.83	105	131	117	63																																																																																																																																																																																														
5	97.65	127	146	90	7	20.97	132	29	65	87	20.31	64	135	50.11	88	62	144	97	3.53	95	118	89	113	143.65	36	144	5.81	88	77	46	2	138.49	22	119	31	35	73.21	136	2	120.34	110	102	78	74	10.25	109	86	14	29																																																																																																																																																																																														
58	28.39	70	8	44	118	145.84	117	119	101	67	133.81	73	49	96.09	21	89	36	13	132.84	66	34	35	29	32.15	106	107	46.16	150	9	29	84	127.36	36	123	105	63	48.22	52	42	141.69	34	103	46	119	132.94	8	128	33	2																																																																																																																																																																																														
25	96.59	150	12	94	53	14.16	80	100	68	141	15.8	130	69	11.85	85	86	98	59	145.6	48	21	139	20	144.47	62	98	128.56	24	93	124	148	89.36	107	79	86	132	96.03	141	150	49.86	119	86	2	29	79.94	1	97	131	71																																																																																																																																																																																														
12	139.11	43	41	132	28	88.99	2	107	75	49	146.59	133	32	122.41	38	38	118	52	80.85	54	49	10	81	113.94	68	99	122.31	99	141	9	68	132.1	133	38	75	99	142.49	94	52	64.56	37	60	40	128	61.13	81	141	82	108																																																																																																																																																																																														
93	103.59	139	74	25	15	79.32	54	131	41	9	102.38	62	59	147.16	119	109	42	139	83.13	111	43	150	31	19.64	22	72	112.25	27	129	2	47	117.18	4	38	11	7	125.41	75	104	126.49	49	4	137	74	3.38	11	4	103	106																																																																																																																																																																																														
85	95.01	84	143	45	132	72.39	92	38	138	124	98.63	97	110	72.46	108	43	96	145	34.74	16	120	103	123	6.08	87	2	7.61	92	12	38	112	126.62	86	96	18	127	84.82	23	62	50.22	75	123	117	59	149.16	79	99	81	25																																																																																																																																																																																														
59	16.01	71	86	74	37	72.15	46	70	25	34	131.75	22	87	13.67	95	10	58	23	132.45	108	26	70	27	78.96	109	132	127.65	90	87	76	18	119.39	142	27	13	24	60.88	26	50	112.44	45	102	77	51	7.66	78	6	48	8																																																																																																																																																																																														
64	31.75	131	123	55	67	110.81	20	135	150	86	74.74	150	28	91.08	147	69	110	81	147.02	68	55	53	88	32.3	57	68	86.87	21	82	121	140	30.45	135	24	71	74	59.29	19	8	47.07	74	63	51	67	71.25	95	76	141	69																																																																																																																																																																																														
88	149.71	71	30	64	85	41.45	42	120	96	145	75.52	105	96	126.93	16	19	115	134	144.67	61	111	10	108	121.79	120	128	35.06	1	42	8	142	57.23	149	34	112	98	80.85	1	8	6.8	11	18	52	125	22.33	110	130	126	98																																																																																																																																																																																														
136	67.73	123	115	86	122	131.1	90	138	111	95	80.49	52	105	30.41	78	24	24	130	120.18	68	10	41	78	123.74	149	128	79.87	98	111	90	83	79.67	149	30	90	42	51.4	117	6	68.38	90	116	62	31	88.43	57	74	149	16																																																																																																																																																																																														
64	51.04	100	13	15	89	26.68	117	142	126	88	126.56	73	95	129.09	64	132	10	23	58.5	23	75	132	77	122.79	73	136	149.49	21	7	122	88	26.77	56	144	91	18	130.19	24	135	129.4	71	44	99	69	88.77	30	50	52	4																																																																																																																																																																																														
26	42.42	5	78	103	96	93.03	22	15	107	137	82.93	92	24	89.91	57	112	13	23	55.36	122	27	120	107	143.82	52	65	62.53	55	101	5	98	123.83	13	72	46	8	79.32	71	15	7.06	45	4	7	112	17.13	37	52	75	62																																																																																																																																																																																														
33	130.02	126	104	142	83	44.14	121	56	27	109	107.11	83	21	89.49	78	15	114	57	142.77	56	10	123	128	93.55	52	16	105.67	19	96	11	104	22.74	76	106	109	69	121.2	130	7	87.11	78	91	149	43	93.27	114	14	51	147																																																																																																																																																																																														
3	112.28	27	71	8	27	128.93	31	91	37	126	9.93	105	78	37.55	2	140	55	38	126.21	133	142	143	88	107.64	75	123	126.07	98	135	116	110	77.55	55	83	16	30	85.41	78	18	47.05	78	25	105	66	3.44	15	32	51	118																																																																																																																																																																																														
150	140.17	104	142	140	150	50.78	135	54	97	8	77.59	79	83	149.46	36	111	34	15	32.71	128	80	128	69	46.91	109	150	133.55	22	146	85	50	91.36	138	24	2	35	60.2	80	83	96.43	146	33	66	16	43.27	109	76	51	133																																																																																																																																																																																														
95	146.97	46	107	135	101	92.42	72	62	49	145	75.07	93	5	84.12	147	126	26	80	52.29	34	2	98	50	116.39	59	109	2.26	123	40	22	124	26.76	86	105	85	80	127.2	112	66	124.69	12	126	101	6	49.67	1	39	73	113																																																																																																																																																																																														
84	64.98	46	59	142	55	137.18	9	138	108	75	133.84	115	110	47.99	116	34	65	24	86.03	100	78	91	107	78.73	26	1	77.38	27	150	129	45	25.52	50	62	30	149	5.95	91	20	6.66	44	122	69	55	87.39	143	24	28	81																																																																																																																																																																																														
43	6.22	11	137	73	140	123.69	69	112	81	24	46.64	133	90	97.07	32	90	19	134	43.92	81	68	137	119	141.48	12	84	58.84	136	135	34	149	90.62	103	116	29	20	23.89	97	21	102.75	14	86	91	104	49.52	69	98	11	145																																																																																																																																																																																														
4	49.45	34	15	36	116	90.58	85	46	123	35	119.75	61	60	19.84	48	37	52	114	77.47	116	34	17	84	111.18	91	120	120.94	110	118	85	95	66.97	25	131	76	23	85.81	55	92	58.26	109	69	88	92	6.34	110	120	60	1																																																																																																																																																																																														
83	97.94	9	6	26	147	148.11	125	61	55	13	13.65	143	6	78	50	35	143	91	54.95	4	35	95	97	83.91	39	141	22.29	26	10	75	67	121.38	31	38	143	117	102.94	102	77	102.22	73	85	17	140	79.1	13	138	43	140																																																																																																																																																																																														
122	48.23	47	117	87	131	25.5	23	19	133	111	79.71	42	1	116.74	27	53	140	29	8.86	118	140	129	44	31.56	22	75	94.26	136	41	127	126	8.74	118	16	43	30	88.42	133	75	148.3	149	10	129	124	11.08	116	109	86	127																																																																																																																																																																																														
71	43.1	32	17	106	115	131.32	79	14	121	44	149.17	103	124	134.4	38	130	137	14	8.37	143	52	135	107	6.7	145	99	40.19	43	31	129	40	48.02	27	43	28	120	94.21	93	8	41.16	49	123	26	73	147.79	35	39	79	55																																																																																																																																																																																														
73	8.84	84	22	69	77	79.93	96	125	132	136	107.72	115	87	84.27	105	22	17	113	81.33	12	33	71	94	101.92	56	146	1.68	58	77	60	141	119.69	82	111	122	12	42.48	55	105	9.37	126	135	115	63	47.51	120	56	123	9																																																																																																																																																																																														
91	10.98	112	147	130	84	11.83	26	77	50	142	93.83	33	34	99.27	134	129	50	9	70.79	61	41	141	100	63.15	101	68	107.93	148	132	109	7	63.07	125	72	37	55	62.19	133	110	26.58	38	117	9	2	35.69	7	140	46	5																																																																																																																																																																																														
147	124.23	13	78	13	113	90.47	148	94	126	34	48.07	111	127	72.48	131	75	115	28	140.7	91	148	7	21	59.68	5	76	30.38	23	62	15	110	35.28	139	118	68	7	77.3	82	14	147.67	68	137	97	150	45.75	23	40	141	144																																																																																																																																																																																														
41	97.47	54	49	147	47	5.13	131	48	92	91	66.34	36	12	114	101	96	80	128	25.12	109	95	71	102	112.6	43	1	103.76	62	85	14	105	134.32	36	25	54	32	72.38	78	130	91.34	31	26	35	73	24.72	36	16	145	111																																																																																																																																																																																														
141	92.83	9	69	19	61	99.72	126	122	33	54	29.23	13	82	27.29	84	31	130	76	88.82	17	84	14	116	52.43	69	127	94.24	49	149	116	1	144.36	24	124	110	52	115.39	99	149	10.39	52	117	85	85	56.39	83	5	39	40																																																																																																																																																																																														
138	108.04	65	93	88	125	73.58	113	12	99	90	78.1	56	121	3.52	120	52	143	3	128.35	6	81	129	32	144.53	94	51	148.69	63	12	47	6	149.97	9	14	130	118	145.06	88	61	79.18	38	89	10	48	53.49	23	65	78	89																																																																																																																																																																																														
80	63.47	144	29	60	85	41.12	123	140	7	38	36.56	43	55	39.88	67	76	36	41	47.53	49	64	63	3	20.77	68	46	106.7	34	119	3	138	105.47	25	49	55	39	88.92	102	134	132.21	145	119	58	36	13.35	115	35	47	73																																																																																																																																																																																														
70	8.7	141	94	65	75	66.8	96	4	32	22	97.56	27	117	147.76	88	5	1	6	3.05	86	39	33	108	60.52	76	78	67.67	147	105	22	23	83.48	77	102	2	46	92.1	96	33	115.31	140	98	9	23	72.55	54	132	57	90																																																																																																																																																																																														
2	32.18	105	137	71	116	113.06	65	52	68	61	129.84	90	77	149.19	53	16	22	40	105.7	93	23	56	150	111.03	145	107	25.19	132	150	122	116	103.2	138	46	106	39	39.74	149	115	1.57	96	142	105	132	82.67	121	28	101	70																																																																																																																																																																																														
73	108.39	65	111	102	25	98.93	42	17	11	122	35.87	135	130	135.66	130	72	104	82	2.06	137	135	148	42	85.37	145	81	142.78	111	126	67	87	100.37	123	86	61	46	148.07	15	75	122.43	117	57	37	51	12.02	34	18	121	66																																																																																																																																																																																														
10	58.91	119	100	110	10	36.86	34	94	78	27	51.63	2	65	131.79	101	130	56	86	92.04	30	129	80	31	56.04	61	116	138.02	95	137	65	105	58.69	12	68	74	115	30.72	15	78	64.5	114	36	114	77	35.92	16	99	94	138																																																																																																																																																																																														
121	42.09	48	6	86	144	127.27	100	56	77	125	129.74	82	115	117.34	51	56	147	47	30.81	29	17	59	80	111.22	105	88	146.13	80	102	58	33	94.91	70	72	145	128	75.49	77	36	119.54	73	1	13	1	147.98	85	16	142	142																																																																																																																																																																																														
138	130.3	68	52	150	48	43.3	103	42	91	131	74.31	38	119	48.98	23	48	72	64	86.32	15	117	87	111	115.53	141	75	79.21	149	85	136	62	56.75	44	38	14	87	80.03	142	14	86.22	1	70	29	75	142.76	138	48	130	3																																																																																																																																																																																														
23	149.58	64	100	134	22	74.16	101	132	114	88	58.15	56	73	52.26	93	137	101	117	111.74	23	57	150	10	2.2	84	131	70.86	110	11	84	64	98.08	9	27	39	121	116.94	122	126	99.55	82	92	141	108	12.33	48	127	27	149																																																																																																																																																																																														
84	1.2	104	77	148	16	142.49	48	119	147	119	102.46	24	81	31.06	47	85	63	141	66.32	144	1	147	70	40.51	148	12	71.45	116	116	138	111	50.35	31	76	109	29	104.43	87	69	139.03	105	61	140	90	10.39	8	89	115	54																																																																																																																																																																																														
61	93.17	89	61	80	115	53.2	71	5	53	133	6.93	35	118	132.87	10	150	136	22	123.41	18	33	94	55	22.6	93	11	33.47	138	140	61	73	64.98	102	129	90	64	54.22	66	147	15.12	83	67	66	127	116.23	149	118	77	141																																																																																																																																																																																														
50	126.84	135	29	71	60	95.2	93	113	102	36	18.54	107	22	31.39	6	33	14	31	12.3	82	128	135	62	63.97	138	38	49.95	80	14	67	73	126.2	41	44	38	126	58.24	49	77	39.89	100	82	51	13	59.14	128	88	133	3																																																																																																																																																																																														
113	64.28	133	93	83	119	139.73	46	39	113	19	149.51	113	54	122.9	97	58	108	7	130.57	79	104	87	26	50.24	31	91	63.24	31	16	118	77	56.07	135	47	67	12	10.6	16	65	80.41	24	107	57	92	76.75	102	11	110	6																																																																																																																																																																																														
25	92.83	107	141	140	74	5.71	65	29	130	108	71.72	48	38	53.48	65	47	56	1	31.08	19	2	47	129	104.71	150	81	69.93	65	93	14	86	88.31	48	7	79	85	120.06	139	99	78.9	93	124	141	27	76.95	42	14	102	19																																																																																																																																																																																														
19	112.44	144	19	72	18	36.8	69	148	44	120	45.59	28	32	134.85	114	116	27	144	65.43	110	75	99	115	14.44	96	118	42.86	51	24	76	11	123.37	130	101	77	1	20.51	2	62	65.74	105	63	140	12	129.14	13	8	60	9																																																																																																																																																																																														
119	98.25	113	18	114	127	34.37	80	84	123	95	141.89	68	7	74.79	132	146	29	116	131.07	55	130	82	128	55.01	115	4	13.48	139	140	103	140	41.89	97	45	132	108	66.34	140	43	131.46	77	19	52	86	32.53	48	26	129	135																																																																																																																																																																																														
118	81.44	115	119	2	77	105.33	45	37	26	52	44.69	88	82	84.9	8	47	71	61	3.4	109	99	17	26	35.74	135	126	86.5	39	124	80	114	20.95	63	93	137	64	70.05	134	96	17.65	62	146	76	81	101.84	145	25	106	59																																																																																																																																																																																														
58	64.79	81	71	79	40	110.6	99	141	98	108	14.2	113	28	50.55	103	44	4	42	52.17	109	13	1	114	74.91	96	109	75.14	127	144	24	37	50.19	48	130	93	44	34.77	69	69	62.11	84	57	96	127	92.61	128	29	113	55																																																																																																																																																																																														
150	15.38	23	28	121	38	117.66	136	28	55	3	52.62	14	127	60.68	127	41	140	19	100.33	18	113	32	4	49.1	70	45	22.38	51	117	104	136	144.83	10	22	134	5	43.11	124	92	67.45	23	14	124	99	58.42	125	3	76	142																																																																																																																																																																																														
21	74.45	48	11	108	19	101.32	15	62	61	149	121.84	97	27	22.86	120	55	107	58	14.37	47	51	68	108	114.37	117	86	85	56	90	34	91	61.15	50	119	76	17	84.11	76	88	66.43	20	143	38	37	116.63	22	17	32	13																																																																																																																																																																																														
148	98.86	10	137	24	94	54.64	108	38	150	24	144.2	138	142	18.09	18	27	88	57	142.82	149	86	146	128	135.83	131	53	73.65	89	17	8	34	137.59	5	61	107	43	141.39	130	114	133.44	142	148	34	63	86.89	54	125	59	109																																																																																																																																																																																														
104	11.02	36	148	88	50	6.34	134	86	78	81	37.41	99	51	124.67	50	29	94	43	145.3	25	57	100	143	117.07	112	44	23.46	37	73	121	34	149.65	67	7	18	78	113.68	122	99	111.66	91	1	48	15	73.72	52	113	68	113																																																																																																																																																																																														
60	55.93	7	133	117	129	129.21	10	146	51	79	86.46	107	120	24.76	109	84	45	49	30.72	109	135	135	6	78.7	122	133	129.91	24	67	1	68	107.72	54	122	96	80	118.38	10	82	36.09	13	107	30	9	47.48	2	4	112	34																																																																																																																																																																																														
133	149.5	6	24	115	29	58.61	31	26	131	119	58.61	18	100	71.58	50	122	120	31	31.75	31	14	50	84	88.92	62	23	20.19	136	12	120	42	108.24	66	55	106	97	137.11	60	59	90.59	145	40	61	82	54.61	108	117	140	120																																																																																																																																																																																														
46	96.07	96	147	78	50	96.96	96	124	63	11	118.15	55	55	76.93	109	46	2	4	89.28	128	146	38	134	20.5	5	25	111.66	148	130	143	23	126.33	99	104	150	102	146.6	20	136	113.85	88	17	23	63	45.74	86	29	100	62																																																																																																																																																																																														
150	135.15	84	96	92	50	88.22	96	45	73	39	15.02	3	63	48.21	114	134	83	30	126.38	117	90	90	6	111.76	120	114	36.97	124	57	53	147	111.16	50	104	63	116	142.3	76	72	86.22	110	15	142	81	51.97	22	10	113	28																																																																																																																																																																																														
59	83.4	132	145	97	44	75.38	48	126	44	19	50.13	84	70	120.66	107	61	34	24	47.71	67	19	93	142	70.94	22	149	71.7	17	21	105	97	44.69	72	59	95	55	34.34	38	32	105.65	23	35	108	53	41.45	21	70	90	108	109	16	96	127.35	60	119	30	149	66.76	130	126	131	137	149.64	149	128	128	116	19.28	30	90	116	131	41.82	48	118	68	69	137	34	4	150	48	1.55	76	126	107	10	10.45	78	14	59	49	4.69	51	138	40	143	31.89	105	85	72	81	83.14	131	75	141	118	95.11	81	119	67	105	140.82	84	45	116	34	82.42	87	123	41	69	67.56	85	143	104	92	82.23	58	18	34	65	65.48	130	63	127	131	56.97	73	97	62	115	36.8	74	122	76	143	51.67	35	43	63	28	10.16	117	9	65	16	53.28	106	120	78	8	102.1	55	17	103	26	111.36	148	17	34	146	62.42	15	64	126	14	45.34	10	12	9	115	131.99	46	101	68	142	73.2	115	44	146	71	42.18	11	63	42	34	66.85	126	62	14	51	113.67	31	87	66	106	62.92	38	36	119	77	31.13	9	116	47	91	56.49	54	19	93	96	108.14	33	9	68	36	98.38	32	70	15	67	26.5	59	36	24	7	102.53	1