50 240
73	47.8	46	129	22	29	44.46	69	118	130	75	57.35	134	132	97.51	12	103	100	62	71.66	18	117	39	9	10.69	36	149	70.16	41	16	20	7	86.27	102	87	58	97	10.16	87	49	1.69	94	139	128	146	16.25	147	2	127	52																																																																																																																																																																																														
134	79.07	17	57	127	26	92.02	56	98	36	95	85.1	143	104	39.1	2	135	2	113	5.51	80	62	33	55	62.71	95	49	56.97	106	90	139	39	126.55	48	64	122	75	30.63	148	93	60.8	25	2	16	12	44.86	68	15	68	133																																																																																																																																																																																														
19	104.31	143	24	97	17	110.81	8	80	39	57	100.83	8	89	48.38	57	90	144	140	84.69	144	18	105	112	11.7	79	123	136.7	116	67	3	122	104.63	33	142	112	34	147.87	28	24	108.56	45	2	3	86	84.11	52	127	70	32																																																																																																																																																																																														
17	50.12	96	3	100	12	10.86	62	29	132	72	42.42	36	18	15.35	95	117	77	108	86.4	48	141	56	93	11.54	117	92	141.26	104	19	103	55	59.48	147	128	132	56	67.2	100	103	79.34	95	129	47	137	119.72	109	91	65	45																																																																																																																																																																																														
83	119.55	72	68	78	101	3.62	1	103	36	39	13.53	51	12	50.8	46	23	70	4	130.02	11	134	128	80	133.18	141	47	131.06	54	27	49	54	15.32	64	147	150	97	10.42	137	59	56.7	44	143	111	30	118.73	102	38	92	118																																																																																																																																																																																														
92	56.07	127	65	14	74	40.05	112	15	134	91	101.72	120	146	16.47	106	35	107	25	118.34	138	141	32	59	103.66	118	144	61.36	80	109	2	9	106.61	7	33	104	65	109.46	42	93	78.25	95	4	12	47	24.59	48	64	111	3																																																																																																																																																																																														
125	53.45	87	112	31	86	100.42	1	18	110	126	31.49	132	24	99.29	145	23	83	136	133.49	16	35	140	102	54.78	61	121	48.27	4	35	56	106	9.96	74	39	102	108	68.55	98	86	76.55	51	136	117	116	58.5	77	9	125	96																																																																																																																																																																																														
83	149.87	1	28	3	102	140.6	114	17	136	22	54.94	79	103	50.02	18	14	143	62	74.92	90	79	45	111	123.4	9	79	78.75	43	142	114	80	144.49	102	23	134	45	109.08	83	122	83.02	63	74	57	18	138.5	111	27	119	25																																																																																																																																																																																														
71	66.56	70	122	29	18	119.7	10	55	5	48	130.39	94	69	127.7	127	58	34	3	54.62	58	15	70	40	39.67	72	104	67.01	90	39	117	38	28.21	29	1	116	81	80.53	25	118	72.83	3	132	116	66	35	1	46	80	35																																																																																																																																																																																														
142	20.58	26	2	146	98	96.37	56	57	28	7	48.64	50	130	15.06	116	35	53	79	137.76	69	70	71	49	63.74	98	150	101.72	26	54	19	122	140.39	72	55	28	99	56.61	128	115	68.61	65	24	54	134	74.01	98	81	6	41																																																																																																																																																																																														
44	18.29	41	126	137	116	90.77	10	124	4	11	82.36	33	68	51.06	80	135	12	84	75.97	121	58	129	35	18.58	137	75	117.89	46	134	110	102	44.81	78	22	145	57	28.6	120	79	70.37	49	103	22	27	56.16	20	38	27	40																																																																																																																																																																																														
60	59.4	90	26	139	93	97.43	135	20	87	12	26.95	148	71	43.13	48	11	113	146	8.36	91	110	121	105	104.11	41	38	5.68	138	98	64	138	113.42	37	79	52	149	41.57	32	85	66.91	140	113	145	119	115	61	38	55	4																																																																																																																																																																																														
138	43.29	19	141	133	38	69.62	90	49	85	9	80.61	103	91	120.73	139	66	67	103	124.75	150	21	67	79	63.97	72	133	4.58	25	48	72	124	135.99	34	77	87	29	122.97	69	127	39.52	2	137	137	147	38.09	80	92	8	88																																																																																																																																																																																														
129	69.19	145	17	128	64	128.52	98	127	18	138	86.2	73	136	137.16	53	48	42	80	69.02	36	92	140	14	22.2	37	58	105.68	20	71	53	85	80.39	145	20	133	120	15.3	103	105	60.65	140	59	143	17	90.46	112	41	63	94																																																																																																																																																																																														
117	70.91	13	78	101	56	4.15	50	20	32	33	48.9	93	76	132.27	72	88	131	73	90.18	109	107	24	86	61.44	12	39	142.58	107	101	103	53	73.39	132	57	15	14	88.45	77	116	110.05	64	103	146	117	106.54	125	58	49	102																																																																																																																																																																																														
59	146.02	147	148	72	128	17.94	125	127	76	112	105.74	96	76	95.4	11	108	45	62	38.17	46	40	11	133	81.52	38	100	148.48	134	21	39	30	10.04	41	84	52	138	24.82	24	114	30.47	63	109	145	112	60.13	132	61	1	134																																																																																																																																																																																														
140	60.61	36	74	54	141	137.21	42	88	36	37	5.81	12	131	64.32	79	80	113	14	18.15	117	122	65	135	4.66	113	134	145.25	113	83	43	149	112.84	28	60	19	15	139.18	100	130	78.96	10	85	75	141	100.82	94	112	40	9																																																																																																																																																																																														
124	26.9	30	54	147	73	101.66	59	35	40	108	74.6	78	68	11.43	94	126	127	130	71.41	9	117	38	60	55.07	59	126	33.67	31	27	39	5	75.83	113	72	24	122	50.37	97	38	30.23	64	1	71	97	89.4	145	128	101	26																																																																																																																																																																																														
33	46.6	109	77	32	133	91.12	9	58	150	128	141.63	101	67	125.46	137	12	102	137	30.94	1	24	130	3	124.19	50	41	129.31	29	86	61	103	61.74	136	54	99	8	94.32	10	107	35.31	136	16	121	67	45.63	90	31	62	23																																																																																																																																																																																														
95	59.89	98	134	124	84	84	148	115	91	137	79.94	75	117	127.93	102	78	96	125	34.85	91	54	84	146	17.53	15	139	15.32	27	67	147	135	91.73	7	142	138	76	61.14	83	80	19.8	117	115	121	103	72.1	112	33	67	54																																																																																																																																																																																														
1	58.39	100	116	85	34	34.87	132	105	12	125	121.01	60	80	108.88	14	107	89	70	7.51	147	80	58	125	124.97	40	42	141.18	116	41	14	96	85.6	68	136	61	128	49.25	15	59	93.98	45	43	126	81	60.54	127	144	60	107																																																																																																																																																																																														
23	49.9	40	117	43	83	8.8	133	22	103	76	61	52	14	38.55	8	128	4	140	23.6	138	17	106	34	128.75	11	110	65.45	125	114	5	84	104.02	102	86	94	86	64.71	81	7	28.07	76	50	92	132	30.76	43	41	82	121																																																																																																																																																																																														
94	50.46	64	45	58	114	69.42	111	68	41	92	37.17	132	40	110.18	134	110	75	45	59.27	89	57	84	95	46.66	141	119	76.15	37	40	137	47	123.05	62	142	53	108	124.08	1	106	33.18	15	22	59	128	136.06	124	23	90	150																																																																																																																																																																																														
23	44.23	91	80	122	123	20.61	114	60	5	100	27.15	70	75	125.35	29	87	98	51	133.47	91	130	104	35	106.36	44	66	50.85	11	111	82	88	99.96	108	123	117	105	6.59	148	132	113.87	93	9	111	27	123.72	26	80	124	79																																																																																																																																																																																														
116	3.24	92	98	26	54	126.96	141	144	83	11	91.75	120	52	79.95	27	26	49	122	128.41	56	10	24	29	110.85	41	141	133.95	57	53	71	145	118.76	72	57	46	3	45.51	25	18	128.22	132	44	28	126	104.04	92	129	21	144																																																																																																																																																																																														
30	111.67	141	67	84	108	66.06	139	140	114	74	91.7	6	143	20.21	111	36	61	84	53.04	16	130	7	53	32.01	141	150	134.63	70	26	13	92	99.62	90	134	132	103	20.72	33	133	85.02	22	54	95	79	79.4	62	71	34	64																																																																																																																																																																																														
145	103.6	80	71	112	70	45.72	38	19	10	7	81.75	107	89	118.77	126	141	142	148	44.43	52	89	58	55	34.67	145	122	39.51	109	32	15	142	106.85	39	87	33	39	99.63	68	76	84.27	111	119	77	78	50.4	143	11	67	145																																																																																																																																																																																														
13	104.23	56	35	44	149	149.03	94	49	68	134	75.56	89	52	126.39	48	117	27	8	42.71	145	55	108	37	99.99	55	50	82.34	117	43	12	81	2.33	39	8	8	25	137.15	119	126	110.54	74	138	18	25	74.47	5	103	3	150																																																																																																																																																																																														
52	81.68	71	8	12	66	117.43	21	52	101	35	60.29	110	47	82.27	113	36	45	95	116.07	121	122	44	89	28.96	109	71	123.64	84	57	24	76	141.84	3	22	113	113	41.79	56	90	5.32	22	37	59	81	56.88	20	52	81	119																																																																																																																																																																																														
129	51.3	20	68	54	37	60.54	91	36	66	10	142.37	90	27	96.22	149	65	121	101	67.28	104	148	16	19	117.55	46	107	146.52	35	67	73	68	123.87	32	11	1	20	114.64	117	144	121.46	75	76	72	150	122.84	9	12	129	129																																																																																																																																																																																														
94	110.13	132	62	59	138	110.59	48	28	15	17	68.87	81	28	19.08	127	61	103	73	93.43	30	99	61	20	146.46	145	18	16.66	9	110	74	117	19.74	109	36	90	130	45.98	69	69	90	94	120	62	114	54.15	65	37	35	44																																																																																																																																																																																														
39	59.82	88	15	21	113	26.34	43	127	1	45	110.62	94	107	18.16	28	146	125	19	93.96	1	66	38	97	101.17	17	126	67.17	12	71	8	38	34.4	135	116	31	72	52.55	68	37	55.18	97	128	86	36	75.52	2	119	1	132																																																																																																																																																																																														
136	33.56	8	134	20	93	17.39	4	42	95	130	89.34	103	145	92.26	148	92	37	29	35.7	12	53	23	137	91.55	18	19	128.72	6	140	47	109	58.44	148	92	83	126	130.55	146	51	59.69	59	82	85	83	13.5	138	114	57	40																																																																																																																																																																																														
111	52.02	71	70	120	130	77.36	50	22	70	15	51.79	86	43	61.5	8	23	8	127	135.57	89	98	74	118	145.87	23	134	24.19	10	35	89	37	15.39	79	137	118	22	68.53	80	53	64.05	98	4	132	100	5.08	124	129	49	79																																																																																																																																																																																														
7	58.63	89	67	34	125	129.88	115	142	113	150	103.82	1	26	92.4	81	141	135	111	42.84	27	89	22	10	107.29	147	149	133.57	50	29	127	93	115.52	13	40	42	118	105.14	75	91	89.84	82	148	71	8	100.26	123	74	35	64																																																																																																																																																																																														
116	56.81	36	46	131	98	123.54	108	141	112	102	142.17	134	141	20.64	6	64	37	133	41.39	135	113	97	129	64.98	14	3	102.17	11	90	97	144	84.89	73	137	87	91	90.44	96	141	1.75	117	52	136	117	137.05	112	85	65	129																																																																																																																																																																																														
52	43.7	30	101	48	140	83.78	42	59	90	76	69.06	28	64	83.3	37	86	28	63	19.56	70	34	138	26	82.64	74	102	13.17	100	7	64	128	29.17	138	82	80	7	80.16	121	135	18.69	28	106	60	16	95.48	49	74	50	131																																																																																																																																																																																														
2	143.8	90	35	115	13	34.96	87	130	33	88	14.63	65	7	38.47	121	115	115	86	92.96	80	77	119	95	20.57	130	128	79.67	16	125	86	73	7.61	128	80	116	27	141.74	147	25	114.26	14	37	123	121	51.45	24	7	128	93																																																																																																																																																																																														
14	52.51	121	97	17	51	114.72	126	62	74	116	86.76	24	100	119.11	102	122	123	147	63.7	89	31	73	137	87.68	3	49	30.11	140	66	49	55	94.62	85	109	125	9	11.1	73	40	30.75	71	142	29	45	33.82	10	16	76	28																																																																																																																																																																																														
20	19.72	149	76	122	10	6.11	113	51	96	17	10.27	10	126	26.21	47	75	91	7	149.37	14	53	33	53	54.85	84	62	115.56	16	128	39	32	18.48	85	147	91	41	73.57	58	44	40.17	58	21	23	120	65.17	144	43	80	75																																																																																																																																																																																														
59	78.2	103	35	66	20	77.29	129	21	48	81	3.51	12	103	32.7	145	143	45	90	59.12	124	77	38	82	77.75	13	49	67.5	89	11	126	72	40.83	84	124	50	105	59.67	52	150	55.99	23	106	139	54	17.8	130	81	139	140																																																																																																																																																																																														
53	74.34	131	69	103	59	81.15	25	10	3	75	32.12	16	25	30.78	4	27	116	7	85.26	14	124	33	93	138.44	91	138	72.16	135	62	54	72	111.06	24	49	70	122	49.49	138	134	42.01	80	75	43	17	96.31	115	131	121	87																																																																																																																																																																																														
101	90.95	94	148	36	113	71.34	95	131	106	104	98.75	54	51	55.27	100	101	126	142	28.35	75	36	148	48	26.34	145	18	126.26	62	93	77	44	12.19	74	2	3	30	149.98	50	3	73.9	137	26	46	130	86.56	57	122	21	8																																																																																																																																																																																														
110	132.01	90	108	10	73	33.74	57	122	109	88	30.53	145	92	30.14	119	73	65	38	10.64	123	109	134	85	29.41	121	51	12	131	47	102	102	8.71	50	82	11	36	80.92	150	131	81.28	98	56	45	136	123	139	45	77	147																																																																																																																																																																																														
107	67	19	78	143	33	21.5	71	1	50	106	60.45	132	18	103.84	128	86	3	67	12.72	135	72	90	141	75.53	12	51	84.48	9	31	78	39	49.42	75	121	34	116	143.56	95	109	142.6	14	90	75	11	53.55	113	78	49	115																																																																																																																																																																																														
102	37.56	68	48	76	8	18.09	86	21	12	43	113.53	42	87	80.72	121	5	94	44	23.03	78	112	15	16	130.17	9	118	149.71	61	139	61	104	75.58	47	5	94	121	77.75	83	106	68.89	65	72	66	40	7.27	38	75	105	132																																																																																																																																																																																														
79	125.15	133	104	43	52	79.29	51	121	85	130	54.55	93	82	17.41	71	2	95	137	78.21	10	116	88	51	33.86	142	50	95.5	16	150	147	89	143	47	6	9	144	104.2	11	107	80.22	6	48	79	35	22.12	107	125	149	133																																																																																																																																																																																														
84	30.52	90	92	141	123	148.4	118	128	113	64	133.01	128	64	29.83	18	103	93	98	101.93	36	119	132	3	7.72	84	132	127.67	38	23	120	43	129.61	61	8	111	93	40.92	27	103	89.49	34	18	88	6	107.63	131	117	147	135																																																																																																																																																																																														
65	9.94	100	75	19	36	77.58	142	6	52	43	64.42	67	104	40.34	87	123	45	115	134.67	114	45	88	17	69.51	83	140	14.9	9	70	150	19	32.25	74	40	146	48	1.02	38	28	47.47	65	123	118	77	132.24	35	43	19	74																																																																																																																																																																																														
81	136.08	132	25	15	11	9.82	47	130	119	63	112.92	71	36	110.77	51	121	127	127	55.01	19	25	53	129	125.34	80	43	56.64	104	34	27	20	69.36	22	130	94	62	143.71	93	33	129.18	150	69	126	113	137.17	146	17	92	107																																																																																																																																																																																														
57	64.5	24	62	56	52	83.22	55	86	9	106	50.72	127	84	63.85	128	22	32	71	134.75	89	61	133	12	67.05	102	38	122.93	130	50	69	20	148.3	103	98	82	61	26.11	61	70	149.45	20	47	108	36	19.9	33	48	140	87																																																																																																																																																																																														
80	108.81	120	37	72	6	127.04	16	115	101	114	145.53	87	134	130.25	14	133	76	61	93.08	72	39	36	14	89.12	147	77	145.82	121	49	127	121	30.4	102	133	111	46	61.71	34	123	74.16	88	48	38	91	47.56	95	105	53	126																																																																																																																																																																																														
5	34.64	7	49	1	128	140.59	91	40	90	89	127.87	9	61	20.07	117	115	19	40	37.51	23	120	16	93	21.44	96	117	63.77	63	46	3	124	32.54	120	10	130	142	94.11	50	66	146.71	41	22	68	111	80.19	21	82	37	95																																																																																																																																																																																														
7	118.16	48	149	33	20	1.13	128	69	35	62	137.67	53	104	110.65	58	127	61	112	138.68	117	129	74	94	107.67	27	32	123.2	113	97	136	29	133.52	129	118	18	118	23.63	35	144	45.36	15	107	74	77	59.85	147	68	81	6																																																																																																																																																																																														
149	83.04	55	138	82	86	121.88	127	120	138	134	36.99	3	134	45.31	141	12	127	73	144.78	131	34	85	74	37.43	146	112	142	113	137	25	1	120.34	99	117	17	23	28.71	122	150	53.71	48	85	10	65	14.33	27	98	108	64																																																																																																																																																																																														
128	94.02	79	37	150	18	46.58	75	112	132	1	35.82	133	25	104.04	135	48	124	105	89.87	141	9	58	48	125.5	53	46	31.88	13	74	25	73	102.43	107	48	45	60	20.54	134	123	139.05	22	82	3	139	92.88	87	79	25	138																																																																																																																																																																																														
108	66.89	19	122	103	15	14.36	61	107	40	25	76.23	34	98	113.34	48	57	139	10	71.26	149	3	77	31	89	129	116	98.32	82	64	56	99	130.19	138	57	51	94	2.64	74	88	28.89	123	34	5	148	95.13	80	15	38	41																																																																																																																																																																																														
1	35.09	68	49	48	26	63.33	44	109	70	131	19.02	115	38	75.75	2	42	68	19	134.37	53	142	112	128	87.63	52	31	9.26	117	48	120	30	20.65	59	124	130	45	148.33	48	35	31.17	61	106	148	135	19.5	32	128	109	110																																																																																																																																																																																														
17	114.69	118	80	104	37	40.75	125	73	150	40	107.78	81	141	119.47	17	92	15	84	140.14	124	122	139	110	108.74	149	8	82.29	77	136	2	91	53.42	130	81	39	99	13.69	15	134	71.76	139	149	36	13	66.63	129	144	28	95																																																																																																																																																																																														
24	81.83	104	118	86	100	15.29	109	47	108	9	40.26	14	16	138.98	75	32	68	38	135.88	26	33	85	5	83.58	22	74	132.11	117	89	40	22	35.9	1	113	121	43	51.94	98	106	77.86	43	85	1	97	29.76	92	53	72	64																																																																																																																																																																																														
94	16.52	127	117	125	107	133.41	11	17	23	140	110.93	88	63	11.69	103	13	69	22	18.3	106	50	39	6	145.98	89	21	28.98	22	20	36	68	138.02	50	33	66	52	46.05	50	142	57.73	19	34	120	72	49.66	7	105	114	26																																																																																																																																																																																														
61	79.59	59	17	40	80	43.62	14	111	10	62	44.27	19	60	75.91	80	100	58	100	45.15	45	86	38	3	48.33	26	133	19.62	21	32	135	141	2.54	10	46	42	138	88.06	11	117	124.61	54	25	27	12	42.79	70	135	105	137																																																																																																																																																																																														
48	109.88	18	18	106	63	116.34	58	27	128	58	117.2	107	58	3.37	14	16	104	4	72.7	143	90	104	24	138.48	137	149	149.42	132	84	115	6	106.05	6	66	128	136	2.37	24	98	14.88	53	74	136	137	70.32	40	81	137	125																																																																																																																																																																																														
113	98.38	101	86	7	60	83.99	104	21	139	111	86.6	78	85	41.78	121	99	79	89	123.57	34	70	6	62	40.2	144	25	18.47	40	87	130	9	144.14	104	39	94	16	127.89	113	54	39.33	63	92	128	7	19.08	42	15	148	55																																																																																																																																																																																														
77	18.64	69	104	45	102	105.42	122	91	98	132	132.31	123	14	112.49	99	25	11	104	75.09	21	85	116	47	106.59	125	69	26.93	105	122	150	71	57.94	96	135	8	127	99.93	69	109	119.68	133	59	45	134	68.23	109	55	61	122																																																																																																																																																																																														
85	92.32	103	54	40	149	79.39	142	36	92	49	20.94	136	100	118.75	59	61	16	57	126.46	9	143	120	89	31.85	142	148	116.07	45	118	138	53	43.61	150	110	120	94	47.27	5	103	31.96	115	83	5	132	105.14	148	65	10	20																																																																																																																																																																																														
15	127.41	11	133	33	42	70.45	91	70	104	58	49.59	90	44	13.73	28	150	150	144	17.42	137	118	108	37	62.48	49	114	77.07	150	29	3	55	123.13	54	139	67	83	31.25	100	70	42.84	7	30	110	75	55.53	100	7	116	45																																																																																																																																																																																														
44	74.41	33	81	49	131	78.94	125	43	30	67	53.73	5	99	138.97	10	43	26	104	130.7	120	128	123	81	147.88	71	50	71.09	82	27	129	83	31.65	28	135	132	28	41.63	2	98	127.23	135	89	129	125	142.49	99	136	36	116																																																																																																																																																																																														
93	140.72	121	109	146	40	41.6	125	136	81	135	95.72	6	25	140.84	134	61	142	53	99.37	110	93	29	66	44.84	59	149	68.02	46	5	115	127	35.22	77	8	73	56	102.47	2	125	81.13	113	85	120	97	110.68	150	11	51	123																																																																																																																																																																																														
51	104.99	64	144	115	64	45.12	25	29	29	46	95.18	56	87	97.08	38	139	145	93	110.28	34	43	108	78	83.52	12	53	71.08	73	32	110	84	50.72	105	41	32	20	56	74	65	33.52	27	94	36	111	23.02	93	52	95	45																																																																																																																																																																																														
114	107.01	80	123	32	34	105.57	137	2	138	83	35	62	144	53.81	73	129	75	22	143.68	35	99	43	33	126.87	77	53	119.78	48	17	39	88	51.86	26	12	7	135	38.68	84	31	80.92	101	81	11	106	116.25	96	79	145	109																																																																																																																																																																																														
147	115.83	96	60	42	88	148.63	125	96	117	143	122.64	121	116	36.51	76	91	78	98	93.81	141	5	134	84	51.24	100	95	19.29	77	142	139	18	130.05	36	68	102	75	47.85	51	122	22.52	40	93	74	56	7.56	128	150	60	150																																																																																																																																																																																														
103	116.64	59	109	75	133	96.65	133	100	85	11	141.72	149	84	60.44	118	149	134	121	11.38	102	124	24	46	71.49	48	69	10.93	15	96	110	58	68.51	145	70	25	150	91.88	124	39	36.39	95	29	109	121	90.57	60	132	116	53																																																																																																																																																																																														
2	55.2	84	42	27	33	54.52	51	85	28	64	138.63	128	81	47.47	71	27	136	109	125.43	50	143	3	38	93.44	49	81	24.27	36	125	72	52	89.33	33	104	86	29	144.49	79	147	71.9	88	89	135	118	80.91	97	34	17	41																																																																																																																																																																																														
135	24.5	105	50	116	28	140.15	40	118	128	27	86.39	60	56	128.7	84	38	82	47	12.37	132	37	16	123	25.53	97	28	91.02	105	134	123	138	5.6	99	10	23	110	28.57	129	62	79.54	53	10	85	108	140.24	25	67	58	105																																																																																																																																																																																														
13	75.26	84	77	53	131	34.94	20	56	81	10	119.02	55	34	90.84	113	37	114	122	142.64	13	94	128	34	97.75	48	69	48.05	12	47	21	89	72.85	94	142	120	12	14.7	42	120	66.8	6	19	38	105	44.66	84	39	13	34																																																																																																																																																																																														
24	46.69	30	75	85	138	6.52	104	4	143	59	22.79	18	62	33.47	75	40	144	66	44.5	146	113	87	11	71.61	112	129	8.38	24	141	35	103	141.31	134	137	141	57	73.78	97	43	18.43	145	41	142	87	47.7	96	60	18	108																																																																																																																																																																																														
89	8.34	106	82	71	32	81.76	133	96	122	141	118.26	124	56	62.77	32	40	53	35	69.43	103	21	52	15	26.62	117	41	147.95	71	127	57	61	59.73	101	150	75	39	62.65	29	33	127.67	19	126	132	59	91.88	79	71	35	149																																																																																																																																																																																														
94	89.3	36	150	117	140	71.62	39	1	91	43	103.29	53	49	97.25	47	47	137	62	35.58	66	70	74	36	95.82	126	134	25.34	133	117	99	94	96.98	93	96	31	17	128.61	55	14	14.25	148	110	113	118	18.51	100	86	64	28																																																																																																																																																																																														
34	125.42	35	116	42	21	83.64	99	99	131	110	79.31	116	68	121.89	79	107	149	109	75.9	20	23	1	103	18.68	101	146	100.11	70	51	136	22	12.79	15	145	128	18	36.02	100	72	44.36	87	59	93	108	76.98	65	43	38	132																																																																																																																																																																																														
138	113.32	84	45	83	1	148.76	146	145	103	83	131.13	14	53	80	114	113	134	48	86.52	88	125	130	39	89.4	61	32	137.13	131	108	64	53	32.7	62	146	33	93	97.22	23	69	71.59	89	63	58	24	98.81	31	139	18	47																																																																																																																																																																																														
51	56.89	112	42	86	8	10.82	20	90	90	7	99.42	123	104	27.24	105	67	111	47	138.54	137	50	115	6	114.3	12	139	122.35	73	116	119	73	10.68	146	97	120	97	60.81	88	122	124.7	9	127	33	129	103.1	3	39	27	30																																																																																																																																																																																														
144	16.48	109	79	76	73	104.23	75	47	31	118	78.22	93	129	126.4	145	123	29	94	122.33	127	8	72	38	141.88	86	119	56.94	133	67	1	148	101.75	95	61	104	32	139.02	67	4	113.1	105	123	54	13	58.27	144	143	59	72																																																																																																																																																																																														
97	2.34	89	124	53	84	97.71	133	143	116	59	72.34	88	145	118.83	110	25	124	143	92.18	89	71	40	142	80.59	31	30	8.59	24	105	53	65	136.43	45	130	70	51	69.69	104	23	25.7	48	56	34	63	124.44	115	3	118	70																																																																																																																																																																																														
128	34.41	83	132	106	150	33.13	13	137	40	41	120.52	135	130	76.97	143	86	64	90	145.93	109	87	124	22	114.59	2	82	71.61	54	99	96	111	98.02	58	54	68	127	17.04	13	24	32.06	30	34	2	4	45.54	74	49	50	113																																																																																																																																																																																														
40	94.98	21	39	145	57	135.33	70	77	101	139	4.68	72	92	36.97	105	64	48	58	66.03	31	117	75	67	81.27	45	63	98.85	40	77	69	45	4.24	37	94	60	108	134.82	14	107	124.94	67	82	78	101	103.41	3	10	110	150																																																																																																																																																																																														
75	22.83	83	30	111	55	118.62	45	142	35	26	93.12	35	130	112.54	37	17	48	62	42.77	97	9	19	116	48.52	44	45	95.79	107	42	78	28	31.47	60	35	15	8	48.5	123	110	29.42	100	126	123	26	117.77	88	150	50	59																																																																																																																																																																																														
126	68.26	30	20	128	18	101.91	68	28	37	21	56.4	148	95	85.56	68	93	3	32	123.75	82	18	130	3	106.77	67	19	106.56	139	25	136	114	53.28	23	53	104	18	37.27	143	40	132.28	43	114	4	74	80.63	74	49	78	131																																																																																																																																																																																														
130	135.83	11	28	58	92	24.88	23	21	139	122	28.59	16	132	23.43	26	112	18	3	98.64	2	49	16	22	2.35	31	107	127.51	17	20	76	123	71.53	100	93	24	83	35.23	14	115	122.53	90	137	67	31	149.59	19	144	14	84																																																																																																																																																																																														
64	148.94	139	6	59	108	37.15	61	18	7	64	141.76	3	130	14.38	121	41	96	62	102.78	62	81	112	47	106.11	129	85	10.48	105	128	75	60	12.63	106	124	17	1	53.59	62	3	112.34	85	119	16	17	6.22	7	76	116	11																																																																																																																																																																																														
22	33.73	124	73	144	89	37.98	93	113	56	141	37.66	146	28	26.71	123	75	85	16	133.32	101	133	52	75	73.94	71	15	143.63	85	88	97	130	2.12	65	6	13	17	4.65	38	49	88.73	75	69	98	111	141.6	66	15	134	112																																																																																																																																																																																														
111	147.86	71	4	112	116	53.59	71	120	50	67	8.49	54	55	146.32	65	145	40	103	41.5	93	65	64	41	33.92	139	150	104.51	73	59	81	11	7.52	34	102	59	147	130.06	121	100	19.3	59	58	101	12	105.44	121	49	6	38																																																																																																																																																																																														
96	104.65	53	23	81	17	25.23	11	12	43	137	92.49	101	17	140.97	80	1	117	50	143.9	89	101	120	44	89.34	128	97	49.68	50	83	24	22	104.8	122	29	37	46	117.07	121	44	65.81	79	1	50	94	111.96	72	24	109	12																																																																																																																																																																																														
82	28.36	95	86	149	91	48.94	91	76	5	25	149.88	36	79	130.02	38	111	132	142	42.39	72	14	49	92	50.21	25	12	98.84	146	16	147	18	100.09	146	99	145	122	25.12	87	30	62.89	105	119	92	131	3.71	58	150	118	71																																																																																																																																																																																														
49	137.36	125	88	24	150	132.39	112	1	48	45	44.26	69	26	129.5	119	111	93	109	75.72	15	60	41	113	95.94	31	21	77.27	49	78	57	100	7.95	61	134	75	41	22.67	31	29	41.29	109	46	73	138	76.79	28	86	43	28																																																																																																																																																																																														
116	36.04	73	89	136	80	85.98	65	58	96	26	39.21	67	28	44.27	141	95	10	84	22.28	115	53	57	105	119.55	22	36	65.67	54	130	46	64	105.26	56	80	28	134	33.72	46	102	78.8	101	102	65	57	71.39	72	69	10	69																																																																																																																																																																																														
47	107.87	50	36	137	139	114.67	141	128	111	38	27.59	54	51	32.37	33	124	67	8	42.82	110	143	3	121	82.68	103	13	39.19	15	133	14	65	114.89	13	27	6	96	147.64	10	12	125.42	33	3	22	29	71.09	47	108	150	80																																																																																																																																																																																														
69	45.1	25	30	143	62	135.16	10	85	91	47	1.05	114	150	109.54	143	44	138	109	17.07	149	52	62	84	148.79	67	55	40.37	126	46	81	141	148.56	113	125	132	34	98.22	31	145	3.46	95	58	58	93	145.31	103	111	115	145																																																																																																																																																																																														
44	35.51	26	125	63	133	48.33	18	76	126	89	51.34	14	28	46.39	38	141	9	87	128.92	22	57	132	89	134.17	65	94	67.3	40	95	103	90	142.17	83	146	101	120	84.31	133	123	17.48	29	58	150	62	111.56	60	110	57	93																																																																																																																																																																																														
145	43.69	5	46	54	81	87.46	35	114	68	48	51.42	107	118	67.55	133	137	104	118	124	121	124	90	85	109.08	2	91	126.31	46	132	83	121	20.57	78	149	147	96	83.36	76	109	86.36	75	67	24	35	16.08	64	115	39	6																																																																																																																																																																																														
55	75.47	19	33	45	72	148.5	74	52	118	18	46.32	61	10	106.64	38	37	47	16	41.9	47	107	130	4	99.08	35	123	94.42	1	77	138	121	22.26	38	8	9	131	18.38	123	63	144.93	23	129	104	3	33.71	132	8	106	31																																																																																																																																																																																														
27	101.98	89	53	142	10	69.45	54	134	106	64	23.38	110	51	121.19	1	68	31	70	135.3	61	58	12	100	47.86	138	108	49.5	74	31	78	134	137.72	93	38	136	93	112.36	98	83	95.32	140	65	150	103	55.61	147	67	135	6																																																																																																																																																																																														
150	128.03	121	28	53	106	72.25	58	47	149	10	117.9	145	52	146.61	121	95	86	61	118.84	48	27	71	61	33.72	111	133	99.52	44	44	24	67	24.74	7	17	15	142	77.21	89	22	121.13	94	127	24	74	7.95	93	3	133	110																																																																																																																																																																																														
41	64.75	86	43	127	110	32.68	67	107	43	94	111.89	50	46	96.69	62	20	75	42	85.29	77	16	14	89	141.43	57	41	128.59	70	4	149	131	74.64	95	36	62	24	118.66	34	97	104.68	23	77	74	48	92.43	44	141	38	13																																																																																																																																																																																														
62	64.13	66	16	94	23	77.53	18	88	57	112	134.76	35	9	39.04	136	127	56	68	122.09	35	84	96	26	98.15	52	124	39.22	74	123	93	41	49.54	100	13	122	111	46.99	93	72	68.25	132	101	142	113	51.07	28	89	36	93																																																																																																																																																																																														
141	59.19	92	62	87	107	80.71	87	22	55	47	22.81	121	95	49.37	6	110	47	82	123.94	24	139	15	55	121.05	59	79	50.38	105	20	34	144	18.59	25	73	21	101	57.44	8	14	95.77	142	23	89	47	91.28	1	115	34	120																																																																																																																																																																																														
94	16.85	119	115	112	149	74.52	50	69	133	8	40.83	96	100	54.41	112	148	37	60	61.48	48	56	1	113	50.87	48	97	65.03	131	108	4	109	99.96	38	64	135	59	59.97	58	128	138.48	147	95	6	22	34.27	128	112	136	54																																																																																																																																																																																														
5	44.93	45	82	34	71	126.73	78	71	112	102	44.48	37	132	81.89	78	99	68	51	15.55	6	35	126	92	117.57	18	115	118.49	41	20	56	99	30.07	22	52	67	46	14.19	14	32	100.18	28	133	58	30	11.8	130	64	55	149																																																																																																																																																																																														
149	8.11	63	39	93	63	42.21	46	93	31	6	85.3	97	106	29.36	129	107	94	142	76.9	52	135	8	119	136.77	33	68	84.25	84	68	100	30	42.63	125	90	119	105	55.02	109	51	89.39	41	148	22	47	108.44	147	91	34	78																																																																																																																																																																																														
80	142.06	39	146	76	144	147.81	2	102	123	12	6.34	107	144	45.94	17	128	10	5	11.08	36	60	54	146	104.57	123	45	137.8	78	74	149	93	67.23	128	130	15	130	85.91	118	12	80.32	15	74	42	106	29.55	105	149	110	69																																																																																																																																																																																														
104	134.28	122	144	119	112	31.93	92	107	6	96	90.77	74	129	59.6	129	61	63	29	127.1	27	36	56	8	16.54	131	25	12.33	125	66	102	110	74.99	81	98	63	144	28.94	76	16	144.72	20	33	132	3	26.63	44	107	124	15																																																																																																																																																																																														
17	110.28	129	72	127	99	23.03	48	19	53	10	43.75	23	81	80.75	25	147	33	108	126.8	145	91	18	56	149.95	57	20	98.98	28	86	36	92	17.03	123	16	136	90	48.19	145	66	52.27	97	124	88	60	41.01	148	123	8	120																																																																																																																																																																																														
48	62.1	104	55	40	92	91.92	150	70	36	57	67.67	137	80	116.73	47	1	93	122	66.51	26	93	97	17	87.56	32	111	18.46	138	23	60	27	3.09	1	15	74	128	25.92	34	98	37.33	123	64	128	41	70.67	46	82	105	20																																																																																																																																																																																														
73	29.29	57	81	26	74	10.72	34	37	33	140	80.38	124	124	18.48	135	126	128	140	135.15	149	23	136	149	52.32	123	149	8.91	124	114	62	148	66.09	65	83	111	131	129.13	93	94	110.62	79	15	59	133	21.27	95	145	9	35																																																																																																																																																																																														
67	6.86	118	132	30	25	66.83	19	58	131	56	143.44	14	108	68.88	74	5	42	102	62.92	84	12	128	127	30.18	149	78	16.56	57	8	11	23	107.76	3	91	105	68	74.31	150	129	139.95	84	91	108	79	103.98	93	78	12	125																																																																																																																																																																																														
83	96.14	85	36	91	71	136.56	67	132	86	103	133.65	60	98	56.05	71	30	139	22	87.45	87	62	102	88	83.84	82	42	79.9	110	89	55	51	93.97	136	55	20	128	21.43	77	42	35.22	123	79	42	135	115.07	125	24	64	105																																																																																																																																																																																														
24	59.08	86	33	96	4	44.81	121	52	62	114	29.77	54	113	10.01	146	21	10	41	77.72	105	147	26	7	148.05	70	30	123.45	88	61	59	102	35.98	49	111	117	22	93.9	111	35	65.63	68	132	26	130	15.09	56	27	29	133																																																																																																																																																																																														
24	15.27	111	118	76	46	33.64	61	117	34	126	134.74	133	65	59.9	9	132	18	147	139.31	120	42	11	4	37.6	76	140	142.62	68	121	25	55	42.52	12	76	129	98	105.63	113	80	54.36	98	42	67	61	6.52	102	136	45	76																																																																																																																																																																																														
140	65.11	52	28	143	144	68.01	55	88	145	109	138.28	85	28	109.69	38	124	65	150	6.05	117	98	102	120	12.23	66	139	28.22	101	91	121	52	124.69	127	22	16	4	118.46	43	43	54.74	103	22	102	71	47.61	48	19	79	70																																																																																																																																																																																														
128	39.87	80	79	21	49	1.08	41	149	74	83	46.28	12	122	104.67	15	25	134	77	136.21	138	149	108	140	92.25	52	138	117	41	103	28	128	128.83	135	45	125	134	59.77	136	149	61.34	67	108	116	103	60.8	51	133	6	6																																																																																																																																																																																														
71	149.88	24	39	112	139	138.68	102	88	80	76	124.72	82	39	76.24	11	54	114	31	57.9	143	5	30	12	109.43	101	4	139.56	119	107	113	87	103.55	14	118	55	32	44.96	74	128	37.15	73	95	70	71	65.92	58	107	37	34																																																																																																																																																																																														
124	137.96	147	48	99	19	118.68	60	67	125	33	134.05	132	93	148.26	39	88	49	128	115.8	82	142	24	123	78.98	11	85	11.92	112	46	28	118	140.47	28	79	31	48	93.05	125	41	70.33	107	101	23	125	135.17	103	150	87	7																																																																																																																																																																																														
64	128.08	147	132	123	89	71.29	128	41	30	129	31.2	128	26	55.92	143	126	83	6	76.21	105	103	89	105	21.52	44	139	141.57	17	96	79	17	144.65	30	36	105	65	19.67	139	114	25.17	91	32	31	27	37.69	39	115	63	80																																																																																																																																																																																														
45	51.47	99	96	96	123	56.3	74	95	63	29	75.59	49	83	134.03	23	126	88	57	57.5	26	118	90	63	134.21	125	76	120.18	146	53	9	112	43.03	28	30	15	139	64.43	15	4	135.46	17	107	85	60	113.73	134	124	75	71																																																																																																																																																																																														
115	15.15	105	116	140	130	36.16	76	107	68	111	3.64	62	57	39.3	117	21	108	38	21.93	25	8	85	115	78.47	73	149	12.06	102	38	128	24	119.49	100	75	68	75	74.9	37	104	77.44	47	76	41	4	28.38	98	150	129	138																																																																																																																																																																																														
34	50.96	111	19	53	35	41.8	54	41	150	93	91.42	68	3	92.94	94	33	110	46	75.68	63	31	7	105	119.82	64	92	71.55	16	42	75	6	12.06	30	77	67	57	92.87	17	49	79.66	47	132	44	15	136.32	98	37	118	25																																																																																																																																																																																														
136	114.17	126	40	9	37	80.89	98	35	6	17	58.95	81	83	64.13	144	124	7	23	144.19	68	60	79	15	75.21	100	43	119.76	70	44	91	96	18.16	39	111	113	53	129.07	89	62	64.53	34	9	44	73	107	94	89	106	98																																																																																																																																																																																														
122	12.14	41	96	17	53	119.7	60	83	28	59	105.87	92	53	113.39	84	88	44	68	15.39	134	126	19	143	36.45	86	58	64.21	95	51	82	80	9.9	82	128	11	135	46.27	65	77	12.18	61	127	63	2	18.9	114	14	3	150																																																																																																																																																																																														
13	39.17	113	89	66	32	85.05	72	44	126	48	113.88	146	28	73.22	118	85	117	22	32.02	74	46	52	103	115.82	135	71	3.66	52	14	44	63	142.75	89	102	111	21	79.18	136	94	120.07	119	150	9	102	133.84	44	27	121	30																																																																																																																																																																																														
117	32.19	128	103	7	99	46.13	92	94	14	50	57.47	31	62	38.28	131	56	70	108	28.96	131	23	95	60	83.2	22	114	47.42	34	19	52	68	39.71	37	131	32	122	100.59	79	41	13.12	101	25	35	5	42.75	4	137	100	28																																																																																																																																																																																														
139	110.45	72	72	68	51	53.46	70	89	80	88	84.52	137	35	88.87	87	14	89	85	140.84	117	21	120	46	149.02	36	66	70.2	129	2	131	133	50.45	4	95	71	72	90.95	33	34	113.61	78	81	82	47	146.1	103	37	20	42																																																																																																																																																																																														
49	124.61	5	63	90	132	127.55	7	64	69	148	64.41	3	59	90.38	92	100	18	23	74.97	141	83	112	99	57.63	99	1	144.58	131	94	101	99	91.76	141	69	22	53	29.34	33	47	111.81	106	81	72	55	76.25	26	148	106	84																																																																																																																																																																																														
36	84.51	119	3	14	150	121.72	91	133	120	129	62.5	24	29	102.54	82	44	43	148	54.4	126	22	14	32	84.47	25	148	5.66	17	132	4	61	97.72	33	46	47	73	64.18	49	76	94.5	98	115	35	28	37.72	26	25	5	24																																																																																																																																																																																														
104	84.25	119	39	41	20	66.36	111	56	147	39	128.06	92	136	70	35	62	102	47	94.22	149	34	15	110	135.51	126	5	20.35	107	75	74	33	25.75	141	134	62	137	80.82	103	51	106.25	52	41	112	3	1.03	54	135	23	143																																																																																																																																																																																														
79	37.89	89	53	32	76	45.86	89	109	25	18	34.45	4	128	25.18	111	99	8	10	11.04	11	23	21	94	122.13	77	27	121.84	7	114	5	103	38.18	84	127	114	107	30.25	48	111	130.08	18	50	19	28	12.48	35	97	143	115																																																																																																																																																																																														
5	38.76	121	67	5	65	27.47	8	75	71	10	140.01	149	83	134.16	131	139	117	28	106.38	88	125	123	65	112.17	50	9	103.2	27	52	125	127	128.94	55	33	121	68	19.27	14	138	70.28	91	135	146	99	13.85	32	79	56	97																																																																																																																																																																																														
28	89.7	2	98	120	9	44.42	45	110	129	107	73.46	129	120	108.41	88	66	137	134	7.42	9	119	110	10	38.39	36	132	90.56	138	45	106	15	20.88	136	66	146	113	76.22	139	87	31.34	17	55	64	68	88.33	115	128	70	102																																																																																																																																																																																														
56	25.77	120	107	51	92	114.11	44	22	21	147	62.94	99	148	47.04	39	35	52	78	147.86	43	125	3	66	124.18	115	39	42.23	96	31	34	41	102.73	63	28	75	135	81.92	53	94	77.94	106	93	121	112	116.89	134	131	64	140																																																																																																																																																																																														
7	15.97	68	8	20	150	6.25	39	51	129	102	60.54	141	10	63.5	42	69	66	146	116.57	55	52	108	55	103.91	133	118	108.6	37	64	115	115	118.98	6	35	5	41	141.12	112	88	127.77	116	38	73	125	149.73	30	23	75	54																																																																																																																																																																																														
38	75.57	55	59	14	71	145.04	80	83	65	14	19.12	38	96	34.62	58	45	33	73	113.5	40	141	110	111	71.53	82	147	4.45	9	8	59	16	37.98	142	109	93	51	56.82	76	56	110.94	29	50	142	81	105.54	47	1	141	14																																																																																																																																																																																														
132	146.79	132	13	115	105	110.93	17	131	139	20	76.7	62	4	28.56	86	149	124	74	94.62	138	50	55	144	23.11	85	116	83.93	116	38	29	8	57.38	53	93	106	65	79.55	14	70	108.5	106	77	47	146	65.67	56	58	41	61																																																																																																																																																																																														
6	28.58	127	106	58	55	135.39	83	146	44	116	121.96	71	38	77.46	70	81	127	95	133.91	89	72	2	16	31.64	67	46	80.57	126	49	136	25	86.64	132	144	145	67	47	112	82	91.75	27	143	112	47	64.16	25	100	125	147																																																																																																																																																																																														
96	65.42	147	35	48	117	33.18	74	91	56	89	113.22	70	96	109.42	137	35	102	65	77.15	129	75	21	36	73.78	20	41	44.62	114	65	93	135	105.19	48	13	3	27	73.15	124	67	99.48	47	35	28	42	64.65	2	24	13	59																																																																																																																																																																																														
123	20.37	51	31	106	81	101.98	122	75	56	124	106.22	45	4	89.14	71	124	108	117	45.99	119	23	103	118	15.76	41	135	34.41	128	21	103	1	29.35	24	87	100	75	56.4	19	37	35.6	18	94	54	75	9.82	107	103	88	67																																																																																																																																																																																														
149	9.56	32	24	87	22	95.92	44	43	88	125	78.17	124	60	97.8	32	107	137	7	99.35	132	73	88	37	74.69	80	42	30.8	9	91	138	92	139.51	108	126	28	122	58.35	119	6	15.99	107	83	77	8	16.86	9	62	130	43																																																																																																																																																																																														
130	11.23	43	111	59	137	133.59	39	145	13	21	142.45	41	52	127.77	91	134	125	44	12.37	140	116	87	33	114.28	126	132	126.33	68	149	36	109	17.18	148	100	91	115	39.96	131	89	107.3	12	136	107	39	97.72	88	34	72	23																																																																																																																																																																																														
131	135.72	104	122	54	102	93.73	23	40	117	62	108.51	95	80	13.42	71	88	139	75	32.27	24	109	81	65	143.93	45	141	86.26	37	129	106	127	116.05	110	144	111	25	73.98	6	22	93.18	143	20	113	47	86.54	10	150	146	22																																																																																																																																																																																														
126	5.06	138	125	121	96	148.84	95	121	126	67	73.06	90	112	92.74	134	85	70	65	59.44	80	96	28	14	34.11	104	101	144.31	134	133	27	37	64.36	47	120	120	71	87.56	95	150	58.46	142	62	48	134	91.53	14	75	74	43																																																																																																																																																																																														
6	91.35	86	134	21	13	49.82	73	143	21	80	115.4	13	63	111.07	17	21	90	123	123	77	131	105	85	48.77	93	65	51.84	40	14	66	91	4.26	35	126	48	51	141.11	52	63	27.22	110	141	52	100	82.04	145	40	82	80																																																																																																																																																																																														
59	17.54	6	11	142	39	125.84	120	22	42	123	67.36	34	101	58.12	82	126	82	126	65.95	128	109	141	139	81.86	137	113	34.47	50	116	76	81	138.08	16	108	105	98	143.63	49	25	120.04	140	60	137	14	30.27	22	97	126	58																																																																																																																																																																																														
45	76.67	26	15	131	10	65.32	25	58	110	56	106.97	31	43	109.9	145	39	2	119	68.62	115	114	140	15	21.41	31	82	108.26	7	81	25	47	53.71	4	141	133	72	61.25	99	95	122.58	134	13	67	46	141.14	150	131	11	3																																																																																																																																																																																														
113	117.79	11	9	68	129	102.13	101	14	27	57	29.48	131	85	35.43	146	30	132	58	129.86	110	120	102	92	95.66	77	7	58.38	109	145	78	131	111.39	147	6	141	61	102.58	60	139	147.41	41	12	134	55	75.92	109	71	32	109																																																																																																																																																																																														
87	18	12	108	50	2	47.16	82	20	146	54	28.6	8	87	146.96	68	88	109	49	144.08	40	68	67	3	138.12	142	71	107.27	72	6	69	120	146.42	56	145	134	89	47.16	82	143	105.66	22	91	136	87	124.1	42	148	66	92																																																																																																																																																																																														
86	147.15	42	45	64	70	102.22	110	95	98	99	88.48	96	147	28.84	132	148	36	77	19.32	143	111	42	21	59.94	80	72	74.63	77	52	129	78	90.58	55	86	44	36	123.18	143	40	73.73	123	21	138	104	21.28	117	106	123	111																																																																																																																																																																																														
125	141.41	129	2	143	6	123.94	134	96	9	39	105.93	127	138	68.34	92	41	149	63	16.01	28	31	137	136	143.21	91	75	14.58	62	147	51	16	22.56	59	13	137	111	20.62	129	63	131.6	122	94	139	81	124.14	37	64	15	11																																																																																																																																																																																														
52	73.85	73	100	2	126	25.73	130	46	60	88	134.36	150	41	132.92	47	33	118	139	25.43	113	2	13	64	86.89	16	87	106.28	124	96	111	6	130.68	86	88	112	119	57.13	40	113	22.77	139	133	2	73	119.11	51	109	86	73																																																																																																																																																																																														
140	20.93	119	102	69	84	55.47	55	42	96	20	75.3	43	113	95.5	101	43	36	107	94.37	25	91	55	39	128.28	110	78	63.86	7	97	34	94	98.32	26	118	65	101	108.85	52	141	118.75	96	150	95	39	81.03	23	85	82	47																																																																																																																																																																																														
23	75.77	121	129	146	44	14.84	100	120	48	146	44.92	150	71	106.85	7	122	51	47	2.73	85	96	4	150	78.23	115	113	59.11	106	85	137	78	128.12	137	92	106	117	144.41	100	104	122.54	41	13	135	149	96.86	46	110	11	107																																																																																																																																																																																														
26	149.01	44	116	95	126	118.82	42	8	43	7	99.31	140	47	75.59	32	47	46	73	104.42	109	62	70	101	99.63	150	136	33.59	148	57	20	118	46.62	104	37	10	4	93.2	142	146	120.69	45	127	146	81	126.89	59	139	9	119																																																																																																																																																																																														
108	43.67	113	129	129	77	11.27	134	133	91	9	149.24	68	21	121.47	4	130	128	25	142.95	78	148	2	91	113.11	27	34	84.01	27	105	103	47	19.6	135	114	56	3	16.65	76	80	116.18	1	148	102	36	148.52	95	32	50	128																																																																																																																																																																																														
111	124.96	8	36	23	37	25.48	29	35	19	44	80.31	135	110	1.43	129	66	23	9	56.35	109	104	22	133	26.46	24	50	24.06	39	15	75	30	64.47	77	13	111	85	65.07	112	35	147.11	10	56	48	107	48.94	12	97	53	101																																																																																																																																																																																														
134	82.58	42	104	68	10	16.51	34	64	105	130	124.78	60	67	32.95	50	45	41	111	134.43	88	77	75	138	57.34	116	133	33.19	60	138	5	74	1.33	16	121	109	125	15.91	98	117	31.98	54	111	147	21	60.9	99	39	78	138																																																																																																																																																																																														
125	75.89	75	104	61	8	123.18	111	109	80	13	24.36	1	109	3.25	137	94	116	140	82.93	119	93	144	32	99.69	49	128	35.29	141	98	77	55	132.12	62	121	128	146	15.08	105	82	144.22	89	84	60	146	54.35	78	134	69	141																																																																																																																																																																																														
82	89.96	91	113	133	56	72.4	71	99	135	89	76.06	122	94	20.94	31	45	20	150	29.5	135	149	83	139	22.08	60	103	119.11	26	105	4	129	125.09	148	53	67	145	103.47	102	102	52.07	82	102	38	145	143.65	34	134	106	36																																																																																																																																																																																														
126	43.06	94	123	149	77	8.44	56	90	83	86	64.16	86	67	100.77	59	53	37	80	70.81	98	68	49	27	57.99	97	64	7.8	144	47	11	2	60.94	37	55	132	63	42.02	83	28	142.01	104	117	74	44	79.57	40	56	39	106																																																																																																																																																																																														
6	91.19	75	9	79	43	122.06	141	33	49	29	14.01	25	112	80.11	143	55	91	71	55.93	40	50	64	50	77.42	46	46	7.47	104	117	86	134	124.9	46	119	62	92	101.8	92	134	132.16	28	36	56	49	111.89	25	49	133	125																																																																																																																																																																																														
68	103.24	116	111	49	103	133.76	53	68	110	45	80.19	110	6	85.94	83	61	81	10	5.09	13	107	4	57	90.68	7	114	144.22	19	42	16	6	76.72	25	127	98	120	120.61	74	117	128.21	60	61	47	112	62.2	2	105	18	39																																																																																																																																																																																														
75	72.94	110	137	106	107	61.28	67	114	90	104	22.15	1	143	42.5	3	50	41	61	119.64	131	24	27	7	128.72	135	144	19.7	5	143	102	90	98.03	119	73	127	93	115.91	56	131	115.85	52	44	46	67	143.11	95	80	70	105																																																																																																																																																																																														
40	105.76	125	49	59	115	82.48	62	24	41	142	111.08	143	117	57.25	40	110	19	47	93.56	90	42	130	77	83.16	22	52	137.78	118	13	80	19	34.1	150	73	70	47	15.78	5	65	98.75	72	22	55	4	77.26	96	144	37	37																																																																																																																																																																																														
48	15.25	91	75	63	133	46.71	52	146	146	64	31.84	61	134	54.09	21	11	135	6	125.81	139	42	2	32	140.07	119	81	110.93	127	84	128	43	68.53	32	28	81	119	105.5	22	18	115.12	100	71	51	139	35.41	114	141	95	131																																																																																																																																																																																														
141	145.69	100	141	107	68	83.2	87	147	50	32	80.65	127	78	120.28	14	93	14	108	39.9	86	69	12	9	79.83	113	122	29.78	22	43	84	13	7.71	30	138	7	91	37.56	58	135	76.53	141	145	85	65	21.14	59	93	37	112																																																																																																																																																																																														
144	112.61	79	88	17	9	81.59	134	116	43	97	118.87	13	65	52.11	130	83	55	128	7.6	96	113	70	25	81.99	7	77	34.23	3	15	103	65	122.06	80	37	51	71	10.04	114	37	86.83	77	143	73	93	15.84	122	34	127	65																																																																																																																																																																																														
21	26.75	127	78	142	116	94.25	94	16	107	5	138.16	82	49	149.47	138	111	84	41	51.24	22	135	98	58	102.74	85	50	68.01	99	7	133	23	120.93	86	101	78	91	8.79	55	77	42.89	142	118	36	52	72.98	69	83	84	50																																																																																																																																																																																														
72	64.98	71	113	3	132	14.91	46	31	9	64	30.72	23	116	11.95	27	76	116	41	49.06	97	36	32	79	137.41	148	68	56.92	54	71	142	8	25.09	45	50	27	118	36.51	24	57	132.99	33	129	23	33	60.07	75	3	34	4																																																																																																																																																																																														
57	145.44	58	61	91	61	124.17	141	119	136	99	26.64	54	59	107.01	21	23	21	102	73.08	30	111	79	119	127.63	65	142	127.72	130	128	13	4	15.93	102	91	20	122	11.72	115	103	65.75	2	133	36	116	62.02	44	79	143	82																																																																																																																																																																																														
69	43.22	35	11	122	85	94.67	59	54	43	51	112.22	104	22	43.46	53	31	43	93	132.79	43	39	38	36	27.1	75	77	28.14	134	137	118	126	142.55	18	87	128	81	19.32	107	25	122.35	78	30	90	118	16.25	69	17	63	67																																																																																																																																																																																														
24	120.47	72	132	134	142	34.62	41	42	25	81	25.28	65	124	131.45	90	18	46	48	24.82	33	90	76	17	17.46	147	65	26.81	33	38	77	45	113.78	58	108	19	74	117.18	85	57	123.88	65	85	47	88	101.06	104	65	59	7																																																																																																																																																																																														
101	77.35	79	13	108	30	132.32	66	138	105	29	92.68	76	22	47.64	29	95	22	79	119.47	119	42	132	2	86.89	61	22	37.15	35	39	106	86	139.94	130	28	19	107	32.1	37	64	52.04	134	76	15	113	45.62	19	51	96	90																																																																																																																																																																																														
40	89.77	135	147	61	112	18.54	109	127	25	73	57.91	109	52	76.89	149	6	68	87	34.5	90	83	130	138	23.52	39	70	58.22	90	18	79	32	94.4	18	65	119	41	8.23	146	68	22.27	90	125	113	80	100.5	142	20	99	136																																																																																																																																																																																														
104	56.05	42	135	50	93	9.62	110	51	106	86	4.44	57	76	21.06	98	113	56	11	144.54	34	45	95	76	65.17	40	119	103.01	140	104	40	88	54.96	139	50	51	110	13.58	124	133	116.23	17	127	59	45	118.2	73	87	5	141																																																																																																																																																																																														
132	18.44	136	142	75	62	5.51	70	13	24	50	53.69	28	10	42.26	68	5	53	122	128.73	59	48	140	50	124.1	90	86	13.71	39	27	1	12	104.72	79	5	46	90	126.58	125	24	38.42	78	92	22	1	24.6	51	64	24	94																																																																																																																																																																																														
142	64.79	93	13	108	93	72.54	88	56	24	44	115.65	96	109	90.35	121	66	45	65	103.54	5	61	126	83	93.13	82	50	121.16	149	43	4	64	12.86	117	99	87	44	18.9	122	111	6.21	137	81	18	124	20.46	48	6	57	86																																																																																																																																																																																														
137	76.45	87	15	12	90	73.77	14	98	48	93	24.2	128	13	104.86	69	29	114	78	139.16	80	109	20	65	11.4	39	5	145.24	35	104	29	40	130.04	72	53	44	66	97.82	33	143	71.73	89	57	104	46	104.92	141	67	67	147																																																																																																																																																																																														
29	44.77	140	95	37	123	77.7	13	59	57	27	139.44	34	139	74.54	2	38	130	14	94.82	91	44	64	128	145.8	91	7	142.1	142	133	87	66	82.49	40	117	13	9	43.24	135	88	15.49	92	129	85	12	84.45	77	7	2	47																																																																																																																																																																																														
92	67.31	79	140	83	3	67.82	122	120	30	63	33.63	118	21	140.23	85	31	87	80	27.87	61	69	28	149	102.26	107	54	33.37	94	24	139	14	146.03	148	5	44	73	80.56	98	140	57.08	110	56	142	2	109.4	127	47	134	72																																																																																																																																																																																														
44	70.97	87	145	57	55	79.43	141	26	18	10	16.12	96	77	23.63	36	112	55	97	102.17	8	116	81	129	94.26	131	106	108.63	105	45	101	41	144.79	117	89	86	52	45.93	100	126	148.37	140	80	81	148	15.32	72	85	101	109																																																																																																																																																																																														
70	41.74	66	110	30	7	4.63	138	27	4	65	13.54	57	148	107.3	105	74	18	93	136.74	11	131	109	13	41.46	52	89	5.65	22	58	45	117	123.34	103	48	49	139	112.99	92	19	69.32	95	16	79	33	53.53	118	87	117	31																																																																																																																																																																																														
31	46.58	37	57	143	41	32.89	9	58	130	37	14.45	7	47	56.18	22	38	142	126	75.46	25	3	29	91	149.69	1	99	129.97	126	147	139	136	99.4	113	4	78	74	8.68	123	82	54.46	12	92	16	78	74.79	116	97	37	16																																																																																																																																																																																														
19	140.84	96	103	118	48	68.73	62	52	106	75	65.9	97	117	144.67	6	4	133	55	133.41	110	117	64	41	62.39	143	113	84.43	148	76	139	93	46.42	104	140	61	149	134.72	15	11	26.06	52	139	95	131	21.82	83	70	126	128																																																																																																																																																																																														
51	70.43	14	19	101	130	55.43	16	10	130	38	1.44	80	92	4.18	118	136	22	111	117.48	68	148	70	118	56.92	5	10	14.85	82	92	54	3	77.31	16	58	1	92	69.05	63	83	124.33	2	51	6	116	64.51	31	124	45	86																																																																																																																																																																																														
87	4.02	146	3	135	85	41.82	49	112	13	121	56.02	98	58	121.68	64	110	147	46	5.86	74	91	138	84	94.6	63	84	57.14	82	20	94	80	42.5	59	130	74	137	66.84	27	100	58.54	5	25	136	101	144.8	71	1	143	35																																																																																																																																																																																														
59	17.97	66	80	142	43	3.73	150	33	134	129	141.42	61	3	112.51	62	113	137	95	50.66	100	68	132	106	8.01	81	31	144.31	58	19	128	134	86.27	77	94	114	26	120.54	19	83	34.34	37	52	98	125	5.74	84	93	91	150																																																																																																																																																																																														
2	57.64	17	94	2	135	86.6	15	63	77	11	90.99	147	103	25.7	2	65	6	106	84.64	32	29	123	146	15.72	80	116	128.95	84	43	82	132	98.8	47	42	150	45	3.17	50	116	86.09	106	130	65	141	63.77	64	120	83	123																																																																																																																																																																																														
2	129.52	137	100	98	108	96.63	31	136	12	79	134.28	129	136	109.16	31	94	142	123	122.18	59	79	80	51	34.52	134	117	55.02	77	103	64	143	23.37	142	119	2	141	14.9	82	77	32.66	94	93	54	36	32.91	144	59	113	132																																																																																																																																																																																														
52	123.42	89	102	6	96	118.38	5	15	132	11	41.03	125	78	108.3	124	2	115	111	113.51	49	9	90	144	128.21	21	148	117.75	88	26	97	8	123.5	114	106	54	115	59.63	99	48	64.43	62	80	112	146	13.1	102	106	146	32																																																																																																																																																																																														
45	71.71	2	97	22	6	3.32	88	27	66	136	128.67	133	143	106.61	132	119	121	31	24.53	48	82	143	128	48.82	89	117	70.14	106	129	30	32	145.54	150	71	60	6	142.7	77	119	50.37	93	21	68	148	29.85	120	55	22	141																																																																																																																																																																																														
110	49.82	139	88	70	105	53.04	84	52	107	118	106.74	36	2	88.83	64	118	56	106	93.5	137	136	129	102	16.98	147	105	47.46	138	34	132	44	57.87	81	35	116	54	23.7	79	44	5.63	109	113	90	52	54.62	150	22	99	55																																																																																																																																																																																														
81	40.19	36	49	27	87	119.86	26	127	100	52	109.53	51	111	64.41	53	110	69	146	83.77	42	57	22	136	135.7	132	107	147.74	86	37	113	20	29.62	123	102	101	63	11.45	52	126	59.14	144	10	101	51	36.7	20	142	23	120																																																																																																																																																																																														
12	34.45	137	69	130	128	55.51	104	111	126	79	83.32	75	139	80.28	121	136	88	110	3.63	25	40	100	46	7.71	132	87	6.1	46	27	66	57	110.39	17	61	35	99	138.33	77	139	81.13	31	48	129	141	125.3	87	49	115	113																																																																																																																																																																																														
73	114.5	38	123	57	20	57.79	146	148	138	108	90.01	20	67	47.55	84	12	9	63	75.16	144	94	84	48	107.12	60	51	14.29	140	112	97	59	26.91	73	149	19	105	67.98	51	6	83.88	43	77	144	124	68.57	2	64	110	117																																																																																																																																																																																														
52	148.62	130	113	143	39	48.96	45	32	114	56	129.65	140	37	34.3	134	31	72	63	112.71	138	9	57	15	56.74	1	36	104.77	119	74	81	132	127.81	125	28	147	93	81.45	58	19	99.25	44	121	19	134	66.99	108	97	143	6																																																																																																																																																																																														
104	25.33	60	98	101	77	54.75	131	114	44	135	119.16	77	61	136.7	82	112	132	40	48.89	84	108	3	42	29.77	89	97	8.21	131	12	16	123	12.29	23	27	57	124	80.55	109	107	143.08	101	34	33	30	95.06	71	117	47	71																																																																																																																																																																																														
52	43.92	148	14	77	99	5.13	5	22	82	129	57.03	145	99	30.14	126	140	80	31	49.3	90	41	43	67	40.36	143	8	104.06	95	80	41	19	9.81	88	14	19	8	19.5	124	84	92.74	75	31	119	143	26.28	88	41	87	131																																																																																																																																																																																														
3	119.14	78	139	92	74	73.91	93	73	5	7	59.43	125	66	19.12	147	37	75	91	106.3	15	1	84	79	61.15	40	97	146.16	107	92	134	80	146.15	119	147	65	91	98.86	13	126	103.18	110	70	65	9	29.26	102	80	82	43																																																																																																																																																																																														
64	7.92	45	139	142	94	113.38	104	78	53	135	73.87	28	30	135.86	146	70	141	32	138.65	46	18	12	9	125.5	101	43	131.37	59	35	120	142	135.22	62	99	109	17	73.02	70	93	30.56	10	140	24	120	64.89	20	40	41	74																																																																																																																																																																																														
82	56.48	121	116	68	43	105.57	149	34	33	144	40.61	31	84	129.32	86	122	112	141	88.73	30	55	150	29	49.64	55	15	117.57	48	2	73	92	145.25	91	42	123	57	117.18	129	30	120.94	126	42	28	63	42.78	84	116	119	111																																																																																																																																																																																														
95	72.38	9	112	91	113	97.69	125	7	73	59	145.37	119	66	96.99	134	4	28	97	63.03	52	74	8	89	17.77	80	95	86.06	137	95	7	65	13.85	31	116	82	38	9.91	120	25	49.57	41	39	61	145	71.98	76	116	112	102																																																																																																																																																																																														
141	72.46	87	125	50	23	76.51	85	10	71	72	78.19	126	45	27.21	94	124	81	59	64.27	7	96	78	147	9.83	22	114	22.31	130	46	44	127	98.84	51	123	36	144	24.93	62	109	116.99	6	20	114	75	125.37	11	108	119	32																																																																																																																																																																																														
77	52.65	24	121	92	98	46.47	38	137	123	15	107.6	70	28	95.56	75	130	17	23	128.53	39	15	101	107	46.03	15	12	73.02	4	121	115	109	105.34	60	123	24	79	51.63	112	70	148.25	117	29	105	30	100.69	46	6	125	5																																																																																																																																																																																														
122	128.16	85	87	51	129	103.69	111	121	137	123	73.13	35	22	136.73	63	139	15	119	100.66	17	105	70	142	19.34	35	101	41.99	93	105	74	17	123.55	7	111	116	5	51.5	132	56	103.46	40	58	86	4	132.05	32	68	121	60																																																																																																																																																																																														
53	144.69	99	77	43	147	28.55	1	84	16	108	130.08	121	113	23.95	96	80	9	139	63.38	46	72	104	108	109.1	27	92	78.38	40	147	108	25	53.93	10	105	137	132	99.56	14	85	65.25	140	120	136	102	124.4	31	121	43	15																																																																																																																																																																																														
54	72.7	48	118	110	58	124.62	130	114	132	62	93.87	85	43	135.81	84	57	3	8	10.23	57	51	53	139	137.37	87	26	66.78	42	130	91	28	31.15	116	52	26	98	32.97	13	26	66.88	26	109	34	1	66.02	41	133	39	124																																																																																																																																																																																														
83	43.33	84	62	67	67	139.02	121	84	132	27	131.19	88	23	80.04	117	146	73	100	33.11	7	145	85	99	108.29	87	60	147.89	130	92	144	4	67.75	142	132	77	100	77.58	66	115	37.86	84	118	18	129	87.37	35	150	74	141																																																																																																																																																																																														
92	53.34	133	96	125	125	2.8	81	127	60	132	80.36	7	134	142.48	52	47	97	2	1.97	130	95	33	91	105.05	3	149	65.6	73	74	17	102	135.08	90	125	113	11	99.06	13	24	58.21	84	1	144	147	36.12	112	145	61	52																																																																																																																																																																																														
46	62.51	127	5	148	147	28.61	9	89	62	12	73.88	3	66	49.38	18	61	101	30	111.92	36	65	70	106	67.36	19	74	16.32	20	45	77	84	108.85	104	130	124	146	62.64	12	126	116.23	96	32	43	86	76.64	139	101	38	34																																																																																																																																																																																														
83	58.37	61	74	23	27	138.75	22	11	38	111	117	26	115	145.6	80	51	81	91	141.74	63	33	41	35	20	118	2	51.24	26	18	64	79	56.86	41	35	58	17	22.07	51	88	127.2	61	148	82	96	92.14	3	115	39	93																																																																																																																																																																																														
95	48.91	119	129	65	149	2.39	16	90	25	50	2.32	99	24	137.63	12	83	137	133	23.47	128	15	77	68	125.75	106	52	54.39	57	126	110	3	2.14	54	115	42	117	70.43	34	127	82.87	59	9	70	50	20.33	49	142	55	53																																																																																																																																																																																														
129	94.65	132	120	88	40	6.42	43	37	53	137	93.01	4	148	11.11	130	81	45	86	33.55	70	59	78	11	2.51	72	8	137.89	58	138	46	82	75.41	37	3	100	82	96.7	16	38	105.63	27	22	94	89	78.75	107	65	29	20																																																																																																																																																																																														
16	98.18	59	132	8	90	92.78	80	26	118	81	12.88	56	94	86.61	68	49	109	67	142.06	45	106	134	37	58.62	45	146	13.19	137	111	35	146	85.21	107	56	78	24	142.19	26	35	111.24	66	68	96	31	140.14	37	117	145	127																																																																																																																																																																																														
87	70.61	40	28	131	12	9.6	147	138	146	130	40.21	83	45	42.54	19	31	23	101	26.02	97	131	31	130	99.21	2	109	73.92	22	74	143	137	107.63	81	88	46	70	127.29	89	68	87.22	141	82	21	90	6.91	3	6	83	74																																																																																																																																																																																														
69	135.6	126	22	53	93	92.38	40	58	28	86	95.1	12	56	76.83	15	56	140	31	14.06	127	112	140	70	104.62	13	138	17.2	61	106	43	33	100.77	148	122	20	70	28.77	98	44	137.32	31	58	32	103	57.64	141	107	38	83																																																																																																																																																																																														
112	49.34	14	3	137	86	21.63	141	147	106	75	121.41	124	140	55.72	149	133	106	8	76.9	103	93	134	69	27.91	58	77	149.04	44	112	44	67	49.17	86	65	116	60	50.4	87	50	130.35	33	52	64	34	97.99	128	29	83	73																																																																																																																																																																																														
126	139.09	27	84	81	113	132.92	141	139	125	95	51.2	72	71	41.42	78	28	73	112	13.42	145	68	77	73	118.64	107	20	59.8	116	128	39	10	111.4	124	86	105	91	87.98	87	88	89.31	132	68	2	54	128.56	82	131	89	47																																																																																																																																																																																														
148	122.5	15	74	45	51	120.43	58	137	1	21	24.25	81	92	96.02	52	28	12	112	110.02	108	48	94	131	148.23	141	18	6.66	8	22	37	1	98.28	12	20	92	112	3.87	62	47	116.24	82	4	100	5	88.05	51	48	150	101																																																																																																																																																																																														
49	21.65	100	125	126	6	109.83	129	26	4	70	1.68	116	117	136.38	17	31	95	56	92.54	65	2	125	31	58.25	148	73	40.2	63	84	14	39	39.83	56	33	28	96	74.28	142	141	37.07	16	59	118	27	78.05	111	96	81	102																																																																																																																																																																																														
67	85.54	104	56	140	66	11.91	49	119	88	24	32.33	57	80	132.67	78	70	4	57	96.1	100	43	120	91	82.46	22	57	18	123	63	77	29	87.85	102	94	106	143	88.62	39	117	64.56	17	80	92	44	71.37	30	74	27	1																																																																																																																																																																																														
40	29.71	4	124	139	6	120.12	79	57	133	88	101.43	122	149	63.03	113	9	72	128	117.86	143	149	95	66	75.63	71	16	133.46	51	31	21	113	52.03	82	64	122	121	36.74	10	137	80.42	97	43	20	15	43.47	114	1	41	96																																																																																																																																																																																														
27	87.17	40	67	57	122	81.18	120	88	106	85	126.98	4	77	108.23	96	114	23	118	78.75	62	8	60	41	46.23	111	88	89.96	3	25	76	105	147.73	126	47	108	66	124.02	38	119	26.06	29	109	51	54	126.66	93	2	48	124																																																																																																																																																																																														
100	29.91	33	23	39	93	14.32	10	79	51	40	80.78	34	149	94.65	114	6	78	95	55.95	100	120	6	29	82.47	123	70	83.4	79	129	85	81	111.74	69	118	17	41	6.04	121	125	58.34	81	138	148	57	115.97	81	143	95	148																																																																																																																																																																																														
109	107.54	102	72	60	96	1.71	86	89	140	38	17.44	125	131	100.17	75	96	123	43	16.29	50	148	95	148	29.35	110	14	26.83	85	81	81	5	108.14	72	44	93	67	69.7	102	38	79.65	47	113	137	22	105.14	5	50	24	54																																																																																																																																																																																														
126	86.65	111	7	47	69	44.3	124	26	81	69	48.7	116	90	94.52	83	3	68	26	68.35	83	49	38	4	23.62	139	24	92.48	48	23	131	79	3.61	117	145	42	39	75.56	71	114	71.26	93	76	106	68	59.99	48	97	65	30																																																																																																																																																																																														
73	104.57	81	131	105	111	104.73	89	134	141	9	121.99	67	79	82.73	88	73	44	142	81.62	27	11	50	60	76.2	98	38	114.08	129	13	38	5	133.33	134	20	31	110	133.28	118	56	50.26	2	74	15	32	5.52	132	19	89	63																																																																																																																																																																																														
86	23.31	44	113	24	5	51.86	112	32	128	102	89.18	88	123	48.05	86	17	111	91	80.16	129	119	118	127	106.55	102	115	127.07	69	67	43	95	15.65	121	148	29	2	104.57	29	75	16.7	139	135	116	47	86.74	78	86	94	32																																																																																																																																																																																														
2	140.86	149	80	104	1	30.26	43	34	59	54	111.36	49	38	18.53	17	103	65	22	101.13	85	31	27	119	73.97	78	12	111.57	39	64	25	78	27.77	2	130	71	44	125.2	15	135	26.06	121	145	39	106	105.8	130	145	17	138																																																																																																																																																																																														
133	127.22	22	40	145	23	46.64	120	68	51	8	73.41	1	104	66.43	108	132	147	106	57.52	143	104	29	32	31.04	25	43	49.25	77	97	55	122	54.15	9	124	119	135	69.26	94	88	149.54	99	29	65	78	111.5	46	90	3	56																																																																																																																																																																																														
75	85.44	104	51	29	98	4.24	45	127	28	127	41.36	57	136	41.08	45	45	11	112	130.01	71	53	9	17	108.75	22	90	81.33	23	138	41	16	88.91	136	110	59	87	19.67	102	65	61.71	125	123	23	131	4.58	127	22	136	73																																																																																																																																																																																														
14	1.25	97	92	39	32	33.7	120	84	140	94	13.86	53	149	38.65	10	21	80	147	36.54	106	50	93	55	90.78	102	113	62.85	84	19	56	78	47.18	54	7	33	138	97.76	28	73	30.08	148	101	14	108	81.6	48	117	29	5																																																																																																																																																																																														
88	139.43	106	123	86	109	59.72	135	31	90	57	35.85	40	47	62.54	119	57	59	32	56.39	130	7	54	150	45.92	127	11	140.44	15	63	86	41	16.14	76	27	58	140	37.21	138	50	81.24	42	150	18	67	17.67	121	85	6	77																																																																																																																																																																																														
9	18.63	30	111	15	65	55.72	84	148	89	115	89.85	150	56	72.16	129	1	146	3	105.06	42	127	81	49	36.79	16	102	84.56	30	144	124	150	11.8	84	1	33	66	66.86	36	8	12.9	47	92	79	114	91.19	83	99	100	42																																																																																																																																																																																														
51	48.47	136	29	63	130	109.18	136	95	63	12	70.91	65	143	111.93	148	103	24	32	120.67	115	18	83	97	132.2	114	120	53.2	95	72	36	147	49.78	6	142	31	69	118.99	136	74	134.33	98	62	108	54	29.75	79	61	108	143																																																																																																																																																																																														
89	69.14	26	2	62	69	90.71	18	42	98	32	15.56	58	119	104.75	145	95	62	121	68.06	146	38	117	142	42.23	13	49	127.78	45	48	150	18	72.73	111	67	138	36	126.69	118	29	21.28	20	109	71	100	40.53	144	43	127	148	51	37	37	32.06	145	145	86	150	133.45	130	144	143	134	26.4	95	47	102	46	114.11	66	125	100	73	115.87	17	89	76	131	110.68	13	130	100	43	24.39	17	107	49	11	45.74	135	30	102	59	148.16	25	53	134	121	130.32	21	124	137	73	115.23	7	68	137	114	36.76	92	39	8	101	55.93	135	49	81	97	108.18	56	16	130	72	24.59	20	87	25	16	89.14	128	103	140	116	106.78	68	119	149	129	81.55	126	79	115	27	17.93	3	106	78	147	78.55	90	21	52	26	83.61	28	110	83	99	104.97	14	50	148	60	121.28	46	126	38	47	119.55	96	44	10	73	95.19	21	15	65	137	105.23	1	59	150	48	31.19	134	62	27	146	135.33	22	101	16	25	93.51	96	70	11	94	134.35	74	9	97	133	69.37	114	115	132	66	83.62	13	70	66	136	65.46	67	53	118	138	6.01	84	99	121	130	115.23	38	134	52	106	82.02	90	56	103	96	65.26	39	53	68	131	61.52	114