50 240
125	64.91	85	125	125	92	125.6	129	1	4	14	48.38	27	42	52.37	147	22	108	22	18.4	3	19	52	110	8.49	148	34	85.42	60	28	78	15	16.32	55	148	81	53	48.13	13	96	42.43	98	134	148	6	17.65	60	132	85	72																																																																																																																																																																																														
64	95.91	7	12	71	44	69.43	5	142	73	147	68.02	59	140	116.08	100	132	45	64	46.98	85	21	120	83	116.84	119	61	25.61	110	136	115	148	130.97	122	9	55	36	43.59	79	140	121.72	8	1	55	5	54.04	77	149	69	57																																																																																																																																																																																														
89	3.53	22	35	76	56	78.35	136	82	119	58	78.11	6	135	110.09	88	19	75	142	136.32	54	118	25	145	108.42	32	29	84.55	22	69	58	61	36.95	123	3	91	52	73.89	18	3	78.68	44	36	101	57	66.7	120	101	123	104																																																																																																																																																																																														
100	43.06	47	8	13	70	94.8	28	117	116	58	25.55	61	59	119.74	26	129	39	77	6.31	106	71	43	105	110.71	4	55	102.41	12	93	73	123	35.17	24	88	70	99	45.76	27	54	9.45	117	65	107	10	124.62	59	63	123	121																																																																																																																																																																																														
124	116.44	117	105	127	99	110.79	73	112	98	115	85.56	149	147	148.19	87	130	25	105	78.13	60	109	25	82	127.61	108	81	67.3	50	72	45	124	37.69	110	94	66	77	132.87	139	121	7.34	9	106	126	25	38.58	89	71	106	104																																																																																																																																																																																														
125	121.22	125	75	126	32	80.16	25	117	66	132	136.69	144	77	86.86	106	100	49	114	85.23	43	127	48	47	87.79	35	68	28.65	29	68	126	131	21.92	128	67	101	97	139.34	62	67	75.77	147	123	150	37	51.69	148	101	20	82																																																																																																																																																																																														
118	87.21	47	38	139	129	51.6	136	100	95	127	42.07	6	83	146.97	24	124	5	5	132.64	101	60	15	144	122.69	14	106	122.17	25	132	113	128	147.74	80	3	64	46	28.76	97	119	125.59	111	125	111	109	13.67	120	146	149	25																																																																																																																																																																																														
71	42.86	70	84	100	79	116.2	73	63	89	35	30.64	66	64	126.28	75	57	143	54	54.83	78	14	4	126	123.8	31	78	39.5	139	17	80	34	48.56	105	148	76	143	73.59	123	19	122.74	49	27	141	134	17.44	125	68	83	8																																																																																																																																																																																														
33	99.5	32	106	31	82	105.31	60	52	107	114	81.26	3	3	47.38	137	32	28	41	100.63	137	52	3	94	38.06	128	12	3.57	80	120	38	64	107.91	101	39	90	15	113.55	40	2	80.32	50	54	9	72	148.14	71	7	117	138																																																																																																																																																																																														
3	16.85	149	134	84	119	93.05	1	71	83	60	150	30	133	7.5	48	21	21	53	45.56	90	98	105	83	76.49	49	47	73.74	42	65	65	90	56.3	113	102	77	98	90.79	51	132	16.59	132	68	86	71	29.43	135	30	32	99																																																																																																																																																																																														
62	53.02	115	81	75	124	140.15	109	19	22	47	146.72	140	78	149.58	109	77	36	149	118.34	104	126	6	120	93.74	88	28	127.61	131	94	60	56	69.14	103	38	97	143	143.28	61	122	80.05	93	7	74	64	90.05	75	16	122	67																																																																																																																																																																																														
83	74.8	150	123	86	125	68.99	81	92	130	101	109.61	52	3	8.02	89	120	137	95	90.28	68	126	7	104	132.07	127	121	140.62	40	79	80	132	75.6	45	89	5	93	50.64	103	50	47.26	147	12	140	116	111.26	92	6	53	138																																																																																																																																																																																														
39	108.53	74	72	79	23	87.64	104	22	61	111	113.32	116	105	9.21	139	31	41	25	104.9	78	145	107	114	72.71	136	23	72.95	135	134	10	60	128.98	133	129	104	80	20.51	60	117	117.08	49	112	145	71	10.21	43	71	24	84																																																																																																																																																																																														
126	84.65	94	101	28	65	93.71	119	45	132	139	26.89	20	79	31.21	24	135	93	72	44.35	47	137	128	12	11.96	86	84	131.81	25	133	43	61	137.26	7	119	145	137	6.41	14	64	112.34	83	85	90	79	43.43	102	86	103	138																																																																																																																																																																																														
117	16.34	148	1	145	73	10.5	103	52	66	15	45.71	25	134	87.33	74	73	119	111	93.1	12	110	79	32	61.52	46	86	15.14	146	25	118	81	64.44	67	72	91	21	62.6	14	14	68.5	113	146	89	131	79.29	7	65	29	69																																																																																																																																																																																														
123	56.77	98	123	143	33	47.36	138	33	43	58	12.75	73	42	27.78	142	82	38	121	94.05	110	70	2	145	135.66	16	121	17.78	115	132	54	134	122.75	31	43	124	136	74.74	7	1	16.72	130	3	34	64	121.87	124	10	84	34																																																																																																																																																																																														
46	32.6	92	100	145	67	2.79	120	1	16	88	51.82	37	18	23.72	92	127	3	56	148.87	102	148	111	118	57.13	6	69	65.44	62	126	34	79	87.24	8	70	89	130	2.63	111	36	7.05	90	48	111	26	31.76	46	48	4	21																																																																																																																																																																																														
83	118.67	61	41	79	127	147.26	73	59	126	123	4.09	14	23	71.4	40	5	41	63	111.71	72	47	75	60	119.95	93	122	124.22	51	143	95	47	124.18	143	144	139	130	63.41	52	130	67.99	58	63	68	26	7.98	87	75	19	125																																																																																																																																																																																														
47	110.47	114	129	132	123	143.54	108	92	81	77	38.48	69	7	71.59	20	6	57	31	76.65	63	32	86	128	83.93	114	12	123.89	148	139	64	43	102.75	5	110	47	120	24.83	83	36	78.61	8	52	45	16	141.06	116	119	17	96																																																																																																																																																																																														
114	64.48	21	121	145	31	106.28	62	7	116	104	133.61	16	123	1.64	39	27	93	6	75.79	137	111	75	114	112.15	93	145	101.86	118	98	70	141	124.35	110	71	38	72	73.57	65	76	6.51	19	104	68	93	79.3	12	94	110	144																																																																																																																																																																																														
18	98.07	108	27	48	24	139.43	22	83	129	132	101.78	108	34	59.57	139	34	15	57	65.94	123	118	51	119	149.2	107	129	15.01	1	100	49	12	19.47	69	88	102	34	60.34	44	64	80.89	128	119	112	22	109.54	91	74	104	30																																																																																																																																																																																														
52	138.43	138	19	92	121	106.31	70	21	31	49	93.7	16	127	22.42	62	128	23	149	46.18	148	1	22	103	42.81	52	87	116.01	10	58	73	140	83.64	89	30	29	82	69.61	104	71	4.97	85	94	66	35	48.14	107	142	128	24																																																																																																																																																																																														
86	83.04	111	87	85	45	49.16	123	119	4	63	24.43	86	115	77.57	56	29	28	89	85.81	146	108	44	39	59.2	4	27	147.25	88	35	131	129	89.09	24	103	73	28	49.88	99	101	8.97	117	88	7	23	74.71	126	35	61	39																																																																																																																																																																																														
27	4	101	8	83	117	141.94	60	128	102	76	36.12	78	13	119.89	114	62	86	104	31.67	100	45	50	11	120.17	47	81	21.34	54	10	110	22	137.73	19	48	22	131	66.31	98	112	109.49	92	122	104	117	52.66	137	54	35	57																																																																																																																																																																																														
112	7.88	63	81	4	112	13.37	138	49	49	38	24.04	47	111	123.81	76	11	79	28	132.82	113	133	91	111	36.5	94	133	141.86	79	51	82	138	124.6	19	145	138	139	10.87	36	103	22.14	69	51	29	126	110.05	125	55	101	142																																																																																																																																																																																														
104	113.57	11	48	50	20	122.81	28	140	130	148	68.22	72	76	47	71	39	62	142	21.91	80	72	52	109	93.81	48	135	43.84	10	30	139	116	148.68	125	122	75	101	133.94	134	127	131.35	58	19	91	19	56.17	20	54	130	41																																																																																																																																																																																														
15	29.85	87	98	133	90	110.36	52	137	146	71	103.69	110	138	78.87	5	91	77	11	121.44	126	66	149	19	7.52	59	16	59.4	36	110	57	10	148.8	112	19	15	111	51.94	109	4	43.64	89	11	26	147	118.81	105	45	64	104																																																																																																																																																																																														
39	133.46	84	104	67	129	100.3	38	9	60	87	119.48	57	47	63.08	115	69	32	6	28.14	51	14	25	58	62.52	113	77	34.78	122	91	82	43	69.72	122	39	8	83	140.61	85	129	30.08	88	31	149	20	37.04	137	148	8	83																																																																																																																																																																																														
79	65.73	115	28	2	102	105.03	29	91	81	33	33.21	96	24	105.12	88	82	67	50	15.99	5	74	95	19	97.03	62	34	78.99	14	130	108	118	139.28	55	68	147	55	127.56	118	105	149.9	104	138	44	141	18.89	91	6	1	110																																																																																																																																																																																														
126	117.82	140	90	95	141	42.03	60	32	109	103	49.12	55	138	46.34	98	32	107	124	99.51	108	123	44	109	93.11	108	69	37.21	50	149	126	97	62.65	8	12	67	4	99.64	104	103	5.77	108	34	103	26	134.46	37	62	67	40																																																																																																																																																																																														
40	145.66	30	47	92	80	70.35	101	99	64	93	147.41	81	127	62.03	105	71	87	106	10.14	125	56	67	124	110.06	147	143	125.56	31	52	102	20	31.26	77	135	49	20	104.95	113	142	148.18	26	46	16	83	73.88	66	8	46	75																																																																																																																																																																																														
36	9.37	101	96	10	25	144.43	127	47	54	121	111.31	100	79	136.78	131	33	148	28	133.83	138	62	48	33	72.63	20	86	141.7	15	81	126	128	74.88	52	86	93	82	116.87	101	21	15.19	17	31	60	24	122.28	20	123	65	31																																																																																																																																																																																														
30	132.98	10	118	87	145	48.62	64	121	12	72	148.9	108	129	112.7	37	71	118	78	120.39	101	38	37	88	107.24	95	7	38.9	102	102	71	63	111.12	144	33	53	59	91.86	62	2	95.33	36	42	146	6	105.47	137	7	122	32																																																																																																																																																																																														
73	89.32	14	83	42	70	147.89	39	56	118	125	30.42	69	85	93.62	72	122	139	131	57.55	57	142	118	146	54.34	30	70	73.87	28	115	135	131	89.67	77	47	18	69	119.34	87	66	125.34	149	21	81	108	96.05	2	98	63	59																																																																																																																																																																																														
91	104.87	144	20	63	39	122.24	46	112	93	143	29.65	44	44	74.55	87	33	88	46	122.16	111	128	18	114	125.43	72	15	26.2	127	107	46	116	31.83	60	146	1	42	117.04	74	75	55.79	122	10	59	98	20.37	23	140	105	115																																																																																																																																																																																														
3	5.11	98	67	67	16	132.67	87	83	71	58	50.52	21	98	25.86	113	104	39	104	121.16	101	77	78	15	133.62	45	51	21.77	14	55	111	87	117.7	72	67	69	47	1.04	109	68	54.93	132	148	24	32	11.66	120	4	99	91																																																																																																																																																																																														
149	2.28	72	94	51	81	130.1	35	85	30	74	126.45	65	71	105.16	64	39	107	11	64.11	47	144	56	140	42.04	44	125	101.45	118	96	142	33	30.64	123	129	14	60	146.6	56	86	69.39	115	119	109	54	16.42	27	147	40	146																																																																																																																																																																																														
107	67.21	96	60	68	149	46.9	43	122	77	104	52.38	29	102	14.55	95	24	137	111	20.5	125	147	128	119	94.86	37	81	11.61	54	22	68	118	37.75	129	90	122	3	114.38	79	34	77.04	80	69	68	30	61.43	28	50	15	107																																																																																																																																																																																														
32	143.79	68	96	126	16	120.63	114	44	99	89	9.23	5	116	65.86	94	137	94	91	45.13	140	118	125	64	128.56	72	109	81.18	35	17	111	125	96.78	111	97	106	82	140.47	94	146	19.35	146	99	24	2	125.78	61	82	128	63																																																																																																																																																																																														
2	38.64	95	37	32	65	59.42	106	26	132	5	124.69	112	50	38.56	16	11	39	59	23.92	31	149	80	13	10.74	89	39	9.16	128	28	117	55	105.4	3	114	150	37	130.44	73	36	121.39	10	130	23	26	18.91	133	94	80	141																																																																																																																																																																																														
35	92.51	111	19	139	95	126.19	95	68	35	69	39.08	63	102	134.46	56	114	109	57	105.64	39	32	101	102	65.46	90	87	123.32	23	26	3	10	132.35	103	85	62	74	120.65	90	17	80.38	122	24	89	60	122.73	41	61	66	17																																																																																																																																																																																														
104	77.4	5	7	95	109	21.53	47	17	42	80	120.36	122	116	51.18	88	123	49	129	29.45	7	72	34	93	137.78	82	86	103.97	121	53	77	26	79.38	128	21	41	41	91.31	25	131	101.17	3	114	69	72	64.18	131	102	134	81																																																																																																																																																																																														
144	129.5	85	2	26	147	19.75	78	87	136	68	17.88	48	143	7.93	112	138	22	50	33.15	50	123	10	121	110.33	91	69	71.05	90	16	20	59	146.44	61	104	27	72	84.58	66	32	38.34	12	50	98	11	11.69	35	18	107	120																																																																																																																																																																																														
93	78.79	139	2	112	148	84.82	122	65	149	101	139.6	130	144	23.7	72	90	105	106	135.06	93	4	12	63	120.16	3	42	52.92	100	147	45	77	32.95	65	21	49	63	6.7	132	49	63.21	55	17	14	57	28.86	23	108	65	20																																																																																																																																																																																														
86	47.19	45	84	136	92	88.52	68	98	34	19	85.09	5	17	97.27	69	137	82	24	35.99	137	90	9	52	102.86	30	78	42.42	150	103	114	99	57.77	144	19	95	10	81.41	112	25	42.04	69	34	50	107	28.65	80	94	60	49																																																																																																																																																																																														
102	89.34	89	12	78	48	52.14	85	32	132	86	122.32	125	111	5.79	80	142	10	9	1.31	8	43	14	104	20.35	125	65	144.23	28	65	124	131	45.14	27	119	4	18	90.54	71	112	7.65	56	113	83	18	101.31	139	59	89	73																																																																																																																																																																																														
47	7.81	35	28	140	36	119.94	79	94	41	14	72.52	67	87	83.46	63	18	150	54	97.25	10	15	66	108	139.27	63	64	123.06	102	114	118	8	113.74	43	150	98	116	41.46	75	120	69.25	8	104	132	117	94.99	67	127	94	35																																																																																																																																																																																														
23	113.57	65	58	19	10	110.35	102	15	136	47	19.61	84	56	71.12	129	86	33	37	70	63	101	88	5	105.02	7	129	51.53	36	142	97	93	74.13	71	22	3	29	43.96	124	102	124.36	94	54	131	89	44.03	45	120	1	36																																																																																																																																																																																														
62	136.99	25	128	58	83	90.1	113	130	108	25	98.01	115	130	49.47	45	75	31	102	148.58	61	129	7	114	49	7	64	38.17	92	58	33	1	9.36	7	145	68	100	43.19	55	2	41.57	41	117	41	129	15.91	10	42	65	52																																																																																																																																																																																														
95	74.99	50	50	11	18	45.44	13	27	105	107	137.45	3	97	141.27	105	130	42	133	66.54	148	4	112	11	2.92	94	135	130.55	133	23	120	82	7.65	148	91	100	42	37.93	130	58	148.62	45	80	141	59	37.91	3	93	82	49																																																																																																																																																																																														
100	35.92	109	117	53	66	78.79	47	85	12	3	140.06	124	112	2.67	61	32	64	78	126.9	16	55	148	146	77.96	6	149	115.71	45	28	95	7	61.97	86	138	6	88	49.74	41	28	108.37	122	115	99	119	117.07	13	28	136	60																																																																																																																																																																																														
2	21.45	135	79	7	71	77.48	74	23	62	53	53.83	139	148	92.57	136	105	90	48	92.37	51	85	5	67	24.57	51	79	142.36	4	71	21	27	6.92	73	39	27	16	140.07	20	105	35.13	134	66	7	150	84.88	35	65	87	3																																																																																																																																																																																														
62	38.22	20	92	6	38	64.24	122	46	52	91	63.43	29	8	27	22	28	25	27	36.54	142	98	88	133	101.23	124	40	80.73	29	75	35	133	27.21	105	86	123	119	26.61	140	68	65.24	45	114	2	139	94.76	5	140	145	119																																																																																																																																																																																														
37	133.66	5	34	99	105	11.04	137	70	6	62	3.8	16	33	57.64	2	90	32	48	139.84	111	20	45	43	29.58	108	46	68.3	28	150	150	106	97.13	71	102	83	66	129.95	20	142	50.79	48	108	102	115	147.6	24	144	148	108																																																																																																																																																																																														
94	17.98	22	71	27	119	44.12	89	143	79	34	117.86	68	123	26.52	13	118	10	108	31.08	1	98	56	30	73.21	63	51	119.55	34	45	55	111	123.56	109	42	20	85	20.32	14	60	88.52	47	58	100	105	36.6	1	16	109	147																																																																																																																																																																																														
130	46.04	59	133	84	65	47.49	56	103	139	105	16.17	48	73	52.49	108	41	48	113	57.89	147	69	102	45	6.25	68	20	42.58	27	37	84	12	94.59	2	43	51	77	93.35	7	48	54.85	20	108	9	97	54.69	38	25	74	65																																																																																																																																																																																														
126	121.31	55	72	148	70	53.72	10	119	10	94	135.82	115	29	9.21	108	16	44	126	42.02	99	27	130	31	128.68	120	78	81.16	4	98	85	17	147.95	74	45	30	98	17.77	7	2	135.87	125	144	141	104	57.66	40	84	89	49																																																																																																																																																																																														
149	40.32	51	42	24	120	25.04	91	64	61	123	66.3	70	105	114.17	101	11	148	97	9.67	43	134	55	88	133.91	125	143	14.23	94	83	19	111	81.71	50	51	5	14	123.92	93	58	45.62	98	43	145	39	129.57	2	101	117	74																																																																																																																																																																																														
104	28.01	80	22	51	120	85.91	83	90	146	83	109.06	47	50	74.71	59	57	130	103	66.21	75	6	22	28	98.14	125	98	34.96	33	46	135	123	35.37	6	107	9	22	52.27	24	109	5.46	25	35	124	38	86.33	84	9	81	123																																																																																																																																																																																														
123	25.74	99	21	127	6	57.3	94	113	146	122	122.44	1	103	9.01	19	111	16	62	3.33	38	12	95	87	99.16	22	114	106.51	62	76	87	134	68.84	116	97	135	25	59.87	134	104	22.92	42	1	107	104	28.49	20	44	12	146																																																																																																																																																																																														
137	34.06	82	101	29	46	73.6	11	117	81	77	19.69	96	133	98.67	123	140	26	88	91.91	70	50	38	141	37.31	117	139	142.47	137	75	99	62	144.79	123	128	114	144	52.14	16	45	91.67	74	149	39	26	14.4	83	48	107	61																																																																																																																																																																																														
74	113.15	3	51	147	7	27.27	109	75	55	11	18.04	74	97	39.16	144	58	125	149	74.55	48	35	130	147	90.13	133	7	91.26	81	111	141	144	32.44	40	87	44	150	103.47	22	36	82.85	95	55	126	80	137.33	107	110	105	127																																																																																																																																																																																														
68	12.15	67	111	53	127	135.13	109	20	141	1	78.03	112	54	34.36	129	36	31	8	103.69	45	105	28	104	2.62	6	22	123.42	116	37	130	34	143.31	34	110	7	62	26.6	148	56	129.93	133	11	6	63	30.75	12	65	59	70																																																																																																																																																																																														
42	122.31	72	118	148	56	105.25	75	91	74	2	53.87	143	124	43.89	122	33	91	145	34.03	76	1	29	73	116.29	148	107	133.36	106	74	42	125	64.06	117	58	149	122	54.62	19	128	132.21	142	125	24	100	114.25	13	107	39	143																																																																																																																																																																																														
104	134.74	22	94	116	118	77.63	72	104	57	20	25.72	127	7	45.98	116	136	9	127	26.76	144	109	25	107	81.66	40	74	146.68	52	25	114	17	89.39	17	150	144	135	96.97	69	30	90.38	20	11	98	86	109.56	37	67	127	55																																																																																																																																																																																														
32	12.44	63	147	120	39	98.89	29	86	97	39	23.62	68	21	129.25	27	134	125	31	113.92	110	80	11	27	46.57	124	20	11.99	80	110	42	29	45.51	36	144	52	3	143.23	27	88	136.51	60	30	46	3	56.74	107	74	115	79																																																																																																																																																																																														
96	28.28	25	68	111	35	105.18	119	131	25	56	19.38	101	110	139.61	12	71	71	46	62.56	46	19	99	144	106.13	131	83	44.38	135	129	7	136	32.04	10	62	106	19	14.01	6	83	134.23	85	39	101	124	123.71	150	75	92	23																																																																																																																																																																																														
5	142.99	4	23	111	52	104.38	132	123	112	40	98.45	69	111	100.69	25	39	22	113	32.63	62	11	139	116	97.34	79	70	12.61	4	113	134	77	50.17	35	68	10	78	39.34	117	131	43.95	59	36	48	89	146.27	56	91	69	76																																																																																																																																																																																														
136	124.83	111	66	132	90	26.3	139	110	112	29	120.37	87	34	117.85	100	32	14	70	67.22	38	88	115	150	67.18	22	45	39.09	123	37	48	31	147.54	11	62	20	131	46.43	48	44	117.65	13	85	60	150	142.33	123	116	16	50																																																																																																																																																																																														
10	30.28	25	57	5	131	69.59	33	125	90	79	143.66	107	134	117.68	49	138	52	36	67.8	12	57	63	82	129.92	89	32	145.6	112	44	91	57	139.94	25	144	119	141	52.44	9	117	4.96	86	91	33	39	2.09	107	71	134	115																																																																																																																																																																																														
112	148.01	53	123	134	134	100.7	56	86	52	110	119.87	34	109	121.34	139	91	42	21	82.16	108	130	60	127	32.65	144	41	110.11	147	85	33	49	143.83	6	78	148	56	149.33	6	112	10.49	112	81	13	93	70.2	10	73	58	138																																																																																																																																																																																														
145	115.92	130	37	52	15	55.17	92	138	76	145	127.88	75	23	19.05	141	56	12	132	18.29	98	79	110	149	137.31	142	16	11.86	46	43	141	116	94.58	16	83	68	88	14.8	43	24	33.07	82	126	99	50	91.86	72	30	119	27																																																																																																																																																																																														
87	87.96	65	123	97	89	119.85	72	59	114	15	8.48	141	126	110.37	95	73	147	116	101.78	11	28	33	4	97.41	33	72	49.57	56	148	137	123	140.6	79	113	118	50	87.33	71	46	73.23	146	95	101	142	72.7	73	74	36	26																																																																																																																																																																																														
91	39.13	41	106	118	95	112.7	39	86	8	89	101.08	31	85	23.88	118	69	56	87	113.76	100	21	145	118	123.23	26	76	98.85	33	24	101	119	117.41	134	40	112	25	121.13	56	38	80.95	69	145	126	43	130.29	98	13	138	14																																																																																																																																																																																														
117	44.99	59	129	140	98	109.44	9	61	91	16	22.56	13	11	44.61	102	34	68	97	107.1	49	108	104	60	79.84	8	68	13.83	55	146	106	36	71.22	133	98	126	30	102.59	92	148	30.89	67	48	70	111	5.21	50	56	57	137																																																																																																																																																																																														
14	62.8	102	67	83	28	61.31	83	123	4	61	30.41	141	114	16.61	70	61	69	108	115.63	71	111	134	6	37.49	48	116	66.59	39	13	115	62	33.08	109	106	147	124	49.11	148	133	58.59	71	89	3	118	57.98	132	118	93	100																																																																																																																																																																																														
128	14.97	19	57	79	65	124.78	133	85	140	51	82.51	132	122	125.31	6	111	100	14	110.13	81	140	78	113	3.03	2	147	50.25	53	54	123	143	130.71	101	134	69	84	148.16	47	22	114.85	102	4	75	87	95.03	38	32	47	68																																																																																																																																																																																														
42	20.7	108	124	67	95	13.39	34	28	136	80	55.61	121	119	105.41	30	22	123	102	82.83	90	145	43	91	117.77	89	145	143.16	51	129	47	42	56.18	73	53	9	82	17.27	92	147	12.16	78	81	55	146	41.4	98	14	36	59																																																																																																																																																																																														
144	51.37	108	44	22	1	52.56	86	101	95	127	69.09	149	73	122.38	90	75	78	24	123.14	137	111	90	136	23.95	99	123	85.97	57	15	4	48	12.52	84	10	99	114	96.24	133	67	68.15	60	9	147	62	21.23	95	109	36	135																																																																																																																																																																																														
121	85.2	13	86	57	91	92.79	118	8	141	25	131.93	34	4	92.26	3	20	22	90	17.68	133	139	62	100	130.8	126	142	35.35	91	121	137	28	98.8	15	33	130	74	13.15	52	143	104.21	78	74	77	9	19.24	31	4	144	147																																																																																																																																																																																														
135	29.47	51	39	85	43	15.54	61	124	111	8	101.43	109	63	18.5	114	23	92	142	69.53	97	43	107	22	110.69	144	3	98.64	22	84	149	111	83	97	22	78	65	97.61	91	79	86.2	93	86	142	108	112.94	62	142	13	108																																																																																																																																																																																														
58	72.1	33	2	134	146	26.41	5	65	26	11	10.07	136	116	143.87	76	90	59	131	92.36	74	74	42	119	145.71	119	104	138.07	76	102	44	40	118.01	92	64	106	54	61.41	20	123	12.9	118	87	20	68	26.14	77	138	44	114																																																																																																																																																																																														
35	139.97	76	73	63	41	18.57	4	127	10	76	125.82	128	112	115.68	140	108	2	122	146.1	99	67	135	129	16.37	130	122	45.92	50	86	148	83	82.24	9	73	106	51	97.49	81	48	71.62	136	40	56	58	141.36	80	37	115	54																																																																																																																																																																																														
117	105.5	141	105	33	54	144.75	116	102	77	32	99.05	70	24	129.19	109	12	9	120	77.71	50	130	115	56	54.23	40	138	117.48	36	44	121	126	108.05	111	5	34	131	118.6	62	64	31.19	55	73	55	111	138.86	148	121	90	104																																																																																																																																																																																														
97	31.42	92	33	64	35	119.9	123	79	99	78	48.69	111	118	10.89	130	35	5	130	85.25	106	55	71	116	67.72	101	24	39.44	94	137	70	13	24.42	121	65	111	51	37.32	99	5	22.49	131	130	127	101	38.06	114	75	52	37																																																																																																																																																																																														
13	1.56	121	122	54	4	56.36	83	30	78	79	59.07	134	66	87.54	135	68	30	112	40.7	21	124	76	122	13.69	32	70	115.72	77	68	43	98	95.59	48	12	106	139	27.26	11	145	116.55	68	107	68	13	141.56	82	6	131	46																																																																																																																																																																																														
55	132.1	57	107	72	139	26.95	10	141	117	65	27.18	104	137	43.29	115	29	84	15	63.96	43	2	74	7	142.45	46	66	57.4	97	23	94	138	104.8	3	36	15	35	44.98	107	25	26.61	46	23	83	117	13.78	22	102	72	77																																																																																																																																																																																														
109	6.79	66	69	22	114	25.42	53	45	30	48	60.06	48	41	108.84	128	145	117	132	99.85	91	129	108	51	74.11	14	118	142.22	71	65	2	50	48.52	150	73	20	56	84.52	117	83	79.59	88	65	150	51	112.87	45	30	136	127																																																																																																																																																																																														
17	101.89	60	117	129	3	109.15	82	132	114	104	105.03	76	80	6.63	32	135	132	92	103.42	102	90	70	94	83.86	10	110	11.69	38	27	102	119	88.68	122	14	14	8	20.24	106	131	98.82	24	95	23	88	112.13	63	33	97	21																																																																																																																																																																																														
108	91.03	72	66	66	52	7.28	129	118	26	24	78.68	130	143	9.27	99	87	104	58	89.12	64	19	37	132	132.74	40	20	106.09	55	97	137	64	27.03	46	66	60	116	131.24	100	84	24.5	55	137	54	116	85.6	71	120	123	5																																																																																																																																																																																														
9	41.34	91	14	34	26	70.74	48	96	119	90	95.69	65	17	144.88	85	96	77	147	117.61	145	2	3	139	83.45	51	144	115.57	144	110	123	79	67.09	74	30	50	126	6.82	126	81	115.59	16	131	144	21	118.85	26	127	141	130																																																																																																																																																																																														
72	52.36	84	102	142	133	134.68	112	23	146	119	109.45	138	150	18.03	70	80	53	60	76.87	56	105	82	22	123.31	131	57	146.9	116	48	55	53	117.96	58	86	6	83	41.34	132	112	60.23	23	62	59	122	68.72	150	102	3	70																																																																																																																																																																																														
143	2.31	118	93	89	71	63.66	126	23	148	127	43.81	143	17	101.36	104	60	23	4	112.88	10	14	138	98	78.15	135	80	132.69	73	21	12	19	55.68	72	28	61	101	92.14	64	113	110.45	31	86	80	143	13.69	141	29	121	75																																																																																																																																																																																														
46	6.87	47	149	140	3	103.12	111	46	43	109	85.93	67	44	76.96	114	69	75	94	73.79	107	31	74	91	11.09	108	97	133.66	149	117	148	18	68.2	31	27	122	72	90.96	146	120	103.47	31	116	22	144	36.44	16	96	74	66																																																																																																																																																																																														
32	40.64	38	105	30	67	113.7	99	121	131	149	81.28	52	133	122.79	101	23	101	56	32.63	132	56	110	99	36.38	50	137	96.46	58	77	2	87	61.19	105	76	5	22	13.75	53	128	75.85	41	53	122	11	33.4	110	76	45	79																																																																																																																																																																																														
77	6.23	144	144	138	58	64.59	66	68	81	31	117.77	113	78	44.23	124	74	14	9	63.5	141	2	34	85	92.5	17	103	138.89	122	122	27	101	22.59	96	62	40	144	76.71	94	136	89.4	59	73	31	127	95.18	92	140	104	51																																																																																																																																																																																														
129	53.83	11	79	6	145	90.96	27	75	124	42	89.44	138	4	7.93	75	148	107	25	108.5	64	12	62	148	132.49	147	29	126.69	53	80	43	84	35.79	9	66	28	37	125.93	132	118	115.24	95	25	104	59	132.35	17	2	53	6																																																																																																																																																																																														
50	131.22	119	35	21	108	144.64	46	27	49	86	123.2	92	102	29.87	34	42	96	138	145.11	60	112	146	96	52.11	6	149	16.76	10	144	102	137	38	44	27	27	112	142.13	132	134	132.25	31	22	63	74	32.94	11	6	76	148																																																																																																																																																																																														
30	101.55	26	76	143	98	18.88	104	75	83	100	85.39	70	76	141.12	30	82	87	108	12.09	85	129	8	21	59.92	57	98	68.96	19	50	84	47	138.93	97	74	9	3	146.74	31	143	18.08	85	127	65	1	22.37	116	74	44	37																																																																																																																																																																																														
37	57.83	42	85	74	39	42.67	11	58	71	9	14.15	136	46	142.18	149	58	51	12	99.74	24	113	123	105	95.34	127	115	14.38	77	67	80	87	53.62	141	32	99	34	54.05	56	113	75.6	122	24	3	35	100.98	126	91	4	82																																																																																																																																																																																														
140	6.72	75	53	60	83	130.6	79	87	74	34	59.66	90	108	67.67	146	145	101	84	66.29	74	38	91	101	68.66	81	143	46.52	4	71	5	5	139.66	61	27	37	41	107.94	24	83	74.63	93	82	67	57	125.96	52	93	108	80																																																																																																																																																																																														
60	38.28	81	105	140	48	73.81	116	145	87	23	65.87	53	57	131.24	108	53	74	134	96.67	91	120	56	114	119.01	2	34	119.84	137	109	106	61	79.47	22	15	53	146	33.8	54	34	133.77	100	4	64	50	104	102	102	117	51																																																																																																																																																																																														
93	33.21	24	131	22	121	145.4	91	59	41	22	146.76	28	8	50.52	43	143	113	131	82.95	31	54	105	141	28.95	53	59	19.47	6	43	125	10	48.59	80	18	29	87	107.52	20	117	96.63	149	55	102	143	92.53	97	22	81	87																																																																																																																																																																																														
110	1.89	148	55	89	57	99.12	81	132	14	112	14.07	118	124	125.14	147	84	45	7	111.48	43	83	67	106	6.14	121	128	98.23	3	118	17	88	63.64	119	62	64	34	65.34	134	104	84.62	47	71	16	80	20.3	122	36	128	11																																																																																																																																																																																														
43	56.86	135	140	94	60	75.42	5	113	146	86	109.56	27	109	22.46	130	137	4	147	57.81	109	80	150	14	19.31	83	117	133.95	149	82	118	13	68.9	82	121	117	6	44.53	70	46	4.23	116	114	31	138	49.23	77	41	16	27																																																																																																																																																																																														
23	46.71	5	150	90	134	45.95	142	39	47	62	41.22	99	119	95.95	56	52	67	148	88.68	57	101	143	53	64.65	46	112	52.81	83	83	97	27	28.97	52	128	65	97	75.73	93	3	33.57	60	99	35	72	63.77	112	133	109	5																																																																																																																																																																																														
98	20.75	1	124	9	125	27.73	18	129	78	31	20.66	124	82	137.15	65	10	62	5	73.09	124	68	73	78	3.8	89	117	85.03	59	47	53	75	87.94	18	57	24	103	147.69	100	60	32.45	16	19	52	98	146.4	92	128	65	35																																																																																																																																																																																														
133	77.19	60	10	14	107	146.47	47	109	24	81	5.21	12	92	16.53	147	105	94	73	37.27	37	69	14	25	33.18	20	60	54.78	7	61	71	41	143.29	27	115	80	85	19.56	61	146	122.23	80	43	27	134	133.28	81	4	149	98																																																																																																																																																																																														
106	51.21	94	75	8	90	121.95	75	35	22	145	14.65	48	48	96.9	73	109	56	129	105.12	56	93	148	69	144.13	117	37	46.15	75	19	53	30	138.26	41	116	95	40	53.65	19	19	143.3	15	30	21	23	3.81	145	55	54	72																																																																																																																																																																																														
137	52.4	17	61	53	100	44.15	10	58	68	103	21.53	4	128	6.96	52	61	139	21	62.31	56	119	24	63	101.9	3	49	86.29	111	44	126	148	55.47	28	114	33	5	140.31	74	77	64.36	139	10	106	92	9.77	143	127	5	132																																																																																																																																																																																														
105	10.13	86	114	134	8	132.76	117	45	66	126	14.64	94	61	131.01	101	132	109	133	19.92	100	79	92	83	6.82	21	139	99.27	147	85	110	14	30.45	39	55	49	96	33.37	36	33	84.13	92	67	111	69	128.28	115	145	39	5																																																																																																																																																																																														
117	119.07	66	6	66	91	21.61	41	9	19	114	147.91	124	94	62.54	99	144	131	51	78.86	32	65	32	67	3.17	28	138	29.78	102	137	79	11	99.32	3	15	145	127	144.6	35	4	84.11	15	146	83	94	96.4	30	15	89	73																																																																																																																																																																																														
142	114.62	145	14	90	94	56.27	25	93	2	47	86.92	91	4	131.18	7	131	13	129	78.52	99	128	17	21	143.6	101	78	38.56	118	19	8	38	85.99	122	147	13	108	89.07	116	36	2.16	34	41	105	76	4.83	78	18	72	111																																																																																																																																																																																														
85	124.66	36	94	33	150	100.25	148	150	63	3	144.39	19	7	118.86	124	116	129	18	65.83	64	89	57	144	25.92	48	30	54.46	45	86	31	74	134.26	86	54	39	39	38.08	121	16	58.89	68	148	139	147	104.48	109	117	19	56																																																																																																																																																																																														
91	137.2	149	114	38	129	66.92	61	124	41	81	114.38	42	73	121.65	8	19	94	109	40.09	53	33	150	78	95.71	33	15	147.04	23	126	136	82	79.28	81	136	54	120	44.12	13	23	77.78	140	106	115	139	140.66	34	65	41	49																																																																																																																																																																																														
34	12.87	2	20	88	93	87.1	123	124	147	48	122.21	123	147	133.2	61	85	94	21	135.81	52	89	25	20	82.05	105	110	116.3	120	40	86	3	67.16	137	68	75	91	90.34	84	42	139.21	141	72	126	113	34.41	114	134	31	92																																																																																																																																																																																														
94	43.29	145	124	118	119	46.33	117	46	70	85	12.08	67	121	54.64	10	150	33	116	89.64	9	148	9	83	120.06	33	119	39.78	93	28	100	72	47.73	79	65	57	87	116.44	74	145	53.23	55	74	51	26	34.26	91	48	143	61																																																																																																																																																																																														
85	20.65	37	131	39	81	70.59	85	124	16	4	68.22	105	30	149.17	53	71	84	11	31.38	113	67	141	29	115.83	110	100	98.95	11	58	100	113	122.27	46	29	58	55	138.06	100	120	147.84	86	13	126	3	43.27	135	84	24	125																																																																																																																																																																																														
147	5.11	96	150	30	38	86.69	5	66	78	79	133.54	99	50	76.86	79	23	70	41	126.95	65	12	123	123	86.85	105	109	35.34	145	132	54	77	94.46	117	80	122	59	23.01	1	84	97.48	105	108	55	125	131.72	90	89	122	35																																																																																																																																																																																														
12	104.42	41	87	58	126	110.12	57	69	83	116	106.21	39	83	124.89	140	71	46	65	97	120	7	72	4	24.65	13	50	35.48	116	145	132	138	117.4	65	51	107	9	73.14	122	46	5.57	7	13	76	52	146.14	140	128	20	30																																																																																																																																																																																														
49	129.58	36	9	110	14	61.06	64	67	77	24	134.34	29	52	23.55	143	13	61	12	5	111	21	97	115	110.9	75	75	101.1	15	77	19	19	126.5	84	143	76	87	77.06	98	84	94.14	98	21	37	107	38.07	27	101	84	32																																																																																																																																																																																														
12	31.3	67	127	15	102	130.76	26	24	121	111	81.08	66	126	44.89	49	146	118	111	51.1	52	87	49	49	88.7	40	77	130.79	102	54	32	73	148.44	23	136	21	126	67.99	54	46	146.64	114	46	138	50	97.88	48	104	29	17																																																																																																																																																																																														
9	137.4	65	57	10	26	13.35	11	52	140	89	75.53	109	110	112.49	108	74	119	85	140.84	54	98	79	56	92.81	70	25	109.42	94	81	80	4	14.48	149	9	59	68	18.32	87	74	27.16	126	17	84	116	144.16	65	43	142	30																																																																																																																																																																																														
66	98.52	27	32	108	84	91.55	27	91	138	54	76.2	110	103	10.17	17	100	114	99	33.53	135	70	7	108	134.15	146	122	19.69	91	43	93	99	8.16	144	116	46	43	149.07	44	62	74.9	91	41	30	19	115.91	53	57	39	70																																																																																																																																																																																														
38	140.93	93	134	144	85	133.03	68	37	85	79	22.49	42	5	135.28	29	36	41	64	90.35	83	126	76	110	98.44	99	105	41.52	73	74	136	122	16.95	38	10	109	71	69.21	139	38	27.32	74	23	91	138	76.79	13	15	27	144																																																																																																																																																																																														
145	58.15	13	111	129	55	70.55	37	103	92	55	22.9	74	12	11.48	24	68	123	44	113.49	139	29	10	11	56.59	145	16	21.41	107	83	107	119	42.39	98	80	20	59	27.12	53	80	105.26	99	112	107	71	89.12	93	130	126	136																																																																																																																																																																																														
77	53.47	99	93	2	38	11.7	32	53	3	65	122.66	14	69	107.15	81	102	126	138	72.88	148	46	137	128	142.24	76	126	139.45	146	109	102	3	84.9	28	112	116	144	122.46	81	51	118.39	29	115	12	45	14.02	41	31	47	90																																																																																																																																																																																														
61	76.94	73	81	26	128	22.33	41	77	125	138	55.91	68	149	40.67	29	14	141	7	117.65	33	129	122	137	120.58	54	10	58.53	28	75	75	32	46.96	57	109	57	71	12.12	102	126	140.29	57	58	61	117	58.83	74	29	36	75																																																																																																																																																																																														
29	94.38	105	108	101	139	7.81	1	52	29	29	6.94	93	124	116.53	5	40	147	135	50.66	117	129	68	14	121.01	68	107	74.05	81	149	96	78	27.8	126	28	10	98	74.38	19	91	138.28	80	98	8	99	75.38	91	118	2	52																																																																																																																																																																																														
105	127.53	106	75	7	113	72.36	50	23	80	55	94.37	22	118	124.45	132	32	8	6	125.41	99	31	53	150	93.61	68	110	118.17	138	36	28	98	89.29	53	147	38	29	122.67	139	99	59.32	145	5	45	51	49.21	70	34	146	47																																																																																																																																																																																														
96	140.28	35	59	76	126	87.66	1	51	140	73	80.13	132	112	82.28	121	64	73	12	20.89	136	45	135	10	107.5	23	97	73.61	137	74	111	48	104.6	35	143	79	88	114.4	140	104	42.34	92	5	114	122	129.04	101	14	70	111																																																																																																																																																																																														
3	148.91	6	94	26	48	105.11	59	132	108	3	102.27	20	48	61.37	147	100	84	112	100.51	39	35	1	11	6.25	52	18	51.92	140	135	145	65	26.91	82	73	58	9	120.45	71	106	91.02	143	97	48	6	54.29	116	132	65	49																																																																																																																																																																																														
128	52.22	137	142	75	40	52.5	102	42	16	44	31.3	111	30	107.38	54	24	69	44	78.66	93	99	65	77	22.16	109	51	149.85	39	12	24	122	129.39	45	101	60	108	60.9	56	57	60.24	117	30	70	99	100.69	140	66	29	59																																																																																																																																																																																														
137	61.6	86	130	56	108	33.58	30	39	14	40	41.6	24	101	22.42	12	3	118	14	8.44	25	142	96	111	71.74	141	119	44.39	63	112	129	9	73.43	39	127	144	85	93.59	84	8	5.2	127	93	102	125	133.7	71	69	110	82																																																																																																																																																																																														
109	82.4	16	136	3	26	76.66	104	36	57	123	27.07	15	39	91.73	23	60	90	139	120.65	105	75	37	64	46.63	122	62	8.71	76	142	11	141	73.9	41	106	73	38	95.17	90	17	61.7	48	34	144	112	7.95	148	58	100	7																																																																																																																																																																																														
135	117.79	111	30	18	35	105.29	36	49	7	145	148.26	72	150	4.19	11	40	135	149	124.04	128	66	143	136	30.06	1	42	149.94	137	67	145	70	143.65	120	125	121	108	35.54	50	98	110.94	108	115	51	142	54.79	20	71	143	67																																																																																																																																																																																														
89	149.91	19	45	75	12	45.87	139	150	34	79	51.68	47	149	27.48	23	132	75	83	104.99	124	78	59	148	119.01	61	140	145.15	32	94	31	93	25.81	150	95	100	139	4.67	103	122	97.01	130	139	17	23	43.81	91	134	45	60																																																																																																																																																																																														
148	61.55	20	139	145	14	8.73	57	90	30	139	95.05	66	85	79.44	4	107	68	50	130.35	149	128	20	40	125.56	117	130	18.05	35	85	134	76	149.97	68	75	62	5	40.09	105	113	27.96	131	14	112	64	145.23	3	142	122	127																																																																																																																																																																																														
58	54.4	105	130	81	59	146.18	10	147	13	147	61.43	147	74	20.19	149	121	136	6	38.87	100	14	94	87	84.41	16	15	27.67	127	83	102	67	10.9	143	56	141	79	106.08	46	134	10.95	110	20	31	19	146.21	85	74	138	78																																																																																																																																																																																														
60	17.29	123	127	114	72	76.46	45	66	11	144	126.9	137	38	146.04	127	107	114	72	66.42	117	107	115	149	129.32	115	46	45.09	127	36	31	40	39.2	43	89	74	98	3.95	92	69	1.01	135	28	53	121	116.55	32	13	78	110																																																																																																																																																																																														
38	112.19	111	113	45	71	107.53	111	130	100	74	125.3	40	32	10.72	31	11	123	77	126.74	94	34	107	68	24.97	70	143	115.49	63	26	12	85	115.83	80	33	126	130	37.36	38	139	1.19	44	54	43	141	7.7	67	94	37	18																																																																																																																																																																																														
89	40.07	107	145	16	68	91.2	149	142	65	25	38.42	46	125	87.59	120	52	93	99	105.72	114	116	17	10	147.92	130	39	133.03	14	56	65	66	6.99	25	80	126	54	113.04	60	2	122.46	150	149	101	127	48.93	48	76	76	97																																																																																																																																																																																														
136	79.16	82	124	118	46	93.13	42	9	36	132	50.47	64	98	143.9	41	88	116	91	120.27	148	21	25	116	77.3	63	81	146.16	81	95	70	74	1.28	27	62	75	45	120.69	138	81	16.23	92	124	101	42	45.15	134	4	115	56																																																																																																																																																																																														
83	105.56	90	61	108	31	134.2	62	2	75	135	33.78	96	115	85.94	139	132	35	86	58.32	83	69	120	114	134.69	140	96	31	109	141	53	145	124.06	66	91	130	27	42.2	23	70	54.6	145	111	87	33	137.31	9	137	120	46																																																																																																																																																																																														
15	64.49	130	103	121	101	14.14	145	45	93	61	69.52	75	49	39.48	134	137	141	7	19.87	21	99	146	61	130.66	104	69	94.63	12	42	19	105	81	141	23	79	129	12.02	6	73	98.37	50	95	24	133	54.99	137	50	14	72																																																																																																																																																																																														
2	17.64	134	91	93	60	78.58	109	63	21	147	139.79	150	122	148.84	140	83	46	115	3.35	76	12	33	27	2.59	82	119	131.64	6	136	48	22	146.83	37	12	73	27	44.38	146	48	42.52	20	79	99	87	87.99	86	61	45	17																																																																																																																																																																																														
142	137.92	41	145	72	52	37.26	121	12	82	23	137.61	134	92	8.48	25	83	123	9	146.11	57	52	19	127	27.43	139	13	16.78	137	142	21	17	23.74	110	7	37	60	54.7	86	88	116.39	128	118	22	124	125.93	94	124	28	10																																																																																																																																																																																														
43	104.84	110	137	27	143	74.33	37	37	121	1	117.75	18	127	38.06	70	87	107	88	46.61	42	66	122	93	14.48	130	23	57.32	94	139	85	137	106.81	47	106	114	81	59.58	86	49	48.95	85	15	143	62	101.92	55	114	146	6																																																																																																																																																																																														
76	51.38	32	57	24	22	31.77	91	98	46	80	9.86	121	49	83.91	9	11	137	71	133.62	35	10	25	44	12.31	104	93	87.94	4	49	125	3	9.15	140	69	51	85	29.15	102	60	107.48	14	75	16	111	94.4	98	47	25	48																																																																																																																																																																																														
112	90.18	91	56	19	57	29.55	48	134	30	73	128.2	15	136	1.49	126	9	115	27	86.36	134	137	38	8	22	80	81	79.57	115	31	9	89	138.72	69	106	49	83	100.55	5	29	54.75	6	79	143	137	128.21	74	142	106	97																																																																																																																																																																																														
65	9	28	109	92	13	64.2	126	50	93	86	134.53	119	60	38.29	53	73	51	68	28.19	99	60	20	99	98.61	9	61	115.05	23	40	140	15	30.34	78	141	95	51	25.47	145	144	36.54	86	50	136	16	46.36	46	102	74	124																																																																																																																																																																																														
13	126.13	79	12	115	71	63.76	22	64	132	142	146.46	142	33	117.23	141	88	51	39	102.39	92	82	149	89	142.48	38	71	124.1	112	91	110	123	131.28	25	32	146	117	111.23	1	139	44.77	112	21	83	123	144.61	62	66	84	22																																																																																																																																																																																														
80	129.44	55	39	3	43	60.72	103	132	8	69	100.42	77	29	57.96	85	103	6	130	115.04	131	88	107	54	68.54	60	36	84.49	54	49	63	60	136.47	125	48	10	88	77.93	35	101	113.46	138	63	100	121	31.8	9	139	13	145																																																																																																																																																																																														
40	40.96	61	59	94	59	121.97	52	74	16	100	62.66	116	6	59.62	28	6	132	138	21.82	119	94	77	95	51.69	20	24	17.81	149	140	114	104	80.92	81	19	145	29	16.16	93	144	47.09	44	39	105	119	44.8	129	133	98	34																																																																																																																																																																																														
29	84.93	5	44	23	20	69.13	58	105	26	146	127.18	132	65	28.91	29	136	130	85	58.36	59	31	108	16	9.07	7	40	129.01	71	104	12	2	93.54	148	21	13	47	103.46	12	42	105.95	40	90	3	119	33.23	137	2	80	64																																																																																																																																																																																														
116	35.76	29	123	79	10	47.39	140	15	48	116	84.53	138	131	9.06	127	138	22	99	122.36	17	13	13	92	146.82	136	99	11.38	66	74	52	13	19.49	140	145	77	107	27.8	150	147	70.09	23	83	30	56	67.87	89	109	67	111																																																																																																																																																																																														
5	74.4	23	34	139	108	86.64	123	133	58	127	85.05	137	114	94.98	114	110	14	124	139.82	56	39	113	81	25.6	120	66	47.01	107	144	70	149	34.7	119	46	54	79	38.87	64	94	100.69	91	65	99	88	82.38	104	75	143	146																																																																																																																																																																																														
12	83.3	63	145	77	42	10.49	50	61	2	4	66.63	65	65	90.36	68	20	46	24	134.79	112	144	53	23	141.29	37	107	110.86	73	70	76	111	20.31	115	104	98	144	121.47	99	141	24.46	46	59	85	47	83.13	13	118	91	128																																																																																																																																																																																														
135	16.19	138	16	15	80	148.57	5	61	107	11	4.18	100	134	53.98	102	123	108	138	79.86	62	6	50	133	49.79	10	141	61.64	110	93	19	93	61.86	83	74	127	90	23.69	52	88	14.5	24	93	10	51	29.57	21	29	136	72																																																																																																																																																																																														
104	144.69	14	18	84	90	78.94	72	71	120	55	65.21	15	62	138.9	86	39	115	94	33.95	150	59	57	16	78.04	41	72	33.27	105	85	125	122	40.63	143	133	24	142	80.75	10	6	45.02	146	89	138	66	135.4	38	97	32	71																																																																																																																																																																																														
83	19.73	79	22	77	66	19.25	11	13	126	79	121.61	78	19	67.96	16	4	70	92	48.29	88	68	80	101	44.58	94	140	44.49	71	43	56	45	64.27	68	127	82	101	100.61	129	98	101.11	4	65	12	67	52.62	83	99	44	21																																																																																																																																																																																														
102	15.51	81	131	39	105	85.62	25	1	110	29	136.27	75	44	45.4	77	133	43	30	126.46	100	11	140	134	56.83	34	124	51.08	24	84	26	114	86.24	147	66	51	146	103.61	33	143	26.33	146	95	92	36	46.08	49	97	85	122																																																																																																																																																																																														
80	23.01	77	116	144	72	73.62	57	87	23	63	120.6	68	110	56.44	147	21	79	50	89.44	42	30	116	40	112.97	85	38	79.55	89	130	86	126	54.25	148	100	145	3	144.43	59	96	144.9	36	145	91	86	103.66	106	26	18	144																																																																																																																																																																																														
48	31.81	150	131	56	139	140.66	128	146	135	26	42.3	60	110	90.55	28	104	6	83	83.88	71	126	137	134	105.3	10	64	28.69	19	37	72	8	84.99	106	59	127	24	31.99	8	28	116.78	75	30	62	24	94.77	12	36	89	25																																																																																																																																																																																														
125	67.64	125	24	73	60	25.28	36	107	142	80	75.31	43	104	114.43	84	67	62	38	22.55	39	144	103	126	126.38	24	4	28.27	3	103	37	6	42.88	30	71	122	104	32.53	132	131	122.27	21	33	128	90	127.33	134	40	119	136																																																																																																																																																																																														
5	110.17	86	42	121	32	76.33	53	17	140	72	107.82	26	81	57.8	75	133	133	6	118.85	118	111	4	82	15.15	77	122	22.91	6	67	110	16	9.8	10	114	139	59	1.41	133	124	110.28	16	39	18	98	130.45	65	24	64	56																																																																																																																																																																																														
135	44.06	117	125	16	74	91.65	127	62	116	47	13.12	74	147	83.49	74	148	104	127	36.61	73	24	128	65	47.65	26	42	116.5	5	52	134	116	54.34	127	20	25	80	19.53	121	48	136.72	97	68	17	97	12.34	6	99	8	109																																																																																																																																																																																														
110	106.14	109	5	35	123	77.08	70	58	65	41	96.54	108	25	99.31	133	126	97	73	75.11	145	7	30	72	136.4	46	25	70.31	78	57	85	134	137.45	71	68	79	133	1.35	99	5	1.63	33	123	122	87	91.5	24	56	116	41																																																																																																																																																																																														
56	147.75	45	84	113	81	5.34	130	9	9	99	31.92	106	132	73.42	115	49	91	49	140.79	111	147	149	38	43.32	2	15	128.81	18	91	67	45	16.79	9	116	88	144	101.19	21	145	49.41	90	72	109	87	139.26	43	33	70	69																																																																																																																																																																																														
10	56.9	25	100	96	97	45	25	115	115	105	140.54	121	5	104.69	58	36	120	94	37.82	100	105	107	33	103.97	30	33	130.16	58	45	92	39	127.23	125	139	43	114	9.24	114	3	140.2	114	26	113	30	91.03	64	57	124	130																																																																																																																																																																																														
84	146.41	18	118	106	146	31.75	20	15	51	90	4.69	66	36	122.87	94	147	149	115	123.92	120	92	63	9	93.54	91	57	112.76	118	22	119	75	85.66	75	90	116	109	23.78	54	108	97.73	70	141	81	136	10.04	78	17	110	110																																																																																																																																																																																														
148	15.56	70	64	52	85	146.96	57	30	89	76	131.66	63	94	13.85	9	27	115	34	67.93	4	67	60	4	92.36	64	56	61.23	110	41	76	106	75.2	140	21	105	91	79.32	60	141	46.8	65	76	127	31	8.13	80	14	130	83																																																																																																																																																																																														
142	119.7	98	124	44	85	39.87	76	106	37	25	83.24	50	94	48.53	72	6	114	28	77.6	103	57	16	16	95.11	116	146	67.01	28	24	93	74	119.61	39	60	146	33	107.29	25	105	97.57	142	149	149	1	70.58	31	108	50	9																																																																																																																																																																																														
51	37.54	42	146	64	62	128.36	18	31	57	30	103.05	106	96	118.8	122	41	119	51	127.29	36	99	27	112	146.35	65	52	124.08	13	52	26	128	31.24	5	140	146	27	78.5	78	17	111	2	93	58	143	50.46	85	149	91	120																																																																																																																																																																																														
74	45.19	20	62	143	108	4.43	82	53	13	76	32.43	118	22	20.25	127	146	57	38	4.9	38	20	130	111	17.83	66	5	56.45	114	10	65	130	29.01	94	50	6	102	71.72	18	137	50.07	40	55	77	82	74.79	26	141	74	92																																																																																																																																																																																														
88	126.97	57	123	86	54	44.22	55	28	125	58	92.42	138	84	49.42	49	19	150	21	139.65	23	144	136	78	130.57	144	89	65.81	144	140	81	4	10.57	57	73	47	70	73.84	96	58	121.04	128	110	29	106	128.33	67	89	74	79																																																																																																																																																																																														
133	80.73	106	108	53	137	104.5	35	121	9	53	34.07	69	150	19.16	85	50	110	53	104.11	112	117	96	147	102.41	9	149	75.15	74	38	82	113	43.51	135	127	10	120	126.4	149	22	72.77	63	131	139	120	129.71	8	68	130	5																																																																																																																																																																																														
70	127.97	130	111	126	129	75.41	25	91	35	26	109.08	50	94	65.43	88	126	129	4	57.75	113	50	79	96	85.25	67	143	94.94	25	88	92	106	117.24	38	73	63	8	51.83	136	121	147.61	79	69	148	81	113.64	144	35	114	62																																																																																																																																																																																														
106	79	99	33	39	129	37.97	129	25	75	143	83.55	4	35	108.58	33	28	31	116	66.71	110	3	142	77	40.04	15	64	119.39	131	111	18	148	83.47	90	48	83	20	39.12	16	28	107.39	10	1	118	146	46.05	104	135	109	75																																																																																																																																																																																														
69	46.8	36	86	42	1	27.25	11	105	35	79	28.67	43	45	14.94	105	135	26	89	21.67	2	117	108	62	33.29	94	49	84.2	84	133	72	26	127.33	12	53	107	121	118.8	103	86	121.35	131	123	58	116	17.77	9	3	141	124																																																																																																																																																																																														
41	60.18	30	59	14	69	126.87	106	81	63	37	124.22	96	127	112.68	17	31	61	29	124.47	64	82	106	108	65.9	64	143	106.8	61	14	54	105	32.39	58	80	32	21	57.77	146	7	3.49	98	111	70	149	76.24	90	128	21	91																																																																																																																																																																																														
21	144.92	36	90	74	67	55.08	35	102	130	20	54.76	86	88	17.57	111	4	47	58	103.17	135	148	1	73	7.49	27	121	65.82	147	120	8	89	133.39	120	104	112	43	15.11	99	64	112.86	96	87	30	50	81.83	36	120	71	38																																																																																																																																																																																														
25	5.53	126	14	120	119	126	44	97	20	37	135.2	99	33	137.78	35	89	40	74	36.83	33	61	130	125	7.64	110	110	39.49	92	4	136	10	88.65	65	55	93	78	22.81	111	113	61.74	7	74	110	16	34.71	57	108	71	10																																																																																																																																																																																														
122	120.11	133	35	112	17	118.57	62	42	102	55	82.42	146	90	35.18	141	94	85	98	144.65	101	41	95	42	129.25	48	138	23.57	131	149	52	93	13.43	129	88	135	85	73.41	80	65	101.46	16	39	118	60	10.17	135	68	1	82																																																																																																																																																																																														
117	9.7	31	30	61	51	29.11	148	2	83	57	82.86	122	112	100.05	50	47	68	101	57.49	78	83	11	77	74.5	6	15	137.46	16	85	53	43	61	101	52	100	62	24.01	147	68	27.32	17	65	83	5	114.45	13	117	81	62																																																																																																																																																																																														
128	137.81	40	98	121	93	13.62	110	149	129	138	81.02	60	94	80.19	101	14	52	22	111.56	82	44	146	84	19.33	25	33	92.69	64	26	137	51	114.71	47	16	122	78	90.37	150	18	18.86	65	25	23	69	52.94	1	25	119	69																																																																																																																																																																																														
47	141.06	109	124	30	118	6.01	35	17	54	150	97.16	122	51	9.87	147	26	19	11	88.99	113	109	93	89	18.46	60	24	140.23	136	10	106	125	75.54	145	138	14	1	73.01	22	37	94.13	42	43	95	114	145.59	79	140	94	8																																																																																																																																																																																														
68	117.08	106	39	77	96	80.81	109	105	126	91	104.43	100	109	45.46	141	16	71	17	55.24	6	120	129	55	51.97	119	133	22.53	137	108	53	5	18.01	8	106	46	145	12.75	101	92	36.33	75	78	42	100	75.4	122	58	96	61																																																																																																																																																																																														
121	120.12	62	136	58	135	122.66	120	96	98	117	25.4	149	27	19.93	104	63	89	96	79.03	25	96	102	16	146.88	85	131	141.2	40	121	128	113	70	29	145	109	148	37.06	3	117	100.84	17	8	140	35	82.74	17	50	123	44																																																																																																																																																																																														
85	71.72	139	72	59	20	117.8	98	135	9	36	44.77	101	139	41.89	50	144	150	137	105.53	5	65	25	124	87.77	64	22	52.73	119	65	17	94	40.96	40	111	73	61	141.84	87	121	15.33	142	9	69	72	112.59	122	114	91	108																																																																																																																																																																																														
75	49.75	67	34	100	18	21.21	1	145	32	52	148.91	52	83	107.99	79	122	104	11	5.8	132	110	42	103	116.44	37	65	112.31	90	87	118	95	41.43	33	37	89	14	95.64	122	8	9.39	149	137	81	76	127.6	73	105	3	35																																																																																																																																																																																														
131	132.08	31	136	126	33	11.28	87	126	113	36	130.92	123	86	72.3	19	86	7	16	32.3	45	51	144	105	40.31	9	26	104.57	31	83	56	88	90.13	82	95	41	90	51.98	56	25	94.04	110	114	85	26	144.37	4	4	86	81																																																																																																																																																																																														
115	42.83	91	63	130	131	141.08	9	7	14	83	66.11	147	150	22	16	26	147	140	1.61	4	119	49	86	28.66	97	38	131.59	5	131	66	101	22.88	59	6	115	142	140.13	116	84	63.92	61	92	123	106	25.95	101	5	141	2																																																																																																																																																																																														
76	87.15	63	112	143	14	131.75	131	51	150	65	117.22	34	34	19.25	60	46	146	107	48.57	147	79	6	60	107.54	112	134	91.83	28	68	24	88	73.85	84	49	142	22	141.6	130	25	144	101	53	108	49	37.99	81	20	14	99																																																																																																																																																																																														
61	22.31	139	50	20	3	37.45	123	7	137	27	138.31	121	73	122.04	100	32	86	49	52.04	49	137	30	136	84.37	139	130	67.8	99	146	80	111	147.41	7	3	58	18	9.72	122	120	137.22	31	122	75	59	129.38	12	52	127	116																																																																																																																																																																																														
69	148.55	24	17	24	106	94.87	101	148	128	95	131.43	92	65	57.9	119	40	29	95	74.39	35	53	13	53	98.05	27	134	125.8	3	74	27	88	136.07	137	54	131	147	21.25	8	8	21.49	85	73	108	110	40.65	117	148	46	21																																																																																																																																																																																														
59	15.57	112	16	65	95	13.52	83	119	84	88	14.69	61	74	112.69	42	145	78	122	16.33	41	111	25	67	110.14	30	8	148.21	128	24	76	112	58.17	147	46	129	10	30.48	41	56	126.59	18	51	49	13	89.22	143	80	114	65																																																																																																																																																																																														
79	40.2	6	72	6	95	32.93	87	94	42	37	115.38	7	100	55.87	102	148	15	11	76.29	103	44	20	105	95.92	86	105	105.15	36	143	144	108	63.15	40	135	61	64	57.61	77	85	19.52	16	56	144	91	2.56	57	121	57	85																																																																																																																																																																																														
70	17.32	92	39	25	114	98.36	36	120	9	53	91.87	68	21	147.93	13	136	74	34	89.18	88	141	69	22	13.47	101	6	136.95	14	119	99	103	140.01	150	74	54	96	21.47	112	67	3.11	121	98	55	106	124.09	6	109	94	108																																																																																																																																																																																														
56	19.46	146	136	102	36	4.36	146	37	126	79	119.33	59	104	138.23	91	30	33	11	118.22	93	141	32	120	93.26	113	94	11.23	3	145	97	15	69.04	126	107	44	122	71.15	65	76	26.07	56	25	114	85	31.31	122	77	65	36																																																																																																																																																																																														
140	138.15	26	12	17	44	143.23	31	1	145	18	22.77	40	81	91.7	69	51	42	19	5.19	102	103	125	122	74.12	78	141	113.87	44	68	138	44	81.38	149	18	15	71	115.61	127	93	73.01	50	26	134	43	13.16	126	39	53	56																																																																																																																																																																																														
49	3.28	38	142	116	48	64.7	54	72	121	117	77.26	63	22	111.03	69	113	119	46	91.15	62	124	31	73	48.2	80	39	3.56	104	38	125	23	122.69	21	148	21	140	80.89	36	9	3.84	130	131	150	64	83.7	81	78	42	121																																																																																																																																																																																														
80	108.58	30	71	32	126	13.1	60	78	1	32	51.22	6	94	114.71	120	102	65	52	111.71	126	10	100	32	118.91	34	28	35.17	8	80	105	26	80.3	52	24	150	44	118.85	132	10	149.57	8	117	121	136	126.21	85	100	82	118																																																																																																																																																																																														
41	134.6	128	2	48	2	138.79	124	48	126	124	28.69	97	135	101.63	2	49	94	28	130.46	148	24	80	117	126.12	38	4	23.51	2	75	45	107	86.49	10	40	41	6	141.97	112	23	100.12	86	61	40	111	83	95	132	86	42																																																																																																																																																																																														
116	38.82	50	104	35	28	100.98	45	86	147	1	69.43	97	89	38.14	28	26	58	53	79.22	43	134	26	55	66	22	70	81.11	60	55	76	48	67.51	30	3	42	10	34.96	144	129	70.73	32	28	111	53	103.2	101	119	45	98																																																																																																																																																																																														
132	144.94	80	71	87	16	13.82	137	82	65	86	71.25	116	99	93.64	46	124	48	94	63.15	40	116	42	80	44.79	88	76	12.09	149	53	105	148	22.96	60	60	85	9	40.62	117	106	48.31	134	135	115	117	115.86	63	41	30	96																																																																																																																																																																																														
3	48.94	27	50	86	75	141.11	80	2	133	105	15.92	72	33	64.11	117	80	35	44	43.84	90	88	21	69	144.86	9	139	120.42	55	22	27	58	125.45	117	25	63	123	56.48	37	23	107.08	103	92	55	47	144.27	46	95	21	8																																																																																																																																																																																														
150	52.39	112	90	2	91	46.35	135	50	146	86	69.21	105	51	38.26	37	17	115	3	16.43	124	53	36	121	57.99	91	41	115.19	65	68	136	49	16.14	143	61	55	24	31.64	21	69	125.15	21	19	135	123	144.35	53	15	112	113																																																																																																																																																																																														
122	58.19	113	50	47	8	132.3	130	80	5	7	89.55	78	52	66.94	83	122	57	120	129.97	75	19	2	38	14.16	92	37	119.58	23	31	101	132	91.98	20	23	1	60	142.43	139	121	143.41	4	114	86	136	6.64	9	94	92	105																																																																																																																																																																																														
90	140.97	110	132	56	7	94.29	108	44	35	31	2.3	78	113	126.71	82	112	67	86	8.35	12	51	142	57	142.7	64	136	28.49	94	102	78	28	114.97	5	51	127	145	111.69	142	52	63.44	47	28	8	10	44.38	23	73	137	115																																																																																																																																																																																														
5	59.35	139	121	48	67	66.57	25	122	128	145	55.67	28	90	79.27	71	11	20	26	85.37	5	117	76	50	43.32	90	80	59.37	77	107	49	7	17.96	117	1	67	35	2.82	101	47	112.29	8	38	15	115	147.33	84	21	27	144																																																																																																																																																																																														
85	123	6	143	149	19	72.24	45	144	139	82	137.66	74	133	122.16	36	65	141	43	131.29	122	99	125	19	73.49	149	89	28.59	83	36	33	49	135.69	35	136	66	50	120.18	107	6	80.8	63	56	56	86	67.65	83	65	117	86																																																																																																																																																																																														
9	52.56	17	68	39	30	2.12	48	54	120	136	80.62	121	9	1.93	129	42	15	97	23.34	114	16	45	125	31.97	131	82	80.62	138	63	110	80	37.93	15	18	27	48	103.53	73	113	124.99	69	87	63	91	86.73	76	87	32	124																																																																																																																																																																																														
69	120.03	22	92	50	56	17.86	95	118	39	37	69.15	128	131	135.08	67	97	143	102	24.25	132	137	62	33	18.55	94	85	98.31	30	136	22	130	32.76	84	8	52	43	87.19	140	27	74.54	28	51	137	19	135.04	148	91	119	55																																																																																																																																																																																														
125	96.4	98	77	74	139	93.74	41	141	1	93	116.52	142	25	76.1	100	110	66	74	85.79	82	70	41	71	126.44	41	9	12.57	102	89	107	48	28.78	12	58	69	9	12.29	119	32	103.06	60	37	2	83	10.74	149	99	8	150																																																																																																																																																																																														
38	140.52	6	11	19	25	146.46	104	14	87	127	115.95	19	54	7.24	12	78	119	104	110.48	112	105	89	114	131.51	142	113	40.51	150	101	117	84	57.52	105	100	62	22	98.03	27	13	66.98	104	45	109	74	148.95	112	83	1	149																																																																																																																																																																																														
71	103.5	116	132	83	47	139.85	33	35	19	55	113.62	59	127	16.11	145	69	79	64	106.05	80	121	10	18	126.64	33	27	91.78	134	37	120	7	136.52	55	66	137	21	126.85	132	14	118.83	89	17	48	13	149.14	71	31	96	139																																																																																																																																																																																														
101	87.22	55	80	102	138	124.34	57	133	82	71	92.21	129	88	17.18	75	39	90	116	105.45	9	97	103	43	140.33	149	38	76.13	29	43	19	119	98.01	147	145	3	104	138.57	78	149	134.63	19	77	44	67	5.78	112	68	121	48																																																																																																																																																																																														
80	111.77	78	124	78	90	132.45	86	72	86	53	82.45	7	110	27.06	52	2	38	92	40.76	147	144	11	147	106.9	124	133	118.5	29	22	69	50	119.47	4	99	38	57	50.94	57	56	25.49	127	34	74	32	123.46	39	63	29	137																																																																																																																																																																																														
59	149.71	75	71	9	61	42.13	17	139	126	66	14.8	118	124	87.86	102	125	53	5	134.93	134	127	27	51	149.17	1	106	24.06	72	26	137	50	137.4	137	52	108	21	69.05	115	29	88.38	132	94	147	12	79.4	28	113	64	143																																																																																																																																																																																														
25	40.77	36	90	34	83	77.29	99	134	48	62	92.59	78	71	88.13	63	71	41	67	63.4	53	14	109	9	41.7	69	133	78.87	7	83	30	14	80.16	92	79	113	103	115.81	115	132	71.93	136	141	11	76	25.9	71	65	125	20																																																																																																																																																																																														
33	85.46	45	61	76	82	86.07	59	127	103	9	121.34	34	36	105.93	45	79	97	7	80.31	111	74	4	118	2.83	122	102	137.59	110	58	65	118	81.35	109	91	76	41	80.41	64	130	13.18	73	114	51	57	62.27	132	99	139	30																																																																																																																																																																																														
63	53.49	15	68	101	45	135.83	124	107	84	100	12.33	130	145	64.2	100	122	17	49	122.34	85	12	64	35	79.91	84	8	76.47	46	107	19	20	83.6	85	24	83	29	25.84	20	124	114.05	33	61	1	98	38.11	63	23	59	113																																																																																																																																																																																														
76	75.3	18	3	81	11	115.36	59	144	100	73	60.39	2	126	8.48	135	148	106	146	4.58	2	134	69	24	20.12	100	121	124.76	144	85	8	14	18.66	2	103	19	103	95.78	119	81	32.52	59	135	140	102	1.57	127	25	15	47																																																																																																																																																																																														
102	100.22	73	47	19	139	129.09	140	47	143	102	114.77	33	71	110.61	110	135	126	96	144.24	93	15	91	72	118.31	23	9	107.71	45	13	75	116	49.03	118	26	44	113	96.84	89	143	62.49	83	134	40	42	8.1	86	147	83	2																																																																																																																																																																																														
133	69.05	139	93	63	126	22.97	122	113	98	72	142.65	47	43	44.94	70	1	145	139	4.53	124	60	48	133	94.3	109	119	144.07	36	40	97	66	18.68	64	56	95	142	149.76	3	91	39.59	92	70	34	36	2.04	82	113	144	113																																																																																																																																																																																														
139	141.13	52	125	12	131	114.34	102	33	92	52	35.56	38	103	105.14	15	4	40	123	112.15	69	127	143	6	69.16	31	138	22.28	126	143	117	106	34.74	29	67	64	132	135.03	126	95	77.66	14	60	39	24	11.89	3	139	71	109																																																																																																																																																																																														
21	66.51	82	103	111	111	106.71	91	5	92	78	15.28	50	9	92.55	130	138	19	127	77.09	39	34	16	144	17.07	72	135	80.24	52	59	118	59	55.42	69	8	92	102	49.53	14	135	36.89	115	56	101	62	106.93	42	57	81	109																																																																																																																																																																																														
144	26.37	91	59	148	38	106.54	22	30	13	71	139.64	23	112	125.83	31	35	9	44	127.83	108	139	35	97	145.01	108	13	54.32	63	75	39	102	81.15	58	46	45	84	149.34	89	118	74.22	146	45	94	129	97.17	31	3	30	56																																																																																																																																																																																														
144	27.89	107	136	144	104	56.51	140	3	25	145	13.51	105	124	88.2	120	111	122	98	9.57	50	125	72	130	26.61	2	39	59.86	19	107	82	83	103.71	40	80	20	21	48.74	83	9	74.43	79	128	42	140	40.06	143	9	69	145																																																																																																																																																																																														
4	70.24	87	140	71	17	129.01	82	19	61	112	126.83	14	101	8.22	70	6	57	127	49.61	46	130	78	60	77.76	42	12	60.82	14	62	40	10	88.69	99	76	89	45	110.88	14	114	59.78	89	24	95	89	109.87	1	132	110	131																																																																																																																																																																																														
70	98.46	135	91	132	90	84.58	127	72	28	64	89.34	73	49	13.17	68	35	74	97	145.04	29	2	40	110	12.69	7	58	129.61	105	28	7	18	145.95	123	66	41	133	108.78	121	121	92.81	16	132	122	134	129.47	34	95	35	93																																																																																																																																																																																														
33	52.27	16	112	114	3	26.78	62	67	109	56	127.69	142	131	135.66	31	85	57	48	138.52	116	36	3	26	101.13	99	68	127.4	60	16	56	7	1.36	60	66	6	118	72.33	73	84	50.64	130	102	113	94	17.73	99	92	23	48																																																																																																																																																																																														
43	114.26	123	16	61	72	56.93	103	17	11	65	80.21	99	84	44.88	82	39	62	120	74.15	101	2	109	129	94.51	35	25	136.14	115	28	139	15	116.68	58	76	17	35	86.7	3	46	101.24	78	98	73	15	58.09	90	115	50	31																																																																																																																																																																																														
13	80.18	129	117	108	16	147.4	100	48	63	137	51.97	120	110	120.28	106	21	53	68	143.93	116	58	68	68	114.59	82	72	137.35	62	114	101	51	128.24	127	110	1	69	147.85	68	57	140.66	94	78	83	90	44.74	111	7	36	10																																																																																																																																																																																														
101	132.85	15	28	29	87	97.74	73	86	5	111	49.19	40	127	96.18	90	1	105	88	8.6	102	147	109	124	112.01	134	19	72.62	150	65	124	53	119.71	23	35	49	30	115.48	141	121	94.4	147	99	65	5	113.39	40	34	103	68																																																																																																																																																																																														
104	18.19	94	3	29	85	144.7	87	37	9	145	22.94	18	116	47.31	114	77	55	145	137.21	115	139	98	139	97.75	24	126	98.27	92	31	99	38	141.37	105	80	96	62	32.88	110	20	111.95	65	37	75	50	76.75	82	48	52	10																																																																																																																																																																																														
17	18.04	70	117	41	30	78.98	11	145	42	97	127.25	85	101	70.03	48	58	109	142	53.38	63	28	122	18	91.03	46	83	110.25	40	82	116	59	92.02	125	126	23	76	53.42	108	33	126.13	15	149	62	110	101.68	117	40	37	97																																																																																																																																																																																														
96	51.32	64	74	148	45	93.79	67	93	89	139	139.99	35	114	19.37	22	76	106	117	60.55	20	11	22	143	50.01	131	7	76.14	145	53	17	2	54.89	59	130	81	44	101.38	18	132	92.86	126	93	66	69	149.01	142	9	139	129																																																																																																																																																																																														
74	129.87	6	149	126	90	98.44	74	57	68	35	46.93	143	142	94.12	27	49	99	67	127.74	14	130	7	131	97.88	88	104	100.13	60	54	25	104	12.59	42	5	117	14	78.35	7	138	79.42	45	127	78	88	96.71	104	125	20	36																																																																																																																																																																																														
36	94.52	120	46	122	6	32.83	110	87	133	41	93	79	73	17.85	150	52	2	50	93.41	65	1	51	102	69.35	130	115	35.77	11	98	27	71	36.98	54	33	148	134	61.23	2	90	146.01	82	37	104	35	58.14	88	55	41	58	9	11	103	31.08	85	131	17	129	60.74	72	138	99	44	112.54	99	28	78	139	136.77	82	89	55	95	10.77	74	101	129	33	61.45	51	13	14	69	26.94	107	6	14	52	66.75	11	60	75	62	72.33	20	116	106	121	81.28	5	126	37	101	49.06	136	26	43	61	132.26	118	131	2	80	39.59	47	105	61	147	74.57	109	35	59	24	107.53	53	79	27	3	13.52	132	39	130	75	74.75	145	135	55	134	35.78	39	74	62	34	89.27	28	89	122	43	147.73	94	86	142	45	46.18	69	15	133	130	106.21	57	81	32	117	91.97	14	144	113	45	76.11	145	15	150	124	12.51	38	144	51	115	59.08	31	95	115	58	81.83	80	72	42	55	87.69	6	78	106	112	44.14	12	112	122	16	21.3	35	35	1	55	53.47	74	74	106	72	140.82	20	74	69	12	19.91	122	18	127	27	38.47	103	74	104	87	98.85	42	32	75	87	100.63	113	112	131	50	96.94	19	104	116	96	139.6	149