50 240
37	93.09	146	33	111	9	146.44	45	117	100	2	129.89	88	78	75.03	140	126	85	91	121.28	20	41	65	128	40.52	94	58	140.77	63	65	66	52	101.99	16	25	88	71	46.8	115	23	106.5	26	42	43	129	103.34	80	46	66	122																																																																																																																																																																																														
147	86.57	29	114	113	75	140.49	119	65	28	79	17.59	41	139	90.31	71	81	25	102	46.63	117	104	47	110	123.26	107	58	66.74	70	5	46	44	48.38	107	23	18	92	102.72	98	121	87.01	60	54	98	21	35.4	35	39	69	5																																																																																																																																																																																														
5	118.65	78	27	132	123	118.6	39	13	71	82	3.31	14	138	63.25	74	132	48	51	20.02	101	38	131	109	69.36	22	134	44.33	101	88	31	141	90.57	4	79	105	61	64.5	17	29	113.47	30	11	81	76	105.12	117	67	124	65																																																																																																																																																																																														
124	107.8	44	22	88	42	73.08	43	107	65	36	116.09	143	63	77.16	84	45	8	94	98.37	144	92	60	106	110.06	29	112	71.06	75	58	53	23	83.25	139	145	132	29	6.09	119	69	145.02	88	55	88	62	57.27	100	79	103	37																																																																																																																																																																																														
146	124.01	135	131	115	136	36.3	129	57	135	106	103.47	117	22	40.69	126	134	37	85	78.08	108	81	114	13	88.06	118	94	144.5	96	88	21	33	57.06	59	88	67	16	61.05	23	36	83.1	138	75	51	124	136.82	22	88	82	55																																																																																																																																																																																														
94	121.1	147	77	132	46	6.08	118	79	28	110	45.89	83	102	5.32	60	149	94	75	79.98	115	79	122	32	114.36	99	113	41.89	127	133	31	34	83.21	29	61	38	99	140.82	17	72	5.93	25	120	4	40	109.64	145	96	76	127																																																																																																																																																																																														
119	31.73	61	100	136	19	105.58	3	40	11	145	2.45	114	45	25.73	24	68	115	35	6.07	102	76	17	43	45.13	84	97	146.82	6	59	4	102	108.74	117	37	128	12	49.64	118	94	145.21	121	103	10	128	14.57	30	34	136	114																																																																																																																																																																																														
44	113.21	142	140	39	86	55.21	73	146	101	66	19.37	97	90	116.42	29	12	100	122	119.1	85	17	58	135	89.13	73	11	47.07	2	150	107	10	121.63	87	25	11	88	91.28	43	144	49.18	111	112	44	91	100.39	130	13	100	106																																																																																																																																																																																														
59	55.54	141	104	14	88	62.57	22	126	76	18	92.09	98	124	119.32	29	47	111	118	107.69	79	40	117	21	7.73	83	7	44.15	112	50	73	4	80.56	115	13	58	63	138.02	61	11	65.67	63	129	91	139	72.21	102	94	145	26																																																																																																																																																																																														
122	46.21	77	107	80	114	115.21	8	83	62	128	145.4	63	134	54.71	132	22	28	39	86.77	121	59	111	86	99.79	41	99	130.18	34	41	22	69	99.43	81	59	114	108	87.56	70	88	125.06	54	49	36	27	21.63	40	104	30	7																																																																																																																																																																																														
45	135.77	45	21	8	135	114.26	46	97	121	43	104.4	137	110	12.89	60	105	118	74	104.88	82	111	29	54	18.47	96	89	104.13	125	79	88	49	74.82	44	126	83	91	27.44	133	32	25.85	60	56	17	93	85.64	79	71	148	14																																																																																																																																																																																														
70	123.68	122	150	5	140	24.4	52	84	114	136	68.78	147	129	86.88	105	41	82	57	37.62	65	101	132	103	33.88	101	38	90.71	124	127	64	107	23.34	140	66	22	92	121.05	93	115	137.37	79	88	37	88	11.24	111	13	146	71																																																																																																																																																																																														
113	81.27	38	83	54	103	82.59	38	113	148	36	10.15	52	129	137.46	79	19	47	144	114.78	11	69	137	64	129.91	80	99	20	140	94	77	112	110.53	116	4	89	78	96.85	136	148	17.51	141	17	108	147	97.31	13	50	32	134																																																																																																																																																																																														
38	122.89	96	70	21	103	95.14	126	28	40	66	120.14	101	95	3.19	139	115	131	52	9.93	17	136	53	120	131.8	11	80	54.91	134	22	43	26	96.42	36	97	147	86	6.62	80	33	92.3	2	10	28	26	38.94	115	6	55	44																																																																																																																																																																																														
55	147.44	49	22	8	59	103.21	84	17	109	108	118.51	81	57	149.71	37	31	50	115	123.13	130	36	89	124	144.79	106	124	115.61	60	134	135	131	126.21	110	112	16	67	117.71	37	18	18.48	119	76	53	149	136.47	123	134	63	56																																																																																																																																																																																														
58	120.53	116	136	137	75	84.15	67	55	104	148	59.24	84	147	60.16	51	88	8	103	8.34	41	67	37	23	29.34	55	135	105.52	65	69	65	97	118.19	73	15	34	140	99.92	71	77	15.51	54	41	132	128	119.09	86	117	55	125																																																																																																																																																																																														
30	141.38	23	85	133	87	44.82	15	51	12	30	34.75	102	16	54.17	85	135	103	50	60.47	81	66	28	82	33.29	14	137	71.8	63	113	109	133	22.3	149	128	8	23	13.25	9	143	134.1	126	144	61	103	4.63	2	110	4	61																																																																																																																																																																																														
143	79.68	36	14	13	94	131.75	66	67	76	128	47.69	129	22	117.02	27	59	129	4	1.45	80	109	72	102	26.99	109	84	98.84	53	37	147	123	53.96	74	115	54	83	84.4	127	99	79.33	146	13	139	50	91.58	139	74	118	67																																																																																																																																																																																														
21	149.51	57	67	80	81	21.24	7	13	135	131	2.28	4	97	46.95	83	86	71	92	105.37	39	22	42	100	5.02	11	126	4.04	129	84	139	74	32.47	87	100	122	108	25.22	17	35	91.57	67	92	110	80	145.51	66	10	96	46																																																																																																																																																																																														
14	66.42	55	41	3	71	32.66	56	6	130	89	115.11	98	93	47.86	28	139	36	148	76.54	1	30	41	127	95.73	31	115	52.7	133	93	143	92	136.52	113	108	121	145	101.97	148	117	64.59	64	23	106	59	48.16	43	106	38	118																																																																																																																																																																																														
76	104.51	62	14	107	124	24.04	85	123	56	37	98.58	53	22	129.47	53	104	81	13	130.94	118	107	88	40	47.53	116	49	141.04	16	89	64	49	16.62	127	52	61	39	112.98	67	72	55.99	79	40	128	18	92.11	59	96	132	57																																																																																																																																																																																														
52	14.54	27	68	7	37	78.14	43	15	71	149	85.26	31	140	141.89	132	82	51	4	72.81	30	18	119	118	18.97	120	69	38.03	91	93	144	57	124.22	97	101	64	92	83.33	106	21	78.21	94	104	60	29	71.3	46	74	125	29																																																																																																																																																																																														
125	132.66	138	91	102	43	25.05	7	129	49	32	84.5	35	132	135.43	45	42	30	4	139.49	16	11	106	14	131.81	96	46	120.81	115	132	121	120	94.34	68	70	27	44	139.75	8	112	34.16	139	94	108	109	124.52	3	56	78	16																																																																																																																																																																																														
51	41.83	100	11	23	93	145.58	129	47	98	53	28.53	97	37	6.05	12	97	77	72	29.79	76	117	79	14	68.06	36	107	96.9	92	31	112	77	110.51	107	111	35	46	111.83	28	55	59.57	1	149	120	45	63.2	42	32	8	71																																																																																																																																																																																														
127	5.58	44	109	40	69	31.33	63	31	1	132	97.91	48	15	12.98	33	108	71	90	124.44	93	130	74	51	49.32	33	47	141.32	8	13	71	55	30.5	80	87	83	121	130.16	17	139	89.03	65	37	38	88	10.43	30	29	78	5																																																																																																																																																																																														
65	1.88	71	108	123	31	55.52	19	79	116	64	61.5	5	97	134.06	66	11	143	129	90.73	27	135	11	76	31.37	148	102	33	64	57	102	42	141.78	67	17	132	5	90.66	67	1	46.13	39	88	56	42	121.36	3	12	28	107																																																																																																																																																																																														
11	79.69	40	67	73	141	78.84	103	60	132	101	22.57	124	75	146.11	119	67	21	44	86.58	57	114	124	82	21.37	111	147	29.52	97	93	41	82	55.79	106	133	112	104	100.06	8	91	86.52	75	108	7	116	98.46	18	27	120	123																																																																																																																																																																																														
116	132.32	65	67	18	65	102.86	115	49	86	41	148.29	149	10	53.24	66	34	144	44	56.33	90	141	32	58	92.46	92	5	146.11	87	15	138	115	123.61	127	130	13	127	87.91	19	47	71.7	48	148	58	22	9.19	38	132	81	147																																																																																																																																																																																														
95	148.17	19	149	87	28	97.43	7	53	113	41	71.53	40	74	28.52	111	138	88	24	28.3	84	145	27	27	10.02	83	61	125.49	49	147	27	87	47.2	76	92	57	16	108.06	64	131	83.34	76	68	80	74	124.18	126	150	41	78																																																																																																																																																																																														
78	129.88	90	107	119	9	132.37	117	48	143	102	22.45	137	111	42.01	11	109	122	84	109.76	142	13	126	123	142.4	134	88	122.71	70	127	81	67	11.05	50	130	59	26	84.06	136	75	107.79	6	80	123	139	111.07	81	29	90	73																																																																																																																																																																																														
2	41.78	42	36	11	46	96.57	102	83	135	36	122.85	116	90	83.79	120	19	72	48	127.05	6	76	65	148	112.57	77	95	95.79	63	33	104	123	109.2	8	20	64	144	102.57	126	106	40.95	65	107	50	54	8.12	81	133	69	79																																																																																																																																																																																														
31	28.58	15	107	85	78	25.08	49	91	86	84	23.02	130	111	52.9	87	122	145	100	37.84	98	57	75	18	133.47	87	40	146	71	122	16	44	135.91	111	2	18	124	114.83	14	120	33.17	118	48	109	10	92.2	96	70	145	91																																																																																																																																																																																														
114	19.29	107	73	23	9	96.54	117	131	62	80	111.63	150	149	9.92	121	110	117	119	115.26	35	8	148	2	19.17	146	71	9.35	112	130	139	116	74.4	85	69	63	37	61.58	42	66	123.08	142	60	126	31	77.27	56	119	31	40																																																																																																																																																																																														
122	115.05	31	14	12	43	5.62	42	99	104	149	49.34	9	45	31.4	45	63	134	109	25.23	89	41	6	122	88.65	70	99	87.05	58	82	60	60	37.07	45	106	36	88	133.49	29	80	52.55	62	51	85	132	112.08	65	138	139	122																																																																																																																																																																																														
12	81.63	51	120	18	22	80.7	113	54	65	133	121.74	15	77	135.15	1	58	40	7	100.39	39	81	3	51	25.62	67	41	47.25	148	26	33	91	69.61	59	49	31	5	130.35	146	128	48.63	22	25	31	66	75.95	104	89	51	99																																																																																																																																																																																														
117	64.67	21	98	70	116	146.28	36	77	97	26	41.45	138	66	139.67	17	126	9	84	101.45	57	118	44	58	34.95	42	27	132.66	68	113	120	25	38.61	90	53	63	57	67.13	93	124	87.8	32	134	121	58	49.86	98	65	80	22																																																																																																																																																																																														
67	42.25	46	140	136	35	40.94	95	62	96	116	78.35	75	67	102.65	146	60	26	24	59.88	109	48	93	51	142.92	60	21	142.61	81	33	1	9	2.6	97	102	144	108	145.87	145	127	43.95	127	105	56	77	108.05	96	103	142	72																																																																																																																																																																																														
28	137.85	32	141	103	102	124.08	49	42	132	40	133.46	96	59	149.92	37	29	120	67	46.62	128	93	148	149	105.07	13	121	32.15	51	110	137	29	92.65	92	120	5	41	57.65	129	25	99.64	145	64	84	88	28.35	118	15	87	17																																																																																																																																																																																														
65	14.36	34	56	4	129	15.99	99	20	42	103	71.14	72	5	4.22	82	34	78	130	137.81	123	135	69	134	137.04	80	144	66	83	137	60	75	132.9	57	70	82	59	41.71	112	146	86.96	65	124	1	105	50.43	51	9	144	106																																																																																																																																																																																														
36	4.13	5	134	76	129	2.75	47	21	123	41	63.66	48	76	31.04	61	59	120	107	149.28	78	1	47	129	91.98	69	124	145.64	23	40	42	98	45.39	139	29	17	106	45.43	123	100	71.72	145	84	6	90	120.37	57	10	112	47																																																																																																																																																																																														
122	104.26	149	109	143	6	27.61	14	47	150	123	43.07	79	120	40.63	136	87	106	38	35.28	37	133	32	91	61.52	14	110	76.9	37	2	5	137	25.38	99	102	108	60	22.22	123	104	81.16	121	16	71	31	5.31	94	33	96	66																																																																																																																																																																																														
49	100.16	34	139	109	44	53.78	98	18	13	67	141.14	91	107	101.38	2	10	137	78	87.41	55	53	1	85	134.69	102	5	124.16	111	41	63	2	134.25	37	17	33	98	100.41	91	111	115.73	32	140	33	136	144.56	75	55	53	8																																																																																																																																																																																														
27	92.78	112	4	141	112	88.68	149	20	81	19	129.93	68	57	104.93	49	77	136	97	8.52	148	91	15	105	120.02	116	94	33.38	103	56	73	120	109.54	129	143	18	22	82.52	123	106	38.25	131	53	91	7	141.69	3	17	16	131																																																																																																																																																																																														
35	90.83	54	97	51	118	57.02	80	144	64	123	30.06	35	87	123.21	132	49	13	77	96.81	143	51	64	70	51.59	137	84	81.76	18	108	70	66	118.54	131	73	27	105	130.38	115	116	75.91	134	56	77	118	121.2	6	67	17	70																																																																																																																																																																																														
78	139.9	4	145	23	21	21.41	63	120	146	127	52.36	75	108	95.33	147	102	13	92	117.24	121	7	70	97	66.8	42	110	71.42	15	119	40	29	61.68	67	103	37	145	22.41	147	143	54.04	139	42	9	147	128.82	73	24	48	103																																																																																																																																																																																														
106	49.25	55	121	38	115	40.21	62	72	23	49	149.23	55	111	17.83	15	132	121	10	75.56	31	83	10	122	49.91	59	145	102.43	47	74	97	66	109.93	33	63	1	95	39.64	11	59	34.33	136	141	38	1	135.8	14	113	28	28																																																																																																																																																																																														
35	137.61	146	15	137	85	50.71	77	115	105	30	107.44	94	57	77.72	6	43	29	4	121.66	59	100	85	123	40.39	18	59	59.35	68	136	124	139	19.52	42	94	9	29	77.68	28	139	76.9	87	141	48	8	48.76	124	40	50	124																																																																																																																																																																																														
96	37.35	147	34	137	85	22.67	30	40	104	22	93.45	35	144	4.33	68	126	136	19	131.35	19	3	78	21	99.22	149	50	66.39	113	114	13	138	25.3	83	74	47	93	130.39	17	25	71.21	14	20	32	30	71.31	72	72	46	136																																																																																																																																																																																														
14	44.18	133	63	73	112	137.38	12	26	52	54	75.27	62	88	11.52	89	88	50	72	12.59	11	80	28	46	119.06	93	83	9.62	100	43	110	43	78.42	147	9	45	2	146.23	5	124	15.34	114	137	37	116	11.52	108	58	44	135																																																																																																																																																																																														
105	130.97	93	41	116	41	93.48	17	7	105	119	140.38	73	40	54.64	71	55	106	89	132.98	28	126	20	84	50.02	80	49	145.54	119	20	114	135	46.31	96	119	30	113	80.7	117	91	32.26	113	141	38	53	88.38	17	58	13	101																																																																																																																																																																																														
136	16.96	8	115	81	51	94.67	115	98	83	149	129.31	101	38	137.44	131	31	114	84	26.39	126	30	37	24	117.05	9	48	68.27	15	145	64	105	11.96	139	130	142	112	34.03	83	73	95.74	7	148	3	38	24.09	48	60	88	24																																																																																																																																																																																														
40	127.03	65	129	82	112	124.02	35	136	118	39	82.22	91	141	5.29	138	119	22	62	72.66	122	6	7	35	102.77	92	93	121.81	29	105	23	84	32.72	110	121	147	13	41.06	72	136	107.07	128	66	89	39	114.98	10	16	114	99																																																																																																																																																																																														
20	52.89	20	105	47	136	110.39	25	71	78	92	46.89	66	5	13.06	51	56	56	139	71.59	23	19	5	89	46.98	136	82	29.77	145	68	10	68	52.59	134	28	115	32	25.52	116	60	127.12	65	146	10	143	134.07	44	110	103	22																																																																																																																																																																																														
46	66.94	91	49	57	80	123.65	140	50	138	69	123.79	71	121	103.74	104	32	83	25	105.97	48	83	146	128	147.88	10	27	1.08	66	140	119	84	26.96	25	50	116	80	70.82	143	43	22.93	107	76	37	149	101.61	13	42	118	118																																																																																																																																																																																														
128	17.62	77	97	148	76	22.7	9	71	150	73	129.9	103	96	26.81	1	14	82	67	22.03	128	36	44	40	35.47	104	62	37.24	117	35	43	67	135.81	133	90	63	13	95.94	85	23	18.65	83	107	6	132	89.97	84	19	34	123																																																																																																																																																																																														
111	11.7	123	2	128	55	67.01	78	11	105	128	101.06	44	111	43.13	69	114	66	32	120.27	79	18	41	12	99.83	75	28	68.15	77	45	37	94	85.05	16	11	102	60	108.3	114	52	23.9	47	102	70	75	78.16	46	45	84	49																																																																																																																																																																																														
50	119.86	138	113	52	26	112.47	148	22	146	25	84.24	76	115	83	41	150	142	57	77.23	36	137	35	137	112.95	117	148	47.02	110	104	56	117	85.48	58	60	50	132	121.71	2	102	99.8	150	92	5	46	66.24	43	48	143	10																																																																																																																																																																																														
76	18.78	22	84	86	88	64.29	131	76	24	117	149.2	42	47	126.78	19	141	120	91	107.87	145	144	54	27	22.83	125	84	102.58	112	72	41	42	101.99	5	9	118	58	82.61	66	77	109.16	35	35	87	21	136.54	94	122	17	35																																																																																																																																																																																														
85	32.2	31	110	142	1	4.2	148	21	124	77	144.19	8	92	135.26	37	68	84	128	139.62	100	9	134	68	54.81	92	138	65.71	21	114	125	58	43.04	3	101	94	134	77.01	124	120	51.17	114	10	128	2	124.69	110	67	144	60																																																																																																																																																																																														
45	7.59	69	91	75	43	101.67	117	86	41	107	18.35	114	24	106.9	7	23	142	98	100.28	28	32	75	64	2.22	129	60	89.25	95	128	124	63	5.29	70	82	147	103	48.61	123	23	109.9	122	139	52	6	18.62	143	15	121	18																																																																																																																																																																																														
83	83.53	79	24	120	38	135.08	73	53	60	58	31.81	124	56	38.4	141	142	38	53	93.31	147	119	123	94	146.06	42	56	7.66	98	58	69	134	111.63	43	82	54	131	94.48	56	125	10.27	95	108	116	23	78.73	40	115	98	32																																																																																																																																																																																														
82	87.66	112	107	105	35	47.99	60	99	101	10	107.18	20	29	145.5	57	10	16	10	18.57	66	73	22	75	105.9	118	119	78.13	70	1	113	3	102.1	109	61	22	4	90.9	53	68	46.61	86	88	82	88	144.77	43	52	149	57																																																																																																																																																																																														
143	107.3	80	119	136	125	22.82	101	60	89	51	77.42	29	115	78.16	144	108	53	94	72.48	81	88	125	22	75.69	63	99	94.74	100	71	80	100	121.74	119	1	47	47	123.45	92	139	46.59	56	16	43	33	3.42	100	130	76	144																																																																																																																																																																																														
83	117.37	94	106	60	4	63.66	47	85	88	49	24.15	25	43	69.69	59	139	141	8	140.03	45	127	31	117	131.69	150	131	21.24	32	68	141	34	99.43	47	127	121	83	99.82	50	43	17.66	103	150	24	72	28.87	29	14	142	5																																																																																																																																																																																														
87	73.14	53	27	60	47	35.65	93	98	48	148	10.74	116	91	89.84	6	70	27	102	142.2	130	91	65	49	115.06	140	85	42.96	142	96	87	111	149.79	125	93	145	10	72.56	143	44	143.72	29	107	82	32	106.95	84	80	135	128																																																																																																																																																																																														
95	27.46	11	73	110	24	26.06	122	126	80	56	8.04	144	44	84.82	22	99	45	126	28.73	131	122	139	96	7.64	129	83	14.73	21	22	114	113	18.36	46	134	115	94	134.27	30	65	85.16	134	2	49	39	147.35	13	2	16	131																																																																																																																																																																																														
116	51.81	28	47	4	16	9.84	100	33	143	105	148.41	35	66	19.94	53	135	138	35	129.65	129	9	46	119	46.83	105	41	69.24	8	38	3	9	27.38	136	3	140	133	102.17	146	141	67.42	21	90	89	108	20.69	75	12	77	55																																																																																																																																																																																														
69	107.43	106	94	23	91	104.5	127	149	66	136	70.64	127	109	66.5	48	2	78	129	41.95	41	67	125	26	7.27	72	54	30.32	117	32	15	53	111.25	55	123	131	3	1.57	98	101	136.67	15	72	43	36	126.8	140	97	31	66																																																																																																																																																																																														
144	16.57	122	115	141	35	102.04	29	133	77	122	96.78	104	101	125.02	52	8	148	131	31.85	31	103	122	28	145.44	93	3	144.77	145	97	67	101	37.65	46	132	84	64	101.61	113	74	144.65	6	144	22	110	112.59	128	62	24	96																																																																																																																																																																																														
21	73.61	118	146	16	132	122.58	116	70	98	105	70.31	90	7	2.37	27	79	89	104	140.8	75	28	36	126	25.12	116	129	40.75	5	147	139	145	66.27	23	15	16	57	79.42	76	27	2.79	82	75	66	117	64.02	50	104	79	96																																																																																																																																																																																														
63	149.93	101	2	7	149	4.45	98	62	107	88	88.64	70	109	5.04	141	7	132	82	35.31	117	14	97	6	86.27	5	82	72.46	107	73	120	1	107.32	42	3	59	88	77.69	27	85	70.52	94	83	109	119	82.05	65	85	149	70																																																																																																																																																																																														
135	39.67	52	89	14	78	40.89	118	103	68	125	22.09	113	67	35.87	141	140	85	65	3.73	32	59	72	42	68.01	37	77	41.71	52	109	20	120	19.92	40	23	121	20	60.08	7	18	45.61	91	19	74	54	2.88	14	138	118	32																																																																																																																																																																																														
47	101.28	52	137	105	129	58.84	22	1	121	27	51.28	129	112	7.06	101	70	43	94	3	116	29	136	118	100.16	78	83	82.04	117	56	126	64	104.24	73	78	149	135	75.7	39	30	140.03	70	123	150	98	132.62	23	114	106	106																																																																																																																																																																																														
15	26.33	135	150	66	6	89.99	112	52	148	133	83.64	54	115	103.64	121	24	5	39	107.63	104	86	109	35	120.65	60	28	119.19	12	19	57	76	64.75	72	91	14	142	63.5	75	146	138.66	107	4	28	18	10.25	96	115	83	98																																																																																																																																																																																														
141	90.36	31	15	65	21	92.51	13	33	33	34	126.59	40	39	53.59	8	133	31	34	112.12	100	82	70	111	72.94	93	67	51.5	148	44	136	37	142.22	105	29	114	86	13.33	33	2	101.37	37	70	60	33	27.53	14	46	145	34																																																																																																																																																																																														
45	91.78	114	39	101	128	91.88	16	58	81	139	70.7	71	147	126.63	91	84	101	15	145.77	148	68	132	130	127.71	6	142	29.06	81	122	51	92	118.96	133	23	96	3	17.61	108	44	75.82	24	72	3	20	37.04	145	65	35	58																																																																																																																																																																																														
11	65.41	11	29	102	44	83.89	60	77	111	62	145.86	26	98	117.58	138	139	72	140	72.69	96	60	38	130	2.64	50	38	93.02	55	68	20	24	93.09	30	118	144	82	89.44	12	75	104.91	80	20	27	108	145.66	74	58	41	69																																																																																																																																																																																														
39	42.01	33	38	69	77	105.47	104	128	53	128	44.49	78	81	132.79	137	100	44	20	36.67	145	145	108	68	12.83	1	133	10.81	98	88	39	85	147.88	99	113	98	12	123.56	135	120	141.88	8	17	101	97	103.56	44	106	52	103																																																																																																																																																																																														
28	58.32	50	5	28	98	72.95	128	14	105	41	98.52	16	34	20.32	12	50	60	87	4.68	114	114	49	62	58.09	117	24	98.29	110	106	41	60	121.12	9	121	3	87	5.29	95	54	47.08	96	126	94	8	38.19	50	117	132	15																																																																																																																																																																																														
125	46.86	23	148	109	92	136.36	115	20	48	79	124.68	30	57	121.38	75	49	60	148	6.93	1	2	116	111	23.89	97	7	130.66	75	49	49	23	128.98	84	128	71	97	87.66	99	22	133.79	7	70	142	132	104.37	70	54	149	64																																																																																																																																																																																														
74	130.6	101	10	53	127	127.08	49	38	117	149	43.84	80	70	59.42	76	117	49	19	20.48	68	112	28	140	35.1	89	128	5.23	136	141	37	17	15.11	76	10	98	51	142.46	55	21	77.49	75	104	131	96	61.11	27	144	147	92																																																																																																																																																																																														
120	9.5	20	46	30	39	136.89	150	149	141	106	17.54	32	70	134.76	1	99	125	8	131.68	6	148	117	50	82.18	32	121	144.86	33	143	127	100	24.98	27	135	115	119	66.26	114	13	46.57	93	38	102	19	12.86	56	47	33	108																																																																																																																																																																																														
135	83.76	147	18	121	46	12.16	4	66	148	131	91.95	54	67	14.69	134	38	1	44	34.77	58	72	36	56	37.2	85	36	66.53	45	9	96	5	20.31	14	79	103	144	140.76	22	53	129.85	59	126	53	138	10.19	110	51	87	28																																																																																																																																																																																														
119	63.82	55	50	77	107	12.19	150	56	113	128	137.25	139	103	8.27	37	105	94	50	145.61	124	50	78	10	78.37	68	129	4.99	16	93	137	3	27.79	99	140	123	144	127.9	70	65	113.45	150	50	29	1	33.14	27	62	103	133																																																																																																																																																																																														
6	44.45	139	149	149	120	127.85	10	113	21	82	2.4	54	15	100.65	55	38	12	125	55.65	6	27	65	147	113.08	69	107	58.99	26	115	62	26	37.81	114	10	110	145	86.86	55	4	136.39	86	106	14	20	18.85	19	132	1	116																																																																																																																																																																																														
150	79.75	142	117	11	149	39.86	36	82	49	4	122.84	142	36	65.16	69	70	11	60	35.92	8	53	120	7	129.77	112	94	45.37	72	106	76	56	123.4	146	122	89	149	70.81	82	88	44.25	15	100	79	74	102.52	138	23	85	121																																																																																																																																																																																														
34	53.6	1	126	20	122	6.98	7	123	93	80	21.2	106	138	98.56	3	54	58	113	54.6	147	34	60	147	145.65	123	19	65.97	6	101	137	2	119.2	140	88	122	1	37.34	19	33	32.29	82	61	138	138	123.43	126	97	54	145																																																																																																																																																																																														
114	42.97	16	6	149	69	1.82	113	28	93	69	112.29	26	72	41.16	93	139	78	59	101.34	148	49	140	102	77.95	132	3	19.91	133	79	82	15	141.99	108	126	74	20	141.04	103	33	73.56	85	22	144	32	148.45	87	55	149	73																																																																																																																																																																																														
2	139.83	88	126	70	12	69.74	142	38	66	1	135.24	17	108	56.79	116	47	58	15	121.84	97	29	106	42	95.54	67	124	136.9	149	43	23	80	15.85	116	8	59	135	138.38	27	49	135.51	144	100	129	92	105.21	72	24	143	92																																																																																																																																																																																														
113	114.94	10	80	107	103	133.95	73	101	86	31	45.33	77	47	145.85	135	69	129	71	91	81	52	53	29	127.27	80	71	23.45	66	7	23	89	3.81	79	55	145	67	25.93	142	101	79.36	100	134	24	102	141.03	102	145	73	90																																																																																																																																																																																														
98	47.27	84	54	108	48	112.69	41	113	19	145	114.05	60	80	64.03	15	134	94	105	22.44	27	85	98	68	6.67	71	108	20.31	142	63	9	58	83.78	82	79	18	115	28.29	121	38	50.14	55	34	141	60	70.15	24	62	137	18																																																																																																																																																																																														
90	16.94	79	105	90	2	80.57	73	111	148	78	140.96	133	133	102.99	143	130	139	136	7.44	139	10	146	103	136.11	55	70	105.36	14	136	36	136	18.25	122	96	146	57	108.03	14	147	84	79	98	125	123	116.95	143	123	83	113																																																																																																																																																																																														
130	131.09	124	144	54	146	76.76	43	112	28	41	125.51	66	41	22.21	64	95	111	71	43.23	32	129	58	18	99.38	79	134	50.66	120	131	128	15	77.52	129	82	41	136	20.74	150	15	70.19	92	88	41	131	141.15	133	15	62	54																																																																																																																																																																																														
61	119.36	47	74	99	109	130	14	81	101	62	147.81	114	31	114.21	62	103	104	57	15.47	110	51	79	132	30.49	113	19	42.75	33	117	136	138	146.15	43	136	47	46	59.7	100	45	90.69	128	59	97	24	40.19	141	11	22	132																																																																																																																																																																																														
96	82.24	23	25	128	31	83.09	11	66	19	138	2.28	18	120	27.34	134	133	38	145	44.36	24	88	35	12	148.9	4	91	2.92	116	23	5	74	126.78	109	87	20	2	49.6	112	119	7.93	110	107	10	79	61.87	27	36	96	5																																																																																																																																																																																														
14	123.58	87	38	36	100	77	107	132	68	125	4.84	110	134	29.25	127	55	150	19	76.5	17	1	72	35	1.74	35	88	68.18	10	57	4	49	64.36	138	126	51	8	91.46	87	60	124.99	114	42	145	5	115.68	47	33	97	56																																																																																																																																																																																														
61	31.84	106	145	88	113	70.14	124	91	74	142	129.01	96	9	100.72	67	69	75	42	104.5	42	134	57	146	96.29	15	92	147.7	125	121	15	19	37	42	8	132	65	88.86	68	106	71.72	131	144	55	120	93.58	46	8	44	126																																																																																																																																																																																														
21	94.54	134	85	121	63	1.6	118	34	124	5	55.88	21	50	31.73	143	56	92	93	65.45	109	35	39	66	37.88	126	18	127.2	25	31	72	32	138.3	80	9	5	135	106.08	116	145	149.46	53	62	126	16	121.47	25	51	31	88																																																																																																																																																																																														
143	61.52	100	42	86	146	132.92	115	10	68	138	106.41	105	129	72.3	65	80	136	3	146.62	1	93	22	55	84.66	130	6	76.86	37	50	85	141	114.86	36	120	69	45	37.5	101	88	134.71	67	64	78	102	102.03	109	69	56	100																																																																																																																																																																																														
52	75.71	98	101	41	97	105.04	97	108	115	39	15.71	76	56	27.57	87	37	81	136	43.4	123	67	62	113	115.64	139	80	98.84	100	132	47	88	62.88	24	97	107	112	63.87	130	12	6	71	15	17	50	135.41	14	8	33	68																																																																																																																																																																																														
99	140.16	81	133	38	13	9.92	96	22	136	133	80.69	100	101	107.83	71	150	1	134	92.22	127	8	128	23	89.87	41	136	142.86	94	110	32	37	118.89	102	66	119	81	93.03	67	88	137.05	99	131	13	34	89.73	33	83	146	73																																																																																																																																																																																														
1	69.1	140	89	53	135	121.26	27	107	62	41	91.58	103	84	5.92	30	115	139	146	47.99	133	51	4	92	30.58	39	71	78.01	16	132	88	61	16.24	56	114	72	114	96.5	124	122	103.66	65	128	145	140	59.32	85	150	149	54																																																																																																																																																																																														
124	13.56	135	6	75	122	76.6	121	38	46	23	135.11	115	126	133.13	136	140	38	65	83.88	133	119	38	142	73.54	58	65	57.07	79	99	16	123	5.05	14	42	17	92	107.08	118	113	70.08	13	115	80	15	107.66	24	73	98	121																																																																																																																																																																																														
106	63.8	9	18	13	140	121.2	2	148	82	23	78.69	112	126	114.16	146	114	85	67	44.87	132	144	114	3	16.85	116	143	110.02	36	22	140	145	128.19	89	150	145	93	21.95	136	4	63.72	92	87	101	141	105.12	34	105	97	133																																																																																																																																																																																														
59	69.41	95	142	78	26	138.83	146	126	20	26	141.73	37	95	57.48	109	138	89	75	137.98	88	123	101	32	107.7	85	26	63.58	108	135	133	1	73.67	7	9	33	24	148.16	83	13	84.83	16	103	90	97	3.43	59	76	112	146																																																																																																																																																																																														
111	8.04	91	123	56	144	84.74	47	113	46	33	118.55	80	121	40.85	66	57	14	133	56.96	61	122	22	31	26.14	125	142	43.6	56	60	21	94	128.74	9	11	54	128	16.23	123	24	69.25	11	29	122	82	132.68	88	96	42	80																																																																																																																																																																																														
146	6.76	150	15	74	29	121.79	128	93	47	92	42.86	99	98	43.67	59	124	37	68	105.68	129	83	49	35	20.95	35	114	38.66	128	117	116	73	92.05	120	65	104	149	53.21	48	114	58.85	58	45	85	80	120.42	99	31	12	118																																																																																																																																																																																														
68	93.9	56	85	22	38	84.57	94	105	93	8	42.07	39	13	72.46	80	14	90	2	141.48	126	138	132	32	3.07	102	139	3.81	106	130	61	33	100.11	58	4	28	69	78.09	19	48	29.47	57	103	124	109	18.79	90	98	98	44																																																																																																																																																																																														
26	59.69	118	125	34	71	52.85	144	105	12	69	7.56	117	4	44.19	129	98	40	52	50.98	24	64	92	65	21.57	57	102	34.2	35	54	22	149	63.78	48	67	73	94	37.12	53	78	16.39	26	105	127	79	5.91	26	100	126	82																																																																																																																																																																																														
134	23.66	107	150	59	130	41.46	148	87	122	133	145.55	71	60	96.25	145	20	23	66	31.95	32	8	63	61	1.79	15	80	87.37	100	108	66	13	90.74	136	111	5	66	58.6	131	79	3.89	4	74	63	101	83.82	1	17	80	67																																																																																																																																																																																														
107	32.35	47	88	102	14	147.21	142	136	18	89	16.77	102	30	145.05	73	131	54	102	11.61	64	106	138	36	70.59	83	98	56.21	134	82	66	100	118.07	39	48	42	14	65.47	149	71	36.63	52	31	123	88	113.87	43	121	32	83																																																																																																																																																																																														
67	117.02	101	85	43	50	72.54	49	30	79	48	138.89	72	99	16.82	21	70	15	4	53.23	126	95	75	26	136.43	78	77	5.01	50	87	149	144	137.73	117	33	85	49	73.9	120	47	97.51	25	49	82	115	117.03	53	19	25	24																																																																																																																																																																																														
35	99.25	129	129	93	60	127.47	66	48	92	8	60.23	68	97	11.81	76	140	106	78	30.29	25	86	26	4	100.83	82	56	148.18	78	37	72	92	60.93	108	125	150	13	15.94	30	26	128.18	27	47	83	149	14.45	95	128	128	86																																																																																																																																																																																														
124	26.86	99	9	105	76	132.78	104	47	82	6	97.28	66	139	85.94	41	46	149	3	10.08	65	43	81	96	139.59	27	147	55.67	65	109	106	7	35.35	21	92	19	43	67.17	149	97	120.09	145	64	42	14	34.12	126	28	59	25																																																																																																																																																																																														
31	108.94	24	11	50	47	59.59	71	146	5	59	95.09	63	145	37.79	109	117	25	12	51.08	33	35	30	104	118.36	144	119	147.44	18	69	122	10	59.87	71	32	150	81	22.55	110	125	62.64	89	44	84	78	2.64	137	84	52	23																																																																																																																																																																																														
91	65.04	149	96	140	41	14.08	133	32	140	3	23.91	85	31	113.69	33	106	52	77	28.97	41	138	145	68	149.24	1	43	102.26	16	113	64	45	121.03	11	87	106	47	34.64	24	140	1.54	95	144	9	20	4.24	62	13	147	34																																																																																																																																																																																														
102	18.35	42	112	148	103	16.43	6	99	65	75	19.13	131	40	31.05	144	41	122	20	69.63	85	59	126	135	148.92	37	109	127.72	3	127	10	110	32.49	134	139	67	64	62.01	40	12	127.59	99	62	74	83	18.76	81	16	137	6																																																																																																																																																																																														
64	73.15	111	27	72	97	149.48	59	43	32	100	45.49	71	117	80.4	129	12	79	112	34.91	10	103	128	87	129	55	39	107.62	143	72	65	27	78.61	2	8	63	141	14.62	47	90	120.02	11	146	20	105	76.18	131	25	115	62																																																																																																																																																																																														
112	146.58	129	63	65	102	89.91	72	147	30	121	21.45	46	106	119.54	149	84	127	100	46.86	74	145	13	16	99.39	141	107	83.61	103	57	140	69	54.88	6	96	48	92	4.31	7	125	120.49	20	59	10	17	124.94	47	114	114	66																																																																																																																																																																																														
128	135.15	16	65	13	28	63	66	103	114	35	19.97	54	55	115.15	79	122	97	92	37.74	141	30	64	122	68.2	92	58	95.48	83	47	8	62	103.76	120	22	137	2	130.87	45	41	91.17	113	35	84	122	33.33	23	78	90	86																																																																																																																																																																																														
24	46.59	136	98	46	88	17.31	53	51	81	107	32.51	115	78	86.45	99	118	145	41	12.26	26	98	131	82	145.74	78	96	75.75	35	18	105	128	111.9	6	55	129	46	21.08	19	35	98.36	110	98	80	47	105.39	33	96	5	123																																																																																																																																																																																														
49	96.76	68	106	19	93	44.01	109	18	57	89	115.31	97	7	50.67	35	24	41	86	10.53	17	36	77	13	116.2	103	59	100.03	122	22	121	82	79.4	90	110	114	14	26.9	19	148	115.53	23	50	35	81	33.03	40	127	19	91																																																																																																																																																																																														
105	56.66	120	76	80	129	125.05	96	67	104	27	94.63	79	83	124.64	66	136	100	131	39.85	23	125	69	11	71.34	108	22	121.86	46	92	42	28	136.15	63	12	79	98	135.61	118	59	13.79	51	35	135	79	84.08	87	1	69	116																																																																																																																																																																																														
114	26.65	19	53	32	124	66.12	121	63	24	128	60.51	96	150	127.55	106	139	80	6	112.81	35	45	115	70	50.84	49	84	113.42	63	94	67	115	4.93	116	46	142	115	133.13	89	43	29.97	68	131	111	42	110.42	149	131	68	73																																																																																																																																																																																														
33	117.51	66	98	67	73	97.04	24	17	150	82	36.87	22	72	68.48	54	84	90	149	49.99	8	80	106	122	12.3	49	31	47.46	35	79	40	124	79	122	107	91	19	23.14	28	101	55.36	51	35	5	110	119.53	117	48	68	94																																																																																																																																																																																														
28	114.64	84	25	33	41	143.42	3	102	111	112	68.09	56	105	73.98	33	72	115	53	132.31	20	87	144	96	14.32	80	57	67.66	17	48	44	50	117.46	126	145	115	35	32.67	146	120	22.61	20	127	92	101	131.64	74	141	99	143																																																																																																																																																																																														
48	94.97	105	30	36	118	37.6	105	24	138	110	130.07	77	76	36.74	147	2	29	115	79.04	85	121	89	5	62.83	23	124	66.9	136	52	147	97	135.23	9	138	11	87	11.17	127	132	120.18	88	52	10	128	5.67	144	122	67	137																																																																																																																																																																																														
13	77.29	76	114	29	112	14.99	10	70	142	131	59.48	93	131	19.24	71	142	7	84	131.46	55	90	37	5	138.4	13	88	141.27	119	47	23	94	15.3	93	73	142	4	100.82	43	81	30.41	96	25	126	63	146.82	20	32	104	117																																																																																																																																																																																														
9	93.46	7	49	122	80	32.26	26	131	143	37	135.82	113	28	11.41	84	120	144	41	76.11	68	144	69	81	13.3	107	93	37.34	35	119	123	92	71.47	150	113	53	24	135.17	15	31	23.76	103	36	98	59	99.23	90	89	110	119																																																																																																																																																																																														
50	149.08	17	2	72	17	80.72	146	46	150	140	56.57	106	46	92.85	148	27	17	92	81.76	65	110	115	46	30.89	138	25	112.06	48	135	119	79	38.87	5	96	142	129	93.96	80	51	96.68	82	53	29	31	78.62	121	103	110	74																																																																																																																																																																																														
29	45.93	39	94	101	117	97.75	72	63	34	59	133.91	3	45	102.32	133	114	126	40	139.77	10	12	8	33	31.71	44	123	99.85	96	25	102	110	12.67	36	99	72	27	36.96	55	45	43.93	77	149	34	149	69.9	21	97	143	62																																																																																																																																																																																														
146	27.34	128	25	96	75	61.26	143	128	100	58	18.69	124	72	21.63	56	79	106	138	127.39	118	30	11	135	14.1	78	73	44.25	3	11	111	103	106.92	128	58	102	108	78.35	26	17	119.77	5	1	82	127	141.43	136	83	96	95																																																																																																																																																																																														
59	121.73	105	34	12	145	76.16	42	88	145	89	67.37	64	128	121.07	16	42	133	63	141.83	33	65	133	103	110.74	27	29	91.55	27	56	39	109	122.35	26	120	126	107	23.68	145	118	127.3	16	105	53	2	8.79	129	129	149	44																																																																																																																																																																																														
141	76.36	84	55	140	41	140.06	144	150	43	10	124.07	149	98	49.04	31	142	136	100	97.95	147	39	2	123	132.9	18	45	115.56	140	46	109	148	116.68	63	90	46	81	85.65	84	149	81.44	66	86	43	73	61.44	35	60	137	15																																																																																																																																																																																														
2	61.31	127	110	141	130	60.32	10	130	58	10	74.9	124	80	73.25	58	144	76	32	126.93	6	8	150	141	101.16	84	13	149.1	125	29	125	67	49.62	124	128	38	144	73.79	110	135	118.09	85	97	86	136	57.73	69	19	94	43																																																																																																																																																																																														
42	49.11	73	40	44	142	75.8	52	90	128	5	38.04	38	84	82.98	107	96	60	73	100.91	123	9	110	129	118.59	131	71	90.92	4	91	81	75	42.97	31	147	46	129	79.39	101	150	101.6	38	136	99	67	2.05	33	33	107	122																																																																																																																																																																																														
118	60.72	109	129	92	28	124.62	147	43	89	37	63.21	113	27	60.03	95	42	34	15	1.07	142	126	101	93	67.7	104	89	83.53	74	138	30	141	28.63	118	83	95	103	12.14	123	36	108.63	16	12	72	139	111.01	125	79	25	99																																																																																																																																																																																														
108	93.46	59	138	112	19	20.77	91	30	126	70	3.46	129	22	91.16	3	99	117	7	139.85	133	143	61	75	99.2	51	44	124.22	102	44	104	1	20.41	57	24	39	148	136.77	135	50	110.32	105	16	124	31	50.1	128	118	69	137																																																																																																																																																																																														
34	94.71	49	5	73	110	116.31	140	144	144	125	13.62	150	100	41.28	148	94	141	113	136.8	102	127	112	127	42.64	59	132	141.43	6	89	103	99	112.8	12	126	108	117	144.74	36	89	83.39	129	115	9	77	78.51	103	64	30	92																																																																																																																																																																																														
138	114.62	121	7	138	147	32.32	123	44	86	5	21.41	41	26	78.91	2	94	15	37	145.37	87	70	58	44	83.78	33	2	128.41	84	144	121	110	93.05	56	81	148	24	149.29	109	21	61.52	23	54	10	74	90.31	9	106	24	78																																																																																																																																																																																														
100	92.26	126	61	112	140	129.71	59	62	116	150	15.75	62	132	110.43	143	86	68	69	136.86	107	125	94	108	114.23	33	78	64.69	39	93	48	129	43.95	37	119	142	17	7.82	108	99	120.5	147	19	94	117	52.9	49	149	12	115																																																																																																																																																																																														
77	31.36	85	39	78	101	136.35	93	31	40	133	111.9	65	24	29.16	38	8	16	124	83.78	94	91	126	141	75.74	47	84	54.84	106	104	53	126	33.7	118	120	90	128	56.92	74	102	110.97	104	88	109	89	8.42	49	139	72	104																																																																																																																																																																																														
45	48.63	124	75	108	134	13.15	79	20	120	80	17.5	146	122	90.02	26	66	5	103	86.62	43	76	55	121	42.56	24	29	107.28	109	83	41	131	2.49	109	89	141	104	117.98	13	82	46.06	96	49	34	70	124.05	10	149	84	50																																																																																																																																																																																														
102	118.99	5	35	21	124	124.74	75	150	85	83	28.41	44	63	28.2	150	8	82	134	86.37	49	119	149	24	41.1	80	2	49.59	145	13	57	99	129.46	11	139	82	43	138.51	51	112	51.5	16	95	61	47	97.16	40	77	124	89																																																																																																																																																																																														
6	27.53	17	90	122	123	95.85	59	87	90	37	106.28	30	16	109.93	61	136	88	13	140.46	105	44	7	13	8.91	10	118	93.23	108	96	83	62	128.58	78	36	57	112	77.52	2	17	39.38	143	33	116	103	89.16	145	86	67	125																																																																																																																																																																																														
142	50.62	51	131	150	42	79.45	128	72	99	94	42.29	15	60	96.75	112	6	84	95	28.14	95	72	75	115	82.89	100	18	78.14	59	120	133	110	132.26	135	139	89	17	54.21	54	61	128.91	99	30	56	92	133.11	87	116	31	52																																																																																																																																																																																														
116	101.09	52	49	17	13	134.5	130	68	18	114	87.69	91	12	22.2	139	107	103	134	23.37	11	120	54	118	111.2	7	97	34.47	114	66	7	53	67.31	113	10	47	53	92.77	67	22	67.3	127	37	41	112	147.24	78	98	146	60																																																																																																																																																																																														
148	141.88	81	87	67	93	64.71	79	135	123	119	39.7	71	61	120.74	134	130	149	88	132.24	89	17	120	37	74.77	141	144	27.5	107	122	11	57	125.41	106	60	41	39	131.1	71	90	86.64	8	71	42	25	114.94	57	1	7	61																																																																																																																																																																																														
41	83.8	24	90	52	79	94.88	37	93	113	46	46.44	2	115	18.72	146	53	74	49	51.55	2	98	50	54	56.91	76	3	101.41	59	15	19	107	123.1	100	139	22	52	126.9	47	46	135.53	21	16	109	136	26.99	78	52	146	24																																																																																																																																																																																														
128	12.32	46	111	44	128	64.38	120	41	118	96	109.16	50	122	8.48	93	84	13	133	96.41	110	38	27	45	29.49	18	86	107.62	147	60	146	147	106.7	1	106	18	112	53.58	46	30	142.44	130	101	89	120	125.65	125	14	2	38																																																																																																																																																																																														
56	88.68	149	24	100	145	67.11	33	140	85	71	131.27	138	16	141.93	56	45	34	89	21.58	104	143	134	19	94.11	4	61	34.75	147	30	128	101	114.71	80	20	85	109	36.17	116	112	45.36	131	4	82	94	117.2	57	32	136	64																																																																																																																																																																																														
54	88.59	19	123	113	16	50.71	63	67	141	117	133.06	141	143	106.35	92	27	137	112	138.59	143	84	30	109	49.06	42	23	127.32	141	58	81	31	111.23	121	81	50	146	25.72	101	27	90.95	110	27	145	141	51.56	59	104	89	26																																																																																																																																																																																														
52	145.98	58	66	109	23	131.19	59	93	98	54	85.31	55	103	36.68	148	12	34	102	104.33	119	138	146	142	94.55	140	20	114.08	66	59	108	138	3.98	40	105	96	115	102.29	95	133	82.29	53	83	45	27	10.84	73	94	147	12																																																																																																																																																																																														
27	97.72	61	130	150	56	57.07	63	149	96	125	14.31	89	74	120.25	55	91	67	51	68.87	81	21	125	37	52.53	116	34	62.04	128	94	125	118	138.82	139	88	36	113	90.93	42	27	131.65	96	60	109	87	20.14	14	110	19	54																																																																																																																																																																																														
144	131.97	76	112	109	43	109.34	96	112	128	59	53.44	52	109	68.71	3	99	84	76	98.06	63	42	26	3	99.17	133	9	142.84	57	102	84	37	28.21	95	103	38	114	102.09	127	97	124.05	56	133	100	11	121.07	121	144	117	20																																																																																																																																																																																														
3	148.9	30	119	74	74	12.49	98	56	1	50	62.86	138	56	65	27	98	59	14	67.21	86	126	115	111	24.56	114	32	11.67	115	146	11	7	55.28	121	48	5	99	133.68	83	17	132.18	71	12	27	67	13.27	140	51	8	94																																																																																																																																																																																														
114	119.97	49	39	94	114	96.43	105	148	63	137	62.45	6	113	15.04	28	39	76	73	8.62	106	77	12	32	134.61	103	47	61.19	6	107	90	34	136.19	85	40	63	6	45.36	39	7	25.93	103	102	54	34	78.27	86	5	30	101																																																																																																																																																																																														
18	140.64	31	1	147	54	77.86	30	92	133	44	46.75	146	94	86.69	122	67	18	30	36.52	45	144	3	60	125.25	15	89	105.35	97	46	98	118	51.83	73	58	138	48	138.62	26	53	107.85	137	79	132	29	84.64	74	129	64	95																																																																																																																																																																																														
76	56.17	128	2	92	124	92.15	80	20	58	138	55.68	128	15	126.88	70	12	4	80	62.82	21	83	38	116	31.05	139	54	69.81	29	147	60	88	25.26	60	68	110	22	133.32	16	92	75.7	18	37	32	88	107.76	12	82	142	137																																																																																																																																																																																														
25	138.93	131	77	104	146	6.79	84	120	136	121	58.43	92	53	58.91	66	83	120	29	29.79	2	2	41	65	36.73	85	56	44.84	141	60	109	71	142.87	89	71	56	94	33.15	16	83	89.94	119	59	49	74	71.46	54	137	29	113																																																																																																																																																																																														
80	36.65	4	6	18	26	124.52	108	79	136	18	95.51	55	87	98.56	60	46	124	106	67.37	150	86	84	12	34.56	6	69	136.91	136	140	70	100	46.37	72	63	91	83	111.43	142	78	102.72	37	145	129	54	37.17	9	112	35	55																																																																																																																																																																																														
97	61.49	59	98	101	7	8.25	4	94	130	74	34.72	74	125	33.07	123	131	108	150	64.68	130	100	29	74	108.23	103	113	109.4	91	138	52	115	67.11	110	2	62	44	7.41	149	45	127.4	144	92	130	13	98.97	104	148	63	34																																																																																																																																																																																														
39	80.6	97	91	113	28	72.82	47	128	78	60	12.35	22	56	124.49	92	50	5	44	116.81	5	11	83	119	97.1	27	118	97.32	46	34	107	27	80.37	60	24	131	119	131.26	142	59	139.74	64	10	32	26	145.73	39	62	115	91																																																																																																																																																																																														
19	20.14	109	52	127	63	9.55	114	128	147	64	30.29	92	145	3.04	38	31	114	138	146.77	33	148	144	145	96.56	143	89	95.49	45	78	129	14	7.81	130	92	11	22	42.93	122	128	8.71	99	33	147	100	124.65	7	112	112	10																																																																																																																																																																																														
43	77.31	14	36	100	28	67.81	120	23	2	150	50.66	123	15	103.69	89	80	13	138	123.18	135	105	22	84	26.91	146	66	120.38	22	93	38	23	114.9	98	50	29	4	141.81	9	39	34.94	90	93	74	130	73.64	43	72	118	99																																																																																																																																																																																														
29	107.49	87	32	43	112	52.51	81	99	124	26	129.16	70	81	130.09	133	135	150	116	145.15	27	73	131	41	143.29	83	30	29.93	76	17	72	47	110.56	80	49	37	52	39.51	57	148	125.4	45	150	13	144	24.32	56	51	128	132																																																																																																																																																																																														
126	24.77	54	98	46	132	147.67	143	67	11	95	91.44	43	82	44.86	70	42	101	62	92.71	128	32	70	37	81.65	112	82	130.9	108	11	132	79	66.22	23	28	120	44	32.06	135	122	106.95	145	134	125	106	90.03	45	3	82	52																																																																																																																																																																																														
101	149.34	135	33	80	123	3.78	46	76	115	63	22.98	6	69	74.15	55	15	108	134	134.98	22	144	65	2	145.94	139	99	38.27	95	43	134	35	72.93	107	35	12	77	93.23	57	131	50.95	4	98	47	118	81.24	16	36	114	110																																																																																																																																																																																														
100	53.93	48	36	106	112	47.62	119	39	131	33	138.37	125	23	125.71	21	129	37	10	17.58	149	23	45	81	117.84	71	20	113.39	136	33	144	86	110.58	128	2	73	58	109.75	34	29	81.14	61	141	66	94	48.18	43	130	119	3																																																																																																																																																																																														
29	16.99	71	97	138	144	126.88	117	1	18	69	119.96	123	110	46.73	77	124	48	8	16.08	39	114	95	40	99.03	112	38	45.5	41	119	111	8	125.48	141	11	106	23	72.2	41	14	134.6	60	42	12	93	27.61	138	124	62	17																																																																																																																																																																																														
119	82.51	57	125	40	69	37.71	105	121	2	66	3.68	8	39	18.52	10	103	21	18	130.13	61	140	127	137	109.21	22	23	75.97	101	60	90	101	78.9	33	5	4	2	32.91	81	49	1.78	132	79	97	120	61.32	69	63	123	62																																																																																																																																																																																														
135	89.57	73	111	26	30	52.66	126	150	124	129	70.67	147	75	2.83	149	10	127	35	49.83	122	80	144	128	138.14	74	9	30.93	67	16	26	148	65.8	115	23	86	82	57.68	125	102	138	48	66	63	127	44.79	14	102	76	11																																																																																																																																																																																														
66	12.15	141	47	118	71	17.34	126	137	61	48	96.67	93	87	114.75	81	78	118	60	50.86	67	34	54	74	57.66	15	17	87.74	115	90	122	93	61.33	16	5	18	93	48.01	13	120	113.41	108	105	58	140	93.04	119	93	137	59																																																																																																																																																																																														
35	114.42	107	85	143	14	3.75	133	42	121	34	81.79	29	2	85.37	37	92	20	76	127.94	127	96	7	63	105.27	82	125	63.64	89	93	5	84	30.42	57	145	146	80	149.52	55	63	134.91	144	77	27	125	93.05	21	90	81	148																																																																																																																																																																																														
33	60.76	28	22	79	145	93.79	108	142	28	67	2.83	129	67	104.14	127	102	87	28	135.89	118	102	89	144	146.67	28	131	89.95	133	117	30	2	113.11	83	113	12	3	121.31	77	36	147.77	79	116	16	18	3.25	57	132	89	33																																																																																																																																																																																														
65	38.68	21	85	38	109	22	3	149	104	51	32.66	52	93	113.28	100	21	76	38	134.36	113	56	71	85	19.17	29	64	94.81	135	110	71	131	113.12	62	120	41	43	32.01	112	18	56.86	48	99	128	120	5.02	82	3	61	128																																																																																																																																																																																														
107	97.75	128	55	57	54	117.22	110	14	71	49	105.53	62	121	129.47	113	103	112	98	85.07	72	125	62	92	43.77	7	130	113.34	77	8	72	88	41.6	29	64	136	68	99.42	109	125	128.25	16	100	49	115	105.5	42	113	83	18																																																																																																																																																																																														
63	36.74	50	114	14	149	42.89	133	106	34	144	91.23	49	54	103.89	121	118	124	92	104.81	123	98	102	125	54.26	64	44	102.08	19	55	7	65	50.86	67	135	118	98	8.93	12	135	107.5	44	116	124	128	90.97	67	80	146	70																																																																																																																																																																																														
118	121.26	132	25	82	125	91.76	7	1	71	45	45.84	98	27	123.65	88	68	55	31	12.28	55	2	65	118	18.52	43	144	138.13	71	76	107	65	24.05	138	18	148	37	61.58	136	52	57.46	42	76	125	2	34.3	24	127	92	89																																																																																																																																																																																														
88	39.38	21	27	146	77	59.11	56	92	27	111	29.78	139	143	126.72	33	83	25	133	2.51	129	144	134	77	14.65	126	80	58.88	88	103	85	98	98.69	43	112	101	93	149.37	70	2	97.26	20	48	146	95	71.2	76	14	72	143																																																																																																																																																																																														
75	75.36	107	13	128	133	47.32	62	81	80	70	107.39	12	54	133.39	103	70	1	142	85.38	39	78	144	89	69.31	129	32	85.1	69	62	74	26	62.84	128	119	58	94	34.07	21	35	37.35	36	48	132	2	137.84	104	59	62	135																																																																																																																																																																																														
66	49.37	135	45	52	76	108.85	136	66	122	45	55.42	70	56	143.12	124	59	25	38	71.46	7	135	146	9	126.56	63	122	7.03	54	9	61	21	43.08	142	65	71	13	59.6	54	147	65.3	52	115	104	2	126.95	50	115	150	35																																																																																																																																																																																														
90	148.32	79	39	104	12	120.15	5	51	26	110	129.1	116	44	48.59	121	44	101	22	90.81	83	122	81	96	131.43	15	60	30.07	75	114	139	118	42.49	109	70	51	104	147.75	55	41	126.78	134	1	12	102	9.28	13	42	104	90																																																																																																																																																																																														
111	76.7	65	92	59	1	127.72	69	38	108	35	129.23	71	58	90.06	26	105	138	139	12.72	104	99	21	39	106.31	125	51	129.09	46	34	57	122	32.61	124	114	143	140	14.49	10	15	32.85	76	55	4	27	23.41	41	84	70	110																																																																																																																																																																																														
10	15.05	13	54	2	114	131.27	133	17	51	123	25.75	66	40	149.26	43	18	6	25	49.46	92	81	41	47	69.85	26	44	129.55	22	83	24	35	48.69	25	122	147	102	55.76	104	30	24.15	28	146	16	61	8.21	147	148	142	121																																																																																																																																																																																														
48	64.22	89	98	59	31	68.39	136	23	91	66	26.8	14	52	10.97	70	137	73	74	23.11	142	95	91	89	36.83	9	28	132.28	138	131	94	100	149.55	73	10	24	110	119.14	23	12	143.91	116	6	20	92	10.42	70	78	45	149																																																																																																																																																																																														
66	117.97	125	24	25	58	135.4	108	8	65	96	12.04	103	136	42.67	102	76	103	90	36.12	19	65	28	22	45.53	10	47	130.47	48	136	59	41	87.57	11	94	23	8	125.53	41	39	109.46	75	128	47	147	87.74	133	19	17	113																																																																																																																																																																																														
87	49.81	6	149	134	40	59.99	130	139	95	29	39.94	48	84	102.81	7	138	38	15	5.08	101	142	22	64	145.44	102	5	78.44	134	49	144	75	88.78	2	1	77	34	47.24	7	41	43.53	49	10	99	140	23.44	32	123	36	52																																																																																																																																																																																														
32	123.46	86	142	115	80	45.77	72	79	25	113	142.3	95	94	75.14	105	127	111	15	113.45	93	88	3	99	149.16	114	98	39.74	37	89	37	44	72.79	132	53	13	144	37.17	111	82	146.15	133	68	13	94	109.72	96	53	107	130																																																																																																																																																																																														
111	19.5	48	8	51	140	49.36	84	5	110	29	86.68	8	42	141.34	84	50	146	103	4.76	72	34	150	2	76.14	17	91	103.33	101	23	34	87	144.79	118	38	9	15	28.4	81	139	129.9	54	148	27	103	87.96	113	43	57	78																																																																																																																																																																																														
95	73.22	145	12	128	17	114.38	67	11	149	61	141.5	16	113	13.94	34	86	129	144	133.28	20	8	134	4	2.37	21	19	43.39	101	88	84	82	66.69	19	10	94	118	111.64	62	18	13.45	58	9	80	45	123.06	136	104	74	69																																																																																																																																																																																														
132	40.98	62	92	126	120	71.77	25	11	64	65	38.67	73	28	80.46	127	40	1	104	96.14	73	70	27	34	94.88	133	139	45.55	96	4	86	88	13.95	73	131	78	106	35.77	51	60	116.67	146	129	89	116	132.55	87	106	16	104																																																																																																																																																																																														
68	114.11	21	56	60	38	56.91	30	100	108	15	104.56	32	15	69.86	106	114	69	72	143.44	7	78	16	86	59.07	21	102	56.82	62	110	141	65	121.41	33	113	10	59	74.95	65	92	19.02	75	10	17	127	133.61	108	87	33	49																																																																																																																																																																																														
114	88.21	45	45	20	78	115.9	15	55	94	81	76.56	2	5	124.98	127	118	56	21	108.65	91	99	127	141	22.66	128	131	54.02	68	53	81	112	38.73	71	107	78	125	108.08	1	20	47.35	58	69	84	28	135.15	95	133	146	3																																																																																																																																																																																														
14	2.49	74	6	147	33	7.54	98	121	30	125	68.25	10	146	118.38	134	80	124	128	86.21	126	91	133	64	77.3	51	91	132.05	67	29	141	55	86.17	84	34	110	111	44.15	55	89	9.48	122	128	139	7	85.39	104	49	6	56																																																																																																																																																																																														
136	111.66	16	41	130	87	130.48	37	124	57	20	10.32	138	67	26.66	49	21	115	120	7.86	91	140	56	52	138.04	13	66	58.99	129	128	34	67	86.84	95	74	68	11	109.86	72	1	148.55	94	50	22	78	73.73	63	21	34	95																																																																																																																																																																																														
49	43.9	40	28	62	32	47.23	134	103	131	149	7.73	68	1	107.57	126	74	8	25	54	142	28	53	40	54.86	88	82	36.77	141	18	9	92	133.12	88	82	39	102	36.74	106	91	39.66	73	146	17	8	61.83	123	70	126	77																																																																																																																																																																																														
47	113.5	63	60	51	109	113.7	59	56	76	12	45.6	45	18	84.68	122	46	19	79	36.38	77	32	56	112	55.33	105	5	76.54	149	34	85	139	17.27	98	76	23	118	79.99	77	3	35.67	60	147	87	29	108.39	63	104	1	30																																																																																																																																																																																														
47	7.08	113	5	142	30	73.06	47	94	5	82	68.4	30	87	33.69	91	38	81	85	136.02	16	102	120	137	130.42	84	57	52.02	69	21	141	16	7.1	48	24	108	58	82.74	30	26	59.28	73	14	91	131	139.89	77	62	56	7																																																																																																																																																																																														
39	103.95	83	48	139	97	107.08	78	15	126	66	101.73	119	66	63.04	82	84	129	36	75.68	146	110	99	44	83.38	17	149	103.6	60	17	109	141	57.47	30	125	88	118	96.36	36	1	86.68	80	139	51	61	40.99	75	144	112	139																																																																																																																																																																																														
138	6.45	51	9	131	75	131.63	67	90	11	72	35.67	116	65	125.39	37	80	131	91	23.75	72	14	26	132	112.42	88	113	34.03	125	2	53	75	103.18	126	47	10	1	79.93	98	140	33.9	147	3	37	71	117.23	119	50	88	109																																																																																																																																																																																														
139	18.64	71	141	67	44	100.62	58	29	137	45	92.36	116	40	39.52	76	110	114	84	3.36	79	22	91	83	94.52	100	37	4.39	136	85	98	88	137.83	57	98	4	112	124.02	145	55	140.33	81	78	136	136	56.16	3	121	23	54																																																																																																																																																																																														
120	88.69	28	134	84	150	23.93	107	32	128	122	7.33	137	45	115.98	84	93	66	4	60.62	74	93	15	116	22.08	119	8	2.67	111	125	122	114	3.87	22	142	121	80	18.23	72	71	10.78	135	37	42	127	114.43	24	52	78	129																																																																																																																																																																																														
18	136.38	54	78	77	86	61.59	104	116	116	112	143.18	20	31	142.26	141	40	60	62	27.53	47	90	59	126	140.53	111	144	34.2	101	69	4	122	98.9	120	114	14	38	64.62	71	93	122.01	87	111	33	85	4.55	7	90	1	107																																																																																																																																																																																														
29	145.02	39	118	128	127	69.35	124	70	12	108	29.66	109	48	27.98	61	61	34	73	72.37	53	37	106	149	71.87	96	73	121.13	93	98	42	61	73.28	55	68	27	116	32.95	110	120	62.84	26	73	102	36	134.77	82	134	53	22																																																																																																																																																																																														
24	4.81	36	80	29	30	79.34	145	3	110	35	103.66	79	107	107.25	87	125	82	4	88.15	81	28	106	67	56.27	130	35	18.5	45	39	48	96	3.09	43	126	58	71	110.33	135	50	108.48	13	16	110	22	143.15	53	49	20	97																																																																																																																																																																																														
120	44.44	132	36	86	12	127.76	132	48	32	77	80.44	33	83	70.46	99	110	98	51	140.02	12	5	51	129	4.93	52	32	100.64	61	118	45	102	126.45	128	83	120	127	22.12	17	117	104.58	141	103	6	102	47.11	15	5	101	20																																																																																																																																																																																														
145	10.59	128	91	56	19	72.89	128	68	146	50	114.89	60	54	133.8	17	45	124	22	113.4	2	111	127	64	109.24	83	118	82.34	73	90	103	140	44.3	26	109	49	26	134.52	106	17	50.57	32	143	2	124	10.06	146	40	7	117																																																																																																																																																																																														
31	2.95	62	63	69	64	144.92	90	72	57	41	75.06	86	56	119.83	100	51	67	9	81.59	101	5	81	141	77.12	82	20	133.37	69	27	52	103	54.36	109	84	25	98	24.75	138	13	129.51	137	55	84	145	8.99	30	87	32	25																																																																																																																																																																																														
10	112.01	15	141	10	82	88	149	91	77	77	8.64	82	125	25.14	83	33	57	134	32.35	143	132	117	103	3.83	110	113	111.85	116	46	1	98	102.76	13	130	95	56	132.24	124	17	62.3	125	134	71	17	110.18	32	13	61	3																																																																																																																																																																																														
36	46.26	122	9	26	149	27.48	34	141	121	103	46.19	66	11	4.19	111	29	95	54	45.02	39	135	61	71	40.26	20	80	119.11	68	61	23	29	115.84	49	126	49	130	93.65	25	9	59.52	78	143	61	44	117.9	63	12	71	74																																																																																																																																																																																														
98	112.86	72	92	126	53	85.17	84	104	25	145	121.39	80	40	63.85	80	42	85	6	52.91	27	83	112	107	102.01	109	102	107.11	82	143	42	79	1.45	143	121	96	84	64.78	141	56	113.2	69	49	46	132	68.82	127	10	118	128																																																																																																																																																																																														
31	147.56	41	121	102	39	106.98	69	46	76	15	9.88	57	20	98.49	68	16	111	148	41.71	12	8	1	104	95.28	49	109	121.87	74	18	110	117	118.26	60	80	45	126	93.9	65	11	95.83	79	143	96	28	8.69	147	106	142	101																																																																																																																																																																																														
39	84.82	38	135	91	63	146.27	112	138	56	93	19.28	98	101	114.63	78	80	67	24	113.45	17	47	52	85	17.98	128	31	32.12	124	55	17	1	101.85	107	88	137	53	132.67	26	127	124.18	27	130	107	54	37.86	116	62	41	90																																																																																																																																																																																														
52	52.2	82	39	33	72	85.2	141	75	92	47	36.64	13	3	77.72	23	124	95	58	29.12	114	16	24	112	127.64	48	77	98.13	4	70	108	113	105.05	70	9	134	53	80.76	134	134	53.78	129	52	91	119	44.55	128	21	44	97																																																																																																																																																																																														
26	64	71	85	121	47	1.01	22	58	133	109	143.24	61	2	45.62	138	125	129	89	43.99	128	68	129	91	138.71	126	124	10.02	62	22	3	109	4.47	57	54	64	120	15.7	65	8	39.73	49	36	106	133	35.65	7	6	144	28																																																																																																																																																																																														
107	116.7	17	62	44	43	103.04	94	120	43	140	4.32	39	122	12.87	4	149	147	109	56.47	150	145	94	3	35.19	58	59	41.24	73	57	131	39	59.17	121	123	117	76	123.16	49	101	29.92	19	3	149	23	15.72	85	44	83	53																																																																																																																																																																																														
2	93.97	116	11	106	27	45.01	129	75	75	26	15.33	14	145	10.47	1	99	137	74	142.98	72	56	138	145	36.26	27	6	65.29	83	121	63	33	33.11	94	7	35	92	120.46	26	116	77.47	106	17	98	23	15.17	19	135	29	76																																																																																																																																																																																														
119	43.36	102	106	20	109	80.17	8	119	117	53	29.44	129	56	14.56	66	143	4	128	120	93	77	102	27	59.91	143	48	69.69	10	82	127	66	60.77	11	45	99	82	1.1	29	51	76.1	75	96	47	29	39.34	103	121	148	102																																																																																																																																																																																														
64	15.76	53	43	18	20	56.21	57	54	51	122	46.73	84	100	40.03	44	30	150	123	29.07	96	116	118	1	47.73	78	56	68.63	47	56	16	44	110.91	73	48	114	141	148.65	125	47	87.12	133	28	17	16	105.98	88	21	59	58																																																																																																																																																																																														
19	10.81	141	73	46	72	68.12	90	69	76	108	32.36	101	16	58.63	40	133	64	115	60.5	87	7	139	57	141.57	148	47	136.4	53	42	70	80	41.54	87	138	114	128	119.66	126	71	45.18	52	122	118	77	33.37	122	44	2	75																																																																																																																																																																																														
76	13.63	8	126	125	39	49.23	107	121	24	72	61.34	70	142	116.06	48	97	148	23	43.9	29	148	138	37	111.76	83	30	140.67	3	126	23	100	69.42	28	50	77	108	141.28	150	83	110.3	27	5	27	17	126.51	27	91	121	25																																																																																																																																																																																														
103	67.36	132	20	33	142	100.45	101	71	12	26	72.33	138	23	6.75	85	60	74	60	136.6	67	98	57	52	107.94	124	66	4.35	88	25	134	113	6.36	111	70	4	89	14.11	22	70	15.92	90	61	81	87	20.16	49	15	22	123																																																																																																																																																																																														
70	11.22	150	95	115	30	127.82	16	19	29	70	70.56	108	114	73.97	75	30	101	117	76.74	122	22	134	140	102.19	59	7	139.32	62	115	127	57	93.29	114	131	30	62	134.03	49	10	66.41	20	44	81	43	80.79	17	64	131	27																																																																																																																																																																																														
51	93.87	22	66	32	67	16.06	80	52	3	126	54.7	125	37	71.21	143	8	39	135	115.63	146	124	12	90	75.19	69	144	18.41	77	75	121	81	139.57	29	113	62	96	91.02	143	90	50.57	27	48	140	74	120.78	35	101	14	147																																																																																																																																																																																														
91	20.93	139	141	142	15	148.63	132	60	131	10	36.02	21	67	13.47	116	102	89	136	108.93	37	126	3	119	94.33	33	29	44.82	88	146	146	92	137.64	150	69	136	95	45.7	86	140	92.98	111	13	118	49	33.44	80	54	97	126																																																																																																																																																																																														
52	23.61	4	138	75	105	132.23	100	127	60	47	11.74	132	5	81.63	141	117	114	12	51.54	37	61	26	142	113.1	109	5	95.8	3	53	32	134	20.47	143	47	93	141	75.48	24	99	81.53	19	54	35	144	90.59	128	43	19	150																																																																																																																																																																																														
127	25.8	129	25	6	12	34.06	68	50	33	135	78.11	95	94	99.17	100	22	86	56	78.27	78	147	20	4	45.51	70	34	71.63	113	76	9	15	71.35	41	60	64	102	45.99	11	59	7.4	67	122	108	109	32.4	73	14	76	49																																																																																																																																																																																														
45	146.5	61	95	117	4	123.8	44	52	10	112	112.03	125	61	96.72	144	104	119	90	40.14	75	60	4	84	84.69	148	136	149.08	116	92	136	95	27.65	57	128	95	147	130.76	70	32	118.67	5	38	77	67	94.94	112	1	50	80																																																																																																																																																																																														
46	5.93	103	43	87	91	50	138	80	123	32	141.4	129	95	63.49	88	135	61	50	112.35	108	53	83	74	109.67	75	24	105.06	31	122	34	97	35.09	64	36	6	57	139.37	134	97	113.84	27	65	29	21	107.33	105	61	143	149																																																																																																																																																																																														
108	86.89	136	55	60	136	64.58	128	120	27	19	138.41	146	117	1.56	148	56	54	45	8.63	26	2	140	55	22.8	145	39	109.44	71	63	91	60	37.72	59	99	140	133	84.75	64	107	4.61	103	54	122	29	31.76	71	90	129	58																																																																																																																																																																																														
29	25.33	107	32	140	138	84.61	145	73	28	51	21.26	150	17	37.87	128	140	45	113	107.33	22	53	4	100	125.06	103	124	30.55	4	131	4	78	104.02	130	21	76	19	130.63	118	116	102.62	44	25	78	5	144.78	91	125	138	57																																																																																																																																																																																														
85	105.31	149	150	18	89	17.74	139	146	40	148	112.58	145	93	48.82	74	43	68	88	56.06	42	17	7	87	78.43	132	8	129.45	49	61	17	137	117.04	94	22	48	8	31.6	68	54	61.95	108	10	18	73	134.47	41	128	132	53																																																																																																																																																																																														
96	23.03	106	60	95	123	103.7	139	31	49	33	81.26	34	71	87.46	69	108	84	68	117.96	116	21	80	58	60.69	61	17	29.76	18	92	123	103	136.39	70	122	24	107	82.08	102	70	84.69	18	41	69	114	91.36	112	49	78	147																																																																																																																																																																																														
10	46.77	50	129	138	96	142.87	44	84	45	116	65.24	79	51	121.41	12	144	96	47	124.23	4	32	117	49	143.18	128	63	62.44	93	148	107	126	23.06	112	150	36	104	26.18	31	45	74.17	123	43	130	141	2.04	144	127	18	90																																																																																																																																																																																														
79	38.78	78	103	11	120	66.82	118	19	30	135	86.27	97	78	24.99	146	89	105	86	32.31	56	75	56	49	36.16	82	51	135.61	84	34	93	71	15.23	123	126	114	144	44.21	67	30	3.85	79	40	37	57	98.05	65	94	126	138																																																																																																																																																																																														
2	22.15	144	109	128	77	113.6	85	116	5	86	117.16	56	34	144.34	112	132	17	32	127.82	150	25	36	58	113.56	56	130	113.05	84	89	77	47	133.19	143	142	139	21	28.45	16	90	66.09	109	138	68	128	88.55	10	20	96	144																																																																																																																																																																																														
34	17.51	105	52	41	12	84.64	7	102	116	32	74.92	110	37	24.94	121	43	133	79	95.33	62	66	66	72	12.18	4	137	144.59	129	53	23	13	138.3	127	37	39	42	23.1	126	106	69.32	95	46	49	28	12.59	140	110	112	78																																																																																																																																																																																														
16	36.1	112	92	18	126	117.21	142	143	91	48	54.74	96	11	132.88	14	19	74	40	40.91	114	117	111	124	38.93	41	76	95.9	35	91	111	42	85.84	72	68	95	58	63.11	99	75	83.43	125	138	114	76	83.5	103	8	92	96																																																																																																																																																																																														
29	12.9	18	126	96	79	104.6	6	109	32	28	146.46	52	97	132.03	60	9	123	37	81.88	19	77	29	31	58.61	100	4	25.64	102	56	102	59	76.21	50	71	69	72	16.24	9	128	74.47	70	134	1	53	35.41	108	104	99	98																																																																																																																																																																																														
15	120.54	33	29	53	85	78.85	76	76	112	32	141.62	64	14	100.88	67	66	92	33	100.23	15	51	108	18	139.37	11	79	115.81	87	68	131	133	148.98	36	146	129	78	14.05	117	85	82.87	123	18	59	64	63.24	114	8	61	11	140	40	49	73.21	118	44	22	77	44.75	38	15	109	112	100.63	142	16	134	17	79.86	109	63	25	1	104.17	119	64	22	136	123.93	57	103	116	133	127.68	147	93	115	135	123.15	115	97	8	35	102.29	150	58	42	20	73.04	30	1	132	20	10.17	140	71	40	24	146.68	145	83	127	11	111.63	17	20	49	107	104.63	32	13	38	31	67.28	109	105	137	14	75.62	17	142	136	33	142.97	46	109	143	47	8.03	36	40	56	43	99.31	105	84	14	36	122.99	144	35	118	12	31.45	129	111	5	62	100.02	51	118	125	86	129.12	114	7	28	45	120.59	31	137	42	87	77.03	106	12	29	118	32.09	34	68	64	69	89.1	116	71	99	132	133.58	102	34	124	122	54.34	99	130	147	84	89.19	84	20	124	15	106.21	92	10	55	132	56.51	115	135	125	27	111.93	121	125	1	60	146.18	119	128	20	149	82.93	146	9	148	83	147.03	148	45	108	77	45.52	36	85	58	1	8.03	15