5 20
124.0 107.49 115.0 125.42 121.07 
17.0 15.03 18.0 19.0 10.39 
59.0 59.99 49.97 61.49 49.0 
49.99 49.0 46.36 47.8 53.06 
53.61 39.9 90.0 54.98 46.77 
32.9 49.89 40.29 44.0 43.71 
24.33 28.0 26.0 25.08 34.99 
55.43 45.82 57.0 39.87 49.99 
51.0 53.8 49.47 42.99 52.0 
36.51 29.99 36.5 39.54 38.1 
36.78 79.0 38.0 49.99 41.0 
99.9 114.12 251.0 230.01 104.0 
74.99 73.8 75.0 75.47 72.99 
18.0 39.0 15.67 14.74 19.99 
10.39 19.0 20.76 14.34 19.99 
60.07 39.0 69.9 58.43 58.0 
43.0 28.71 69.99 34.99 25.39 
17.0 17.99 10.39 20.0 15.0 
18.45 20.76 19.0 29.0 17.0 
38.0 56.0 35.67 28.98 32.0 
21.0 13.9 24.9 19.0 16.0 35.0 26.0 19.9 20.99 15.0 24.0 25.0 149.99 14.97 17.9 19.99 30.0 9.99 9.95 13.0 