5 20
19.99 13.8 20.76 10.39 19.0 
73.42 75.64 79.0 72.0 65.99 
34.99 24.69 25.22 29.0 26.99 
43.0 49.0 47.0 39.99 45.57 
26.99 28.0 113.75 24.33 25.22 
79.9 119.99 70.01 86.0 119.0 
24.33 31.0 30.0 26.74 25.22 
104.99 103.98 103.0 109.38 108.0 
15.0 19.0 18.0 14.34 26.0 
13.29 18.0 15.0 20.76 18.45 
89.0 89.37 103.0 129.0 97.0 
56.05 51.0 54.0 71.0 56.0 
131.0 138.0 94.99 76.79 76.77 
54.0 51.0 52.32 62.0 57.0 
72.52 69.9 79.0 73.0 74.93 
45.85 59.99 47.0 55.0 44.99 
115.0 119.02 113.78 123.0 118.0 
119.31 122.99 133.04 119.99 133.0 
53.61 49.0 54.9 39.9 54.99 
66.43 67.0 68.0 75.0 65.22 
30.0 13.9 24.9 14.97 20.99 21.0 19.99 24.0 9.95 16.0 149.99 19.9 35.0 19.0 26.0 15.0 13.0 17.9 29.0 15.99