5 20
54.0 49.49 56.05 49.08 48.31 
20.76 22.25 13.47 25.99 10.39 
47.01 44.22 44.98 49.0 42.9 
26.0 28.74 26.64 34.99 34.0 
17.0 18.0 16.0 15.21 18.45 
58.0 55.35 61.5 86.0 77.95 
34.99 30.0 27.0 27.29 86.0 
55.0 49.0 51.0 52.0 27.7 
59.0 47.0 55.0 43.05 49.99 
20.0 35.0 18.0 17.0 19.0 
35.67 32.9 39.99 25.8 34.18 
103.15 78.99 85.0 129.99 107.0 
15.0 14.34 25.9 18.45 20.76 
55.9 53.0 59.99 57.0 69.99 
34.06 18.0 26.0 39.0 14.74 
47.0 44.99 44.11 64.35 61.01 
86.35 142.0 95.24 77.95 69.9 
19.99 14.99 15.0 22.25 19.0 
14.34 16.9 18.0 20.0 15.0 
57.26 94.96 104.72 98.0 105.0 
30.0 25.0 19.99 21.0 20.99 9.99 19.9 24.9 19.0 13.9 14.97 26.0 24.0 35.0 149.99 9.95 13.0 15.0 17.9 15.99 