5 20
115.0 113.78 118.0 116.87 122.81 
18.0 19.0 32.9 35.67 16.53 
26.5 29.99 24.19 34.0 22.0 
45.0 49.99 44.87 29.0 53.8 
56.05 49.08 52.32 39.6 51.0 
116.35 37.09 114.0 37.0 45.0 
79.99 56.46 61.0 64.54 69.99 
34.99 24.09 30.0 26.0 41.55 
49.08 33.66 33.47 71.0 51.0 
24.59 29.99 26.31 26.0 24.79 
99.9 103.0 108.0 114.0 99.04 
49.08 66.99 54.0 69.0 77.69 
52.0 44.0 59.99 54.98 45.58 
76.48 58.0 61.0 53.15 59.99 
55.0 51.0 53.8 47.0 43.79 
153.0 115.0 112.0 65.0 108.22 
16.8 34.18 22.57 18.0 20.0 
51.0 47.01 46.3 44.22 49.0 
43.0 48.67 54.99 49.99 44.64 
26.0 39.0 31.7 31.0 27.0 
20.99 21.0 19.9 24.9 19.99 14.97 9.99 19.0 24.0 16.0 17.9 26.0 13.9 13.0 15.0 35.0 149.99 25.0 30.0 9.95 