5 20
13.95 16.0 19.0 18.91 22.25 
41.21 57.99 25.22 24.69 34.0 
42.33 53.8 47.5 47.01 49.0 
49.0 46.3 47.01 49.89 49.9 
22.0 24.99 25.0 26.5 24.0 
9.99 22.0 39.99 15.65 18.04 
41.0 46.0 36.78 38.0 39.34 
54.99 46.0 49.99 66.5 44.58 
89.0 78.65 79.0 74.42 70.89 
59.99 57.03 58.0 49.0 46.19 
31.1 11.29 34.18 39.54 29.99 
10.39 15.41 13.54 13.53 11.54 
108.22 111.71 106.32 119.9 106.17 
42.0 45.99 79.0 38.25 34.76 
49.99 59.0 77.0 57.9 114.0 
84.99 90.11 99.0 79.0 85.0 
59.99 54.98 45.0 59.9 47.01 
52.49 53.0 54.0 59.9 56.05 
40.5 38.58 42.0 42.57 49.99 
24.69 26.0 34.99 25.22 26.99 
21.0 19.9 14.97 25.0 13.9 24.0 19.99 19.0 24.9 15.99 20.99 30.0 35.0 26.0 149.99 16.0 15.0 9.99 17.9 13.0 