5 20
51.0 46.99 59.99 39.9 49.0 
11.54 10.39 18.45 22.25 18.0 
41.99 25.46 29.99 27.68 31.0 
19.0 22.57 20.0 34.18 16.53 
42.99 46.0 49.0 52.0 49.47 
13.8 11.54 19.0 11.69 10.39 
109.0 106.95 107.5 89.0 105.52 
109.0 98.0 95.0 230.01 105.0 
50.0 43.99 49.2 54.0 47.0 
19.9 19.0 22.25 18.0 18.45 
44.98 42.9 45.0 53.0 49.99 
103.0 98.06 104.24 100.0 94.44 
52.47 59.0 58.0 57.0 58.53 
20.0 19.0 14.34 39.99 15.0 
49.99 49.9 54.9 51.6 52.56 
15.67 20.0 16.75 29.0 39.0 
62.35 51.48 65.99 59.0 55.99 
19.0 73.0 11.69 19.9 22.25 
35.0 17.0 33.9 19.0 19.99 
35.0 31.0 29.19 26.05 19.99 
13.9 15.0 21.0 24.9 20.99 30.0 24.0 9.99 14.97 19.0 19.99 19.9 26.0 17.9 25.0 149.99 35.0 9.95 13.0 18.0 