5 20
19.0 19.68 14.34 9.99 15.41 
51.0 59.99 49.08 59.9 57.0 
129.99 118.0 119.0 118.99 129.0 
28.04 29.0 30.0 22.99 27.37 
19.94 19.0 29.9 22.49 28.99 
62.99 69.98 57.99 55.61 69.0 
17.0 19.0 14.74 20.0 19.99 
46.0 40.92 42.99 41.12 43.49 
42.96 47.24 45.0 49.99 47.0 
80.71 81.0 93.69 87.36 99.99 
15.0 19.0 22.25 13.47 18.0 
33.81 27.17 44.9 30.37 27.06 
26.0 11.7 31.56 29.0 24.79 
40.67 59.9 44.4 47.0 44.0 
104.99 82.34 119.0 89.0 79.0 
53.99 49.47 44.22 54.0 52.0 
60.0 64.54 61.54 79.99 64.99 
44.0 49.0 45.13 46.0 52.0 
115.0 117.05 79.9 79.0 119.0 
28.0 23.94 22.49 26.0 51.22 
21.0 24.0 30.0 13.9 13.0 19.0 149.99 20.99 14.97 17.9 24.9 26.0 19.9 19.99 16.0 25.0 9.95 35.0 15.0 15.99 