5 20
19.99 31.0 35.0 39.9 26.05 
90.78 99.0 86.72 84.99 92.0 
45.77 48.47 54.89 48.0 46.0 
18.0 15.67 26.0 14.74 33.9 
29.99 25.68 25.88 30.0 28.34 
42.91 43.0 52.0 46.3 44.99 
69.99 79.99 64.0 60.0 59.8 
48.31 51.0 69.99 66.99 54.0 
20.0 16.8 23.23 18.0 16.53 
49.99 51.0 56.05 55.0 61.0 
109.0 85.9 95.93 108.56 89.0 
59.0 99.9 99.99 100.19 110.84 
70.87 78.26 84.0 77.0 76.0 
18.0 23.23 39.0 34.18 34.8 
49.2 46.6 49.99 53.0 42.99 
27.68 30.0 29.0 31.7 26.0 
97.0 95.0 89.0 102.0 104.24 
36.51 29.99 31.0 28.71 34.18 
148.0 145.07 86.0 135.0 149.01 
48.89 47.01 47.0 44.22 49.47 
24.9 30.0 19.99 21.0 25.0 19.9 20.99 19.0 13.9 14.97 16.0 9.95 26.0 24.0 15.0 149.99 9.99 35.0 17.9 13.0 