5 20
16.02 25.0 18.0 21.99 26.0 
39.0 13.0 39.9 12.3 12.0 
39.34 56.9 38.0 17.99 36.78 
49.9 27.17 29.52 39.0 35.67 
54.0 55.61 51.0 59.0 64.99 
103.15 85.9 129.99 79.0 78.99 
20.76 11.69 10.39 22.25 19.0 
52.0 44.98 45.85 49.89 49.99 
52.0 52.93 53.0 49.0 57.0 
13.0 17.0 17.64 18.0 16.74 
28.0 26.31 26.0 79.99 29.0 
29.99 26.91 26.0 25.22 29.0 
122.0 129.0 121.0 116.0 110.7 
32.0 19.0 20.0 16.75 34.06 
95.91 110.0 109.77 119.0 102.09 
19.0 10.39 11.69 18.0 15.0 
44.28 18.0 19.0 14.59 27.99 
29.99 29.0 28.49 34.99 27.68 
179.0 153.0 140.0 146.0 141.81 
27.87 32.0 30.41 35.14 30.0 
21.0 13.9 20.99 24.0 19.0 24.9 15.0 19.9 14.97 26.0 149.99 25.0 35.0 13.0 19.99 16.0 15.99 30.0 9.95 9.99