5 20
48.0 43.0 48.89 42.98 51.0 
24.0 22.0 23.99 26.5 29.99 
64.46 66.83 65.0 59.99 64.47 
76.99 79.99 89.9 79.0 75.0 
19.0 13.5 18.0 11.69 10.39 
59.0 54.99 54.0 46.99 39.0 
42.99 34.18 22.57 39.0 25.85 
44.0 45.0 41.39 49.99 56.0 
9.99 15.65 22.0 39.99 18.0 
35.0 26.97 29.0 31.7 26.0 
44.9 47.01 46.3 55.0 47.0 
25.8 34.18 33.0 29.99 32.9 
44.99 51.0 55.0 34.0 40.83 
75.65 108.0 77.0 89.9 75.99 
106.91 109.0 97.14 175.89 105.0 
18.09 15.0 19.0 29.0 19.68 
58.18 59.0 49.99 43.0 119.99 
45.0 66.5 65.9 44.64 54.99 
32.9 34.0 51.0 44.22 49.9 
42.99 49.0 49.89 44.99 50.29 
149.99 21.0 14.97 20.99 30.0 19.99 17.9 19.0 15.0 13.9 24.0 9.99 26.0 25.0 24.9 19.9 13.0 9.95 35.0 16.0 