5 20
79.99 73.06 55.0 75.65 70.0 
16.0 19.0 11.69 18.91 18.45 
79.0 28.0 11.7 5.94 26.31 
57.02 79.9 55.95 62.86 69.9 
16.02 22.25 14.52 14.34 18.45 
29.99 37.0 58.18 59.0 49.99 
20.0 19.0 16.02 18.45 22.25 
56.9 36.78 24.75 22.15 49.99 
18.0 19.0 15.32 16.8 18.91 
40.83 19.9 46.75 51.0 53.8 
29.0 27.0 28.0 26.0 31.7 
49.47 47.01 49.89 42.99 42.9 
49.0 48.89 46.0 47.01 55.0 
64.35 39.87 59.99 55.43 61.01 
69.99 69.9 58.0 57.0 59.0 
54.99 42.89 45.0 43.0 48.67 
16.9 34.99 9.7 59.9 33.49 
39.0 31.0 16.53 20.0 22.57 
19.0 16.75 39.0 19.99 15.67 
54.7 61.9 53.9 53.0 69.9 
21.0 24.9 9.95 14.97 20.99 13.9 25.0 26.0 16.0 24.0 149.99 30.0 19.0 35.0 9.99 19.99 18.0 29.0 17.9 15.0 
