5 20
52.0 42.93 49.47 39.9 53.0 
15.0 19.0 29.0 18.0 16.02 
36.5 20.0 26.05 32.09 30.69 
13.0 27.06 17.0 16.74 10.39 
14.74 17.0 16.99 22.7 22.25 
69.99 141.0 58.9 122.0 86.0 
19.0 29.0 15.0 18.0 17.0 
26.0 39.99 29.0 29.99 26.91 
89.98 74.0 73.7 99.99 79.0 
51.0 59.99 45.0 48.31 69.99 
59.9 59.99 54.9 54.08 49.31 
114.0 59.0 49.99 37.0 29.99 
47.01 43.0 49.0 42.91 55.0 
57.2 59.0 69.9 57.0 61.0 
29.99 24.53 19.0 29.0 23.94 
42.99 49.0 49.47 55.0 49.89 
22.03 19.0 17.0 16.75 16.35 
119.9 129.0 115.99 118.99 129.99 
29.0 27.0 25.22 27.68 30.0 
55.0 48.0 29.0 47.01 46.9 
25.0 21.0 20.99 24.0 14.97 19.99 24.9 149.99 15.0 35.0 9.95 13.9 16.0 26.0 19.0 30.0 15.99 13.0 9.99 19.9 