5 20
51.6 57.99 66.99 47.89 53.0 
89.99 75.0 73.0 74.0 78.0 
29.99 42.0 42.9 39.6 40.0 
16.02 18.0 20.76 15.0 18.45 
24.69 29.99 34.99 29.0 28.58 
26.74 28.0 25.01 29.99 25.22 
139.99 118.38 106.3 118.0 114.0 
44.99 39.9 49.47 52.0 53.8 
146.31 135.0 153.0 144.0 129.0 
54.9 52.0 59.99 59.0 57.03 
39.0 15.67 34.5 18.49 20.0 
159.0 73.42 84.99 72.0 78.0 
18.45 19.0 22.25 18.09 17.0 
39.99 44.28 35.0 40.89 28.99 
119.99 109.9 64.9 57.0 102.34 
14.34 16.99 16.9 19.99 15.0 
13.54 20.76 15.0 11.54 17.9 
79.0 48.31 49.08 54.0 51.0 
87.0 88.9 89.99 90.82 99.0 
99.5 98.9 119.0 99.0 116.0 
21.0 24.9 26.0 14.97 30.0 19.9 25.0 20.99 19.0 149.99 13.9 19.99 16.0 24.0 13.0 15.0 17.9 9.95 9.99 35.0 