5 20
79.9 99.99 85.0 92.56 79.0 
29.99 25.0 22.0 19.49 22.78 
52.0 42.99 51.0 49.0 43.79 
18.0 16.9 55.0 20.76 18.45 
16.02 22.25 25.0 14.52 26.0 
18.99 10.39 19.0 14.39 49.9 
55.99 58.0 54.0 59.0 77.0 
47.5 52.0 46.3 51.0 44.99 
52.0 45.85 47.5 49.0 54.99 
16.63 17.0 15.67 39.0 19.99 
79.0 41.5 44.99 49.9 44.9 
42.79 44.22 53.99 47.01 45.0 
55.0 89.0 118.5 82.34 103.15 
47.0 49.0 43.32 34.9 49.9 
59.0 53.0 51.6 44.72 49.9 
18.99 14.34 19.0 22.25 15.0 
109.9 99.0 90.41 100.0 84.99 
109.0 75.65 65.0 70.73 73.0 
48.31 59.0 51.54 51.0 54.0 
22.15 44.5 17.99 39.99 35.32 
21.0 20.99 19.99 26.0 30.0 24.9 19.9 19.0 14.97 25.0 24.0 17.9 13.9 13.0 16.0 35.0 9.99 15.0 149.99 15.99 