5 20
64.47 67.0 68.9 68.29 73.9 
49.99 38.0 36.78 47.99 39.99 
18.0 22.03 17.0 33.9 15.67 
75.9 75.65 48.31 73.0 75.0 
93.44 69.9 79.99 86.07 142.0 
29.99 26.0 26.57 28.49 24.69 
18.0 24.0 39.0 14.74 19.99 
19.0 22.25 16.02 25.99 20.0 
17.0 18.45 20.52 15.21 13.88 
24.11 26.5 28.99 20.67 22.0 
54.0 59.0 55.61 64.99 51.0 
26.74 31.7 29.9 29.99 26.0 
39.6 38.0 49.99 35.79 42.37 
30.0 34.0 31.68 30.2 30.19 
19.0 11.69 14.34 16.8 20.76 
54.0 57.0 49.08 56.05 51.0 
79.99 119.9 119.0 55.0 107.0 
50.0 54.08 55.99 50.76 53.0 
49.99 43.49 46.0 49.0 55.0 
48.31 53.0 49.08 56.05 54.0 
21.0 13.9 19.9 24.0 9.95 24.9 14.97 13.0 26.0 18.0 20.99 19.99 9.99 25.0 19.0 35.0 149.99 30.0 15.0 17.9 