5 20
25.9 26.0 28.0 29.0 11.9 
25.39 34.99 109.0 29.99 30.0 
62.0 51.0 54.0 49.08 56.05 
57.75 55.99 58.84 67.0 58.0 
64.46 59.99 68.29 69.99 67.0 
95.68 99.9 103.0 104.99 103.98 
49.0 59.99 53.8 44.0 51.0 
19.9 15.0 18.91 10.39 19.0 
87.0 73.7 82.0 80.71 93.99 
34.18 20.0 16.8 18.0 23.23 
155.0 160.16 98.01 159.0 93.6 
44.22 42.9 49.89 53.0 55.0 
49.08 39.0 51.54 54.0 51.0 
73.06 79.0 69.0 89.99 115.0 
49.99 59.0 69.99 57.0 57.27 
69.9 52.47 54.0 59.0 57.0 
34.99 26.0 29.0 29.99 26.97 
15.59 24.0 22.03 17.0 16.75 
13.47 19.0 18.0 39.99 14.34 
65.0 129.99 118.0 108.86 106.32 
21.0 20.99 15.99 30.0 24.9 14.97 25.0 19.0 24.0 35.0 9.95 9.99 19.9 149.99 26.0 13.9 19.99 17.9 15.0 13.0 