5 20
47.01 51.0 29.0 49.47 49.0 
62.0 69.98 58.0 59.0 62.9 
59.0 51.0 55.99 39.45 57.0 
55.0 66.99 57.99 52.56 51.6 
34.99 25.22 26.0 26.99 19.99 
108.0 81.0 79.0 75.99 99.99 
44.0 59.99 54.0 59.9 54.99 
55.0 44.99 29.0 48.5 46.75 
61.0 66.99 61.38 64.08 65.0 
79.99 67.9 32.0 66.0 69.0 
49.0 54.99 53.06 44.99 67.0 
36.5 29.19 30.69 34.18 42.99 
28.71 19.0 17.98 23.23 16.8 
59.0 77.0 49.99 57.9 44.99 
132.38 94.99 76.99 83.69 90.0 
38.9 32.0 35.14 35.5 29.9 
40.5 42.57 47.24 49.99 46.9 
41.0 36.5 26.05 39.0 35.0 
50.0 49.0 50.43 61.49 55.35 
20.76 18.45 13.34 10.39 22.25 
19.0 21.0 20.99 24.9 13.9 25.0 30.0 15.0 14.97 35.0 19.9 24.0 9.95 19.99 16.0 29.0 17.9 26.0 9.99 149.99 