5 20
57.0 51.99 34.0 49.48 56.05 
31.1 60.0 54.0 32.0 31.0 
14.34 19.0 13.5 20.76 22.25 
105.93 43.0 100.19 59.0 109.0 
30.0 27.0 49.0 39.0 86.0 
69.9 86.07 93.44 86.35 79.99 
74.0 109.0 65.0 70.73 78.0 
49.0 29.0 76.05 73.0 67.82 
28.0 29.99 28.58 26.0 34.99 
41.0 38.0 36.78 39.34 35.32 
46.43 47.01 49.0 29.0 49.47 
40.89 39.0 38.61 26.05 39.99 
79.38 76.3 74.0 88.5 72.99 
26.0 34.99 29.99 26.74 25.22 
44.9 39.68 49.9 45.0 47.0 
35.5 24.33 27.0 31.9 23.39 
49.08 51.0 33.46 33.66 53.0 
13.53 18.0 17.9 19.0 10.63 
34.0 44.0 52.0 46.89 44.99 
149.0 116.77 115.0 122.81 118.0 
15.99 13.9 25.0 35.0 21.0 19.0 20.99 26.0 15.0 24.0 24.9 13.0 149.99 14.97 30.0 19.99 18.0 19.9 16.0 9.99 