5 240
35.67 33.95 31.91 39 24.99 
94 108.5 99 95 99 
17 10.39 18.45 15.03 10.63 
48.06 84.87 47.74 79 108 
49.99 17 19.9 19.9 18.45 
108 74 129.99 44.99 129 
30 24.69 31 28 25.22 
142 67.9 66.43 66.33 65.22 
14.89 18 17 14.99 19 
25.99 19 13.1 16.9 31 
15.67 17 19 15.67 18.49 
21.93 29.9 11.4 20.48 24.8 
54 53 46.14 44.12 56.99 
34.9 52 45.13 44 44 
26.05 17 19 18 23.23 
31 29.99 26.29 28 25.22 
59.9 49 62.35 44.22 59 
14.11 44.9 15.04 15.04 16 
89.99 56 26.31 32.9 28.51 
69 67 64.46 73.9 65 
54.99 49 67 53.06 49.99 
34.99 49 29.99 30 34.99 
59 69 62.71 57.81 59.2 
14.89 19 18 19 18 
27.72 26.74 33 24.33 25.22 
115 103 99.63 102.09 109.77 
34 32.55 35.67 65 39.9 
17 18 18.45 16.9 17 
20.76 15.01 10.63 54.99 15 
159 159 158 149 157 
18 14.99 18 18.99 11.69 
28.98 33.3 56 38 42 
47 42.19 44 46.99 44.65 
22.49 59 28 19.94 31 
44.99 55 49 39 46.3 
109 100 97 129 102 
19 25.39 34.99 27 51 
20.91 20.76 17.99 17.71 19.68 
69.99 29.01 25.64 27.3 62 
55 56.05 59.99 51 49.08 
46.75 47.01 19.9 44.15 40.83 
36.5 34.18 44.28 47.99 35 
61.9 34 69.9 109 56.05 
46.3 52 34 51 49 
59 69 34.38 41 142 
71.7 69.8 39.9 69.8 70 
60.07 55.97 62 69.98 59 
79.9 55.45 65 69.9 69.99 
57.16 80.81 92.56 99.99 87.36 
47.01 49.47 34.9 48.89 42.99 
44.99 51 45.85 41.99 55 
59.01 109 69.99 86 89 
44.12 54 48 53 50.11 
58 54.99 52 52 49 
15.04 39 18.45 17 15.04 
23.94 29.9 19.94 22.49 69.99 
29.13 27 29.13 29 25.39 
59 29.9 65 34.99 26.9 
119 140.99 76.99 135 83.69 
29 32.49 27 29 25.76 
70.02 115 119 79 70.01 
149 139.99 125.28 119.31 125 
13.28 13 17 18.9 16 
17 18.9 18 17 17.64 
49 59 55 46.99 45.73 
26 43 26 39.99 31.7 
60.3 57 52.46 59.99 58 
30 29.9 31.7 28 24.33 
47 45.85 44.99 45.85 49 
25 29.9 23.94 22.49 23.94 
18.9 14.99 13 18 17 
94.44 129 94.46 102 97 
54.08 49.89 46.99 45 47.01 
13.6 17 12.15 17 13 
44 52 51 49 50.5 
71.34 75 75.47 72.99 71.34 
26.9 26.19 27 26 59 
12.15 19.9 13 18.9 17 
39.9 52.93 46.99 49.89 54.08 
34.18 31 39.54 33.98 45 
19 15 19.99 39 16.9 
115 29.99 39.99 29 27.8 
24.33 26 25.22 29.99 25.22 
34 12.9 12.86 17.9 9.24 
99 110 109.77 110 129 
54.99 39 90 55.99 53 
51 51 52.49 48.31 51.8 
59.99 59.99 54.99 59.99 59.9 
19.99 14.34 18 21.99 16.99 
46.03 69.99 48 48 43.05 
45.99 46 52 52 46 
24.79 25 33.95 25.49 36.5 
49.99 47.24 42.96 40.5 42 
59.99 54 51 51.54 56.05 
74 69.52 71.34 75 79 
19.99 25 39.99 66 58.99 
19.68 20 18.09 19 14.3 
121.77 118 110.7 110.7 115 
41.98 48.18 59 54.5 59.9 
45.82 82.87 45.82 69.99 44.99 
57.99 54.91 108 64.18 70 
89 79 89.9 109 73.7 
45.85 52 43 51 44.22 
11.69 18.99 15 10.39 14.34 
17.64 11.99 16 13.28 19.99 
14.11 19.9 11.69 17.9 13.14 
15.21 18.45 86 21.99 16 
49.99 43 46.18 43.01 49.99 
65 78 73.06 79 74 
25 24.99 25 24.99 36.5 
15.04 15.04 17 19 13.66 
16.99 14.34 18 18.45 18 
54.9 49 55.99 54.99 39.9 
47.01 59.9 49.9 44.98 48.18 
27.45 113.75 26.64 30 26 
52 49 52.93 52 49 
44.77 49 47 47 39.69 
39 19.99 19 18 14.74 
24.02 29.99 29.99 28 22.73 
28.34 69.99 34.99 26.99 32.9 
11.69 13 18.99 19.9 18 
53.8 46.9 55 44.99 49.89 
99.5 99 89.99 106.71 117.04 
28.9 34.99 22.95 28 29.99 
55 46.16 39 54.99 49.99 
44.28 10.39 16 27.99 19 
89.9 79 95 89 59.9 
57 59.9 59.99 59 57.45 
48.67 43 46 43 66.5 
84.9 82.93 85 99.99 73.35 
9.99 19.9 20 9.99 9.99 
42.96 41.39 40.5 49.99 43.05 
14.99 12.15 16 18.9 14.99 
59.9 47.01 48.18 59 47 
13.28 13.27 16 13.6 17.64 
15.84 19.99 10.39 20 16.9 
18 19.99 13.55 23 15.41 
43 23.94 28 25.9 26 
29.99 33 30 32.99 29 
119.62 119 39 39 19 
179 154.99 148.9 149 159.99 
42.63 29 25.22 57.99 129 
56 24.59 50 36 25.22 
17.64 14.99 17 12.15 17 
31 34 27 26.89 34.99 
54.99 59 49.89 59.99 53 
49.99 49 51 45.85 45.85 
78.99 79.99 95.93 119 82 
14.34 16.02 21.99 15 20 
26.93 25.08 26 29.99 113.75 
54.99 54.9 46.12 59.99 49.9 
69.9 59 51 55.61 54 
13.5 22.25 10.39 43 18.99 
93.6 99 155 160.16 179 
77.9 55.43 45.82 79.99 61.01 
47.01 45 40.29 29 55 
19 14.89 18 20.66 17 
77.09 78 80 79.95 159 
62.52 60.07 59 59 59 
69 45.82 69.99 82.87 59.99 
22 34 29.99 22.78 23.64 
55.61 55.99 51 59 48.31 
27.05 31 28 28 25.11 
36.5 22 16.8 34.9 18 
56 28.51 89.99 28.71 29.15 
22 29.9 34.18 16.53 18 
26.93 26 26 28.74 29.99 
29.99 29.99 25.22 24.33 34.99 
18 17 19 18.1 24.99 
54.9 43.5 44 46 38.58 
43 54 69 56.43 49.99 
46 69.99 44 41 17.99 
59.99 44.95 54.98 44.22 39.9 
28.71 40.59 34.18 39.9 36.5 
47.01 52 49.99 46.43 49.47 
49 43.49 52 27.7 49 
9.99 16.8 19.99 19 18 
25 39 31.91 32.99 34 
14.93 19.99 17 16.9 18.11 
59 60 59 54.33 57.75 
31.7 38 25.22 29.99 30 
19 44.9 14.39 10.39 18.99 
18.45 16.9 16.9 14.34 16.99 
43 49 59.99 47.88 45 
18.9 13.28 16 17 14.99 
57.99 26 34.99 27.99 29 
51 89 66.99 69.99 69.99 
53.8 45.85 44.22 34.9 47.01 
57 31.01 54 55.99 54 
179.99 149 149 128.9 147 
33.99 15.67 24 16.77 39 
39.69 52 44.77 44 44.65 
50.06 45 55 41.99 57 
23.64 23.64 24.99 21.9 20.67 
78 75.65 55 79.99 89.99 
119 119 119 172 114.02 
118.5 79.9 55 103.15 104.99 
29.43 29.99 31 29.99 26.85 
52.93 48.89 53 55 59.99 
66 89 81.5 89.99 55.42 
18 17 39 29 20 
49.47 49 44.22 53.8 47.01 
34.99 18.45 34.99 61.29 59.99 
44.28 14.05 15 10.39 18 
75.99 99.99 80.81 93.99 87.36 
45.57 47.01 53.8 52 51 
69.99 56.05 88.5 49.48 54 
19 14.49 18 19.9 14.34 
13 13.28 18.9 12.58 15 
129.99 123 119.9 125.42 119 
52 49 46.75 49 40.83 
52 39.9 49 57 49.47 
98.9 89.99 104 119.99 99.5 
26 31.56 21 29.99 29 
34.99 29 27 25.68 25.88 
44.55 46 46 44.11 43 
29.63 26.31 32.9 28.71 89.99 
17.9 13.53 13.99 19 15.41 
44.98 49.07 48.18 49.9 43.98 
69.99 69.99 48.06 45.69 84.87 
20 9.9 19.99 34.99 6.94 
16.02 14.52 18 15.41 15 
26 31.56 27.05 26.29 30 
14.06 13.66 15.04 24.99 29 
15 18 19.99 18 9.99 
17 21.99 14.72 29.99 16.9 
13 17.64 16.74 17 9.99 
22.57 23.23 20 18 34.18 
18.1 17.31 16 17.99 14.99 
49 53.06 52 67 44.99 
26.74 35 31.7 28 26 
55.02 36.51 47.77 48.99 59.9 
94 108.5 88 84.99 109.9 
124.99 74.99 118.08 119.62 118.09 
33.3 47.99 49.99 39.99 38 
18 13.28 17 18.9 7.9 
99.99 82.93 108 84.9 77 
17 18 22.03 33.9 39 
32.9 22.57 19 18 23.23 
79 85 69 79.99 79.9 
30 30 13.9 9.99 24.9 24.9 21 21 13 15 149.99 30 24 18 20 21 17 19 29 20.99 9.95 30 17.9 19 19 18 15.99 30 15.99 9.99 19.9 19 30 20 20.99 25 13 35 15 22 21 25 18 30 19.99 30 14.97 9.99 24.9 35 19 19.9 25 19.99 15 21 14.97 24.9 19 19.99 9.99 30 15 17 35 22 19 19 19.9 15 30 15 25 30 15 19 13 17 9.99 24.9 30 17 25 14.97 25 19.9 30 19.99 30 18 22 15.99 17.9 12 26 15 24.9 18 29 9.95 20.99 14.97 15 30 19 21 15 15 13 14.97 20.99 19.9 13 29 30 24 17.9 17.9 12 15 15 13 9.99 20.99 29 25 13.9 9.95 19.99 29 13.9 35 30 25 15 20.99 22 19.99 19.99 14.97 9.95 20 20.99 17 14.97 30 17.9 14.97 15 15 20.99 19 19 14.97 29 17.9 24.9 15.99 21 20.99 17.9 17.9 25 29 24.9 24.9 22 19.9 21 35 30 13.9 22 15 17.9 22 19 22 35 12 30 20.99 15.99 17.9 17 19.99 19.99 19.99 19 20.99 13 17.9 13 17.9 30 21 19 19 30 19 17.9 149.99 19.99 15.99 25 26 21 14.97 30 11 18 15 21 19.99 20 17.9 21 20.99 24.9 19.99 24 14.97 25 21 30 15 35 20 30 24.9 13.9 13.9 29 19.99 14.97 30 20.99 17.9 17.9 19.99 
