5 240
80.9 84.99 80 89.9 78 
27 32.49 28.71 32.28 30 
78 74 79 77.09 79.99 
14.1 17.9 86 21.99 15.04 
89.99 89.9 78.98 80 78.97 
38 9.99 9.99 16 10.49 
16 14.99 17 13.28 18.9 
51 57 59 48.31 54 
25.11 26.29 28 27.05 31 
17 19.99 18 22.03 19.99 
54 51 54 48.31 54.99 
14.52 20.76 22.25 125 19 
52 44.7 44.9 49.99 59.99 
179.99 146 148.9 159.99 149 
57.26 105 52.44 94.96 59.19 
139.35 145.07 144 148 159.99 
77 29 26.14 27.86 35 
55.45 69.9 69.99 52.46 59 
54 53 49.31 57 45 
29 25.39 30 27 27 
38.61 124 49.08 54 53.37 
15 18 10.39 17.9 18.45 
18.91 22.25 20.66 14.05 17 
19.99 20 26 22.03 19.99 
20 19.68 14.69 17 10.39 
15.04 44.9 15 14.11 21.99 
44.99 50.5 48 42.98 53.8 
17.9 13.14 20.52 14.11 14.12 
40.5 43.31 42 41.39 49.99 
86 74 79 90 73 
55.99 59.99 54.98 54 51 
29 26.31 11.7 5.94 79.99 
39 19 122 131.32 34 
49.08 57 38.99 53 40.18 
29.99 28 26 27.05 29 
45 41.55 44.55 45.9 25.46 
57.2 61 58 59 57 
30.37 69 44.9 26.57 35.67 
29 30 24.78 34 27.68 
51 47.01 45.85 47.01 51 
14.99 17.31 18.1 17 16 
20.76 13.74 10.39 19.9 15 
44 49.89 52 55 49.47 
59.9 50 52.93 55 49 
93.69 62.37 97.5 62.17 129.99 
49.47 47 45 48.9 45 
14.08 19.99 14.34 22.25 16.99 
56.23 29.9 30.71 65 26.19 
82 83.79 52.9 80.71 87 
52 55.99 52.93 49 55 
39.99 35.67 34.99 31 30.63 
42.9 78 75 73 75.65 
17 17.32 15.66 17 19.9 
109 107 109.98 109 108.08 
179.9 149 149 149 149 
29.99 43 26 26.5 28 
123 127.59 139.9 133.04 135 
83.77 52.9 82 80.81 82 
32.9 34.18 25.85 22 26.05 
13.6 16 7.9 18.9 17.64 
54.5 49.9 48.18 43.98 41.98 
62 65 65.08 56.04 41.72 
99.9 87.12 92.9 89.99 89 
31 44.55 45 34.99 25.46 
29 49.99 49 61.17 19 
77 54.99 52.49 55 59 
9.9 25 29.99 20 7.69 
30 27 27.29 31.88 30.9 
79.99 49.9 82 79 89.99 
49 51 49.47 53.8 47 
25 24.79 34 24.99 35.67 
146 179.99 179 149 147 
29.99 29.9 14.99 22.77 22.57 
39 19.99 19 13.13 17.9 
68.29 66.83 64.47 65 69 
31 34.99 34.99 30.99 38.9 
18 14.59 17.9 19.99 18.45 
52 54.08 42.57 52.93 52 
38.58 43 43 44 43.6 
25 27 30 31.9 22.49 
14.52 19.99 18 22.25 20.76 
75 51 78 54.9 73 
39.99 59.99 52.93 39.9 48.5 
19 26 18 9.99 19 
109 110 106.91 98.6 119 
32 73.5 11.12 28.49 59.99 
92 151 58.9 89 86 
39 31.88 49 27.98 27 
60 70 45.82 59.99 76.4 
29.99 18 16.8 34.18 29.9 
20 18 16.8 16.53 34.18 
25.22 32.5 31.7 29 25.8 
49.9 49.89 48.89 55 49 
43 25 58.99 19.99 19.99 
19 28.71 31 32.9 16.8 
189.99 177 229.99 179 219 
59.99 89.99 89 59.9 81.5 
48.55 54 48.31 52.59 54 
29.13 19 30.77 25.39 27 
22.25 18.45 19.99 15 14.34 
18 15.67 17 22.03 14.74 
61 60 59.8 59.8 61.54 
53 55 44.98 42.9 49 
12.15 18 13 17 14.59 
119.9 43.74 47 49.84 49.84 
49 59.9 57 47.01 47.01 
34.18 20 18.81 23.23 16.8 
15.67 20 17 19.99 17 
15.19 17 18.1 16 17.31 
31.7 26 27 27.68 25.22 
79 67.9 60.53 62.37 69 
49 47.01 43.32 57 50.76 
52 42.19 44.77 34.9 39.69 
49.99 46.9 49 47 51 
19 14 9.99 10.39 9.9 
54.89 46 46.9 49.99 49.89 
59 39.9 71.7 32 67.47 
129.99 65 62.37 76.47 99.9 
123 184 119 118 124 
16.02 24.99 17 15 18.45 
26.99 49 24.69 19.79 34.99 
46 52 46 51 49.89 
26.74 29.99 29 29.99 34.99 
145 179 149 179.9 179.99 
46 48 40.16 47.19 44.11 
121 129 124.99 110.7 106.3 
14.11 18.45 15 20.52 17.9 
9.99 9.99 17.9 9.45 14.93 
39.69 45 46 45.85 59 
34.9 49 49.99 29 47 
29.99 35 33.98 40.59 31 
32.49 34.99 25.76 34 25.76 
39 42.9 60.93 34.18 66.36 
20.76 15.41 15 9.99 14.34 
24.99 17 22.25 15 20.76 
149 147 149 159.99 154.99 
40.59 18.49 45.9 37.5 38.44 
20 19 19 18.45 11.69 
62 66.99 61 65 59 
29 39.99 40 14.9 25.39 
45 52.47 71 58 59.99 
27 34.9 23.94 31.9 69.9 
49.89 44.22 48.5 50 50 
29.9 29 34.99 29.99 39.99 
9.99 18.04 9.99 19.99 39.99 
26.99 30 25.22 25.8 24.33 
119 119.9 123 119.99 76.79 
60.39 63.97 67.9 25.39 31.99 
19.99 19 33.9 14.99 9.9 
73.98 77 77.2 89 89 
26.99 29 25.88 69.99 27 
60 49.08 48.31 49.08 58 
149 123 121.17 125 139.99 
69 78 73.9 67 63.59 
59.99 46.99 53 79 54.9 
9.99 38.82 15.75 38 34 
18.45 19.99 14.34 22.25 17 
81 84.9 99.99 72.01 76 
121.19 116 88 123 83.69 
10.39 20.76 19 29 18 
35.67 31 30.63 35 32 
109 107 109 107.5 80.99 
55 49.89 52 49.47 53.8 
119 117.04 98.9 98.9 127 
58.99 59 61 57.81 59.2 
12.15 17.64 14.99 18.9 13.28 
53 52.47 49.08 55.99 54 
34 29.99 29 26.5 31.63 
17 16 18 18.9 12.15 
17 14.3 17.9 18.45 18.09 
34.9 51 52 44 59 
16.99 20 16.9 14.99 16.9 
53 44.22 45 42.9 44.98 
85 109 109 79 103.15 
42.93 49.99 49.99 39.34 38 
38.98 69.9 24.99 64 43 
20.52 17 18.45 15.21 17.9 
18 18.45 22.25 19 14.34 
74.32 72.91 67.36 70 64.82 
20.67 26.99 22.94 25 22 
16.9 11.03 16.91 11.12 19 
13 17.64 7.9 16 17 
138 123 131 119.99 94.99 
43.67 44.99 46 44.08 44 
89 98.9 84.79 99 98.9 
17 14.72 16.9 18 42 
37 48.5 49 119 59 
13.65 14.17 19 15 13.26 
30 25.22 29 26 28 
29 31 25 31.7 30 
20.76 14.74 17 16.99 18.45 
57.99 79.99 69.98 69 44.99 
24.58 34 24.33 30 26.91 
64.08 66.89 69 65 64.08 
29.99 26.5 24 22 22.78 
108 117.77 119 117.77 115 
19 15.49 19.9 39 17.9 
112 119.02 116 119 113.52 
24 24.33 26 29 31.7 
119.99 98 90.41 108.5 88 
110.7 139.99 112.9 118.38 114.02 
99 108 119 103 103 
33.46 54 47 71 53 
39.17 35 34.18 44.28 31 
69 58.74 66.99 61 61.38 
63.36 129 79.99 55.61 55.99 
18 29.9 5 17.98 29.9 
49.99 47.24 44 40.5 41.59 
35.14 30.2 29.9 30 30.41 
47 34.9 44.98 43.37 49.99 
94.44 129.99 104.24 103.99 100 
91 79.9 89 80.81 79 
269.99 99.9 62.17 76.47 66.9 
87.48 78.97 89.9 78.98 89.99 
89 77 69.16 73.98 81 
19.9 14.34 19 15 20.76 
5.84 4.99 34.99 14.01 56 
21.93 41.18 49.9 37.61 29.99 
34 30 29.99 30.51 27.87 
41.99 47.01 51 34.9 29 
99.99 87 87 99.99 89.99 
24.79 28 25.9 26.29 28 
19.99 40.69 34.99 37.5 34.7 
38.9 29.9 34 32 29.9 
27.99 27 27 26.06 25.76 
26.99 34.99 26.99 26.91 29.99 
17 29 15.67 33.9 22.03 
9.99 11.69 21 19 19.99 
34 33.95 25.49 24.99 39 
57 52.99 59.99 54.99 54.99 
16.77 20 24 19 19 
279 279 263.47 299.99 279 
38 38 36.78 49.99 34 
47.19 46 46 44.55 48 
13.28 17 14.99 18 17.64 
21.99 19.9 20.52 11.69 3.9 
27 29.13 29.13 34 34.99 
73 23.23 65.99 27.3 62 
47.36 54.9 43.5 42.9 49 
19.9 10.39 19 18.45 15 
25 22 20.99 19.99 30 14.97 35 19.99 21 13.9 17.9 20.99 19 19.9 19 24 19.99 35 15 17 22 15.99 22 17.9 15 15 20 20 14.97 15 13 25 21 21 13 13 17 21 20 15 17 19 18 13 30 17 30 21 18 19.9 20 29 29 25 149.99 14.97 21 15 17.9 35 24.9 20.99 14.97 13 18 149.99 30 22 15 19 29 19.9 24.9 24 19.9 13 25 26 25 15 30 19.99 15 21 19.99 30 25 17.9 15 19.9 19.9 13 35 14.97 17.9 15 24.9 13 17.9 19.9 26 17.9 19.9 30 15 25 17.9 13.9 15 30 22 13 24 149.99 15 25 21 19.99 21 25 22 22 17.9 9.95 30 17.9 30 24 19.9 15 29 19 15 21 21 19.9 17 35 19.9 30 22 25 19 14.97 9.95 9.99 17.9 20 29 9.99 22 30 25 30 21 19.99 17 21 19 30 19.9 21 21 20 19.9 15 18 13 30 23 15 25 15 19 30 19.9 15 15 25 13 30 17 15 19.99 9.95 30 24.9 30 19 17.9 15 13 19.99 15 21 17.9 0 20 17.9 25 17.9 30 21 20.99 17.9 25 19 13 21 17.9 30 25 21 26 29 20.99 14.97 15 14.97 17.9 29 17.9 24.9 17.9 30 19 21 30 13.9 9.95 17.9 30 20 22 21 29 17.9 19.9 17.9 29 
