5 240
13.28 11.6 16 18.05 12 
119 48.5 119.99 58.18 58.18 
116 129 119.99 118.08 118.09 
49.89 44.22 54.99 77 50 
24.02 28 29.99 29.99 28.9 
12.15 18.9 17 17.64 16 
19.9 18 16.9 29 39 
47.01 52 49.47 49 39 
48 46 38 38 28.11 
49.99 120.86 69 49.99 98.72 
29.99 86 25.52 27.98 39 
9.99 15.65 18 39.99 19.9 
9.99 20.2 9.99 89.99 19.9 
68.29 67 68.9 64.47 58.47 
60.9 64.99 60.91 72.5 62.86 
56 55.99 48.31 59 54 
28 25.22 26 26 30 
59.99 56.05 109 54.69 48.31 
49 55.99 49 48.89 45 
12.15 18.9 13.28 16 13.99 
9.99 15 24.99 17 16.02 
49 59.9 56.99 59.99 47.01 
25.85 23.23 39 34.18 16.53 
13.54 11.69 22.25 10.39 15.41 
77 46.99 54.98 59 49 
18 17 11.69 18.99 17 
29.99 31 59.9 28.67 29.9 
54.08 49.47 52 50.76 43.95 
9.99 16.04 33.95 32.99 27.06 
19.99 43 39.99 25 58.99 
51 62 49.08 51 57 
49.9 36.8 37 30.99 41.04 
16 11.6 16.84 12.99 12 
76.3 86 88.5 79 77 
29.99 31.7 38 30 26 
98.9 122.39 84.79 129 89.99 
47.01 49.89 49.47 43.71 52 
45.92 58.89 59.9 54.5 59.99 
49.99 44.99 47 46.3 44 
35 9.99 34.44 9.9 19 
36.5 24.79 35.67 34 24.99 
88.5 74.42 73.98 81 77 
16 18.9 11.99 14.99 19.9 
116 119.99 113.52 119.8 119 
78.74 67 67.9 67 66.43 
9.9 19 9.99 9.9 32.37 
64.9 22.49 51.22 23.94 19.94 
20.67 34 28.49 22.76 24.99 
69.99 49.99 59.9 83.94 54.99 
20.76 24.99 25 21.99 22.25 
57.26 60.28 98 105 98 
46 43 46 44.11 47.19 
74 68.78 72.42 69.6 72.52 
13 16 18.9 17 14.99 
34.99 4.99 56 6.26 14 
289 344 276.17 289.99 285 
77 49 67.31 39 66.11 
34 25.74 24.93 29.9 26.73 
39 19 15.67 14.74 15.67 
18.45 18 13 18 20 
18 11.69 15 10.39 19 
51 53 39.9 54 49.9 
53.61 51 50.76 59.99 46.99 
86 151 55.37 87 89 
14.34 14.52 24.99 20.76 20 
74 129 125 44.99 129.99 
43 46 36.78 79 49.99 
84.99 99 90.41 96.69 99 
14.49 18.45 10.39 73 18 
66 70 61.01 32 61 
17 12.15 17.64 13 12.99 
55 66.99 49.9 52.56 59 
57 61 59 58.53 69.9 
90.82 99.99 99.99 99.99 87 
19 17 34.06 35.9 37 
49 29 55 52 49.47 
22.25 16.99 14.72 22.7 16.99 
119 119 114.99 122.5 129 
79.99 54.9 65 55.61 69.99 
35.67 16.53 16.8 34.18 36.5 
45.85 48.92 44.99 52 29 
49 54.9 52 59.99 54.99 
89.99 9.99 10.49 9.99 9.99 
52.59 62 54.99 54 48.55 
104.99 97.5 82 79.99 118.39 
199 399 206.5 219 229 
29.9 20.48 20.47 25 21.93 
108.92 106.32 109.8 118 119.9 
73.35 72.01 99.9 108 70.87 
118.5 75.99 55.44 59.9 39 
123 119.99 132 139.99 119.31 
149 149 149 149 149 
14.34 22.25 19.99 15 10.39 
99 98.9 122.39 129.99 117.04 
9.99 19 7.36 8.25 9.99 
30 32.28 27 34 27.99 
34.18 37.63 34.18 35.67 39 
43 44.99 37 41.04 79 
206.5 219 237 205.9 209 
18 33.9 18 14.74 17 
60 67 79.99 60 64 
29.99 29 24.33 29 34.99 
40.92 55 49.99 42.99 52 
64 14.99 69.99 64.93 62.99 
15 4.99 21.99 20.52 19.9 
99 95 103 104.24 129.99 
49.99 46 36.78 56.9 42 
119 19 129 39 149 
24.33 26.91 26.99 34.99 30 
60.07 62.9 69.98 69.9 59 
9.99 16 38.82 34 14.18 
35.99 25.78 24.33 29.99 28 
99.63 104.61 119 103 115 
55 42.99 56 51 52 
84.99 77.09 65.99 74.98 72 
34.99 28.71 30 30 29.99 
13.6 17.64 13 19.9 18.9 
33.61 35.67 35 39.9 33 
16 13.6 17.64 12.15 14.99 
46.9 45.57 44 41.99 49.47 
49 34.99 24.81 22.99 30 
13 19.9 20.76 18.45 19 
109.99 111 109 108.22 68.99 
28 25.22 27.68 26 31 
42.99 49 46.9 47.5 55 
29 17.32 20.76 18 15 
69 59 44.08 46 43.67 
59 59.99 58 59.99 46.19 
69.52 76.3 99.99 89.9 72.99 
52.49 64.99 79 51.54 51 
55 46.6 49.9 39 49 
15 19 16.8 18.91 14.34 
69.99 49.99 49.99 40.17 43.98 
18 16 21 13 14.98 
19.99 69.99 47 15 17 
18.45 19 19.99 9.9 13 
52 51 44 48.92 39.69 
19.99 39 19.99 19 14.74 
19 21 28 9.9 26.4 
18.9 17 18 13 14.99 
51 55 53 38.61 51 
26.31 28 29.99 29.99 24.59 
119 114.84 119.99 109.8 129.99 
37 40 49.9 36.8 44.99 
22.25 14.49 18 20.76 10.39 
72 86 75.59 65.99 74 
127 114 98.9 98.9 194 
79 74.18 80.9 78 79.46 
39.6 54 54 39 52.32 
49.99 54.99 49.9 54.98 39 
94.96 98 124 98 109 
28.71 28.51 94.32 56 39.99 
15.67 15.73 19 19.99 19.99 
13.29 20.76 18.99 19 15 
18 39 39.9 31 26.05 
60.07 54.33 58 39 59 
62 55.99 48.31 51 53 
51 62 57 56.05 52.47 
10.94 25 12.09 20.3 21.22 
63.36 79.99 59 51 55.61 
16 26.05 19.99 13.1 30 
13.99 17 12.15 13.6 17.64 
25 34 24.99 24.99 35.67 
28.91 32.99 79 30 30 
69.98 54.5 65 62.52 54.33 
61 57 69.99 58 69.9 
35.67 32.9 18 39 20 
85.19 87.36 83.79 79 59 
32 33.49 20 10.47 10.43 
43 59.99 53 51 62.9 
58 69 41.72 65 60.93 
14.89 19 15 17 10.39 
69.99 69 64.47 58.47 63 
91 79 46.24 79.9 93.99 
115 129.99 106.32 123 119 
45.85 49 49.89 49.99 52 
28.58 34.99 26.46 24.69 28.58 
15.65 19.99 9.99 9.99 22 
43 56.05 69.9 52.49 79.99 
21.99 16 19.9 15 14.12 
42 40.16 35 41 39.99 
149.01 146.31 141.81 179 144 
19 33.9 17 18 19.99 
15 19 18 14.69 22.25 
56.05 52.47 49.08 51 51 
92.53 98 85 90.11 86.72 
45 44.77 41.34 46.03 47 
30 28 26 26.91 24.33 
55 64 53.9 38.61 51 
117 19 131.32 39 119.62 
59.99 52.93 52 50.06 46.99 
42.63 25.22 29 26 34.99 
27 41 39.99 35.5 39.49 
35.9 19.99 20 7.95 4.99 
66.59 79.95 87.33 78 79.99 
13.6 14.99 16 24.9 13.28 
40.89 39.99 40.89 40.16 36.5 
59.99 51 49.08 56.05 69 
26 32.9 28 25.8 39.99 
63.36 58 58 59 61 
25.9 25.9 24.79 29.99 29 
25 37.61 20.48 34.99 41.18 
59 49 49 48.5 52 
43 51 57 79 56.05 
23.23 31 39 19 32.67 
21 15.19 19 14.99 18.1 
273.06 269 344 319 257.44 
118.5 119.9 79.9 69.99 119 
10.39 16.8 15 14.34 13 
46.18 69.99 40.17 49.99 54.99 
118 116.77 113.78 117 122.99 
52 46.9 29 46 40.92 
79.9 69.99 72.5 79 56.04 
87.33 90 79 86 72 
17.9 20 19 17 15 
119.9 82.34 149.99 119 118.5 
51 34 53.8 49 44.99 
44.9 49 44.99 46.3 49 
7.95 34.99 20 7.33 4.99 
137.99 116 135 138 76.77 
44.99 54.99 47.5 51 49 
59 59 57.99 55 51.38 
34.99 29 28.71 32.9 43 
17 17.31 21 14.99 18.1 
113.52 113.53 122.07 119.99 119.9 
48 40.16 44.11 44.55 46 
39.99 29.99 14.9 29 35.5 
26 25.22 34.99 20.79 24.69 
51 49.08 43 54 34.63 
16 11.69 18 13 19.99 
31 18.45 25.99 13.1 42.99 
116 76.99 124.67 132.38 137.99 
50.76 47.01 52 59.99 46.12 
165.7 126 129.99 129 113 
49.84 43.74 51.99 54 53 
25.99 10.39 15 35.67 39.99 
118.5 75.99 59 59.9 55.44 
17.9 15 18.45 18 15.99 
18.11 17 18 19 14.79 
17.9 17.9 18.45 15 18 
30 15 19.99 15 29 15 25 20.99 17.9 19.99 20.99 19.99 13.9 30 20.99 19.9 17.9 30 19.9 15 30 14.97 21 30 12 13 14.97 15 13 19 17.9 24.9 30 9.95 19.9 29 24 21 18 14.97 25 18 19 19 21 25 29 19 20 14.97 17.9 20 18 30 14.97 26 19.99 24.9 22 12 24.9 19 17 15 30 20.99 17.9 24 15.99 9.95 21 20 35 13 26 29 13.9 18 19 12 18 25 13 18 25 29 15 20 14.97 13.9 19 9.95 14.97 9.99 15 13.9 19.9 29 19.99 17.9 9.95 17.9 30 30 15.99 19 9.95 30 30 15 19.9 24.9 25 13 19.99 17.9 30 13 15 29 22 19.9 14.97 22 149.99 21 19.99 29 17.9 22 20 19 13 30 15 21 24 20 30 14.97 21 19 26 29 30 20 19.99 25 30 29 15 18 20 24 30 20 30 22 30 25 24.9 15 29 20 18 26 13.9 19 14.97 19 30 15.99 29 22 18 18 19 13 17.9 30 30 15 19.9 30 25 35 20.99 17.9 25 19.99 149.99 19 14.97 13 20.99 21 35 13.9 21 18 19.9 14.97 19 19 20 15 24.9 9.95 21 9.99 18 24 25 20 13.9 29 15 15 19.9 17.9 15 21 15 35 14.97 30 21 20 20.99 24.9 20 17.9 9.99 24.9 15 13.9 24.9 19.9 24 29 
