5 240
36.9 29.9 29.99 29 39.99 
46.3 49 46.3 49.47 49.99 
37.99 36.5 30 33.45 27.4 
28 24.75 29.9 34.99 26.94 
43.71 44 29 45 46.11 
51.44 51 54 57 54 
144.99 153 149.01 139.35 149 
26 29.99 28.58 28.58 24.69 
99 98.9 122.39 84.79 114 
59.99 69.9 59 52.46 60.3 
13.34 10.39 19.99 19 17 
9.99 9.99 20 6.99 12.87 
49.9 52.49 49.08 51 51 
28.9 24.75 24.02 29.99 29.99 
45.66 41 45 39.51 69 
31 26.74 24.33 29.99 31.7 
51.54 51 57 56.05 54 
13.99 18 13.54 15 11.54 
64 43 40.77 43 24.99 
154.31 154 148 145 159.99 
60 69.99 52.99 69.99 65 
135 119.31 149 127.59 119.99 
54.74 59 54.74 52.47 69.9 
9.99 17 13.53 16.9 14.93 
79.95 65.99 80 74.98 72 
47.5 46.9 49 48 52 
49 55 52.93 49 45 
87.36 81 58.41 99.99 99.99 
44 45.13 46.99 42.19 34 
9.9 14.34 11.69 18.45 13 
28 26 27.72 26.74 24.33 
9.99 15.55 9.99 9.99 10.49 
16.35 18 22.03 19.99 20 
58.18 58.18 37.09 49.99 29.99 
19.9 14.1 20.76 10.39 19 
75 79 99.99 88.43 79 
21.9 25 22 25 24.99 
24.99 40.77 64 43 55.99 
59.99 49 47.01 55 47 
101.97 119 109 43 119.99 
122.99 129 119.99 121.17 149 
31 39.9 39.54 39 35 
75.5 63.59 69 73.9 69.9 
139.99 53.61 54.98 39 52 
29 42.99 27.5 49.47 109 
47.01 49.47 42.99 45.85 44.99 
49.89 53.8 49 44.22 55 
40.92 49.89 42.99 34 48 
32 33.45 36.5 27.52 30 
39 33.98 31.1 45 35 
9.99 26.91 34 24.33 35.5 
20.76 19 9.9 14 19 
17 14.93 19.99 20 16.9 
59.13 55.95 61 65 64.08 
26 26.91 34 25.22 24.78 
49.89 49 49.47 49 27.7 
109 34.99 28.34 32.9 27 
17.64 21 9 18.9 14.98 
29 29 59.99 26 28 
24.99 25 23.64 25 26.5 
41.59 45 40.5 38.58 44 
86.07 69.9 142 77.95 95.24 
36.9 29 27.76 27.76 33 
36.63 69.9 9.13 8 8.25 
69.9 51.44 51.54 43 51 
18.1 17 15.19 17.31 21 
19.9 18 22.25 14.1 19.99 
64.08 66.99 62 67 59 
52.44 57.26 104.72 105 59.18 
53.74 69 62.71 59 58.99 
51 51 51.54 49.08 48.31 
100.4 106.4 194 109 117.77 
34 34.99 14.9 6.94 7.71 
28.49 28 28.58 26 34.99 
19.99 28 26.99 30 29.9 
17 16 17.99 18.1 14.99 
29.99 29.69 29.9 34 30.69 
109.77 119 133.99 115 95.91 
16 14.11 44.9 15.04 15 
34 38 9.99 15.75 14.18 
118.38 114.02 116 114 112.9 
14.74 26 16.63 15.67 16.77 
44.9 21.99 15 15.04 15 
119.9 89 79 119 119 
28.99 20.67 24.11 25 24 
47 49 48.92 52 51 
25.22 26.74 26 31 27.72 
20 17 16.99 16.02 18 
17 20.76 19 11.54 19.99 
109 30 25.68 25.39 32.41 
51 49 49.89 49 43.79 
29.69 29.9 29.99 36.9 29 
18.99 19 9.99 19.99 34.99 
76.88 72.27 71.46 79 77.2 
34.06 36 19.99 17 16.63 
49 46.3 43 44 52 
69.9 61 57.02 60.91 64.9 
56.05 61.9 54.69 53.9 54 
19.9 47 35.67 19.99 19 
59 58.43 77 55.97 55.97 
59.99 45.73 49.47 54 44.22 
66.43 65.22 62.85 69 64.9 
45.04 45 40.99 21 45.85 
77 69.16 74.42 75.74 99.99 
13.28 12.15 13 18 17 
26 31.7 26.5 29.99 25.22 
39.99 39.99 39.99 66 43 
39.9 52 59.9 55 48.5 
18.45 19.99 42 18 21.99 
74.98 90 73.42 79.99 80 
18 17 17 14.93 18.11 
55 53 49.9 66.99 51.38 
28 29.99 25.11 29 28 
49 51 45.98 52 53.8 
17.64 11.99 18.9 12.58 19.9 
16.63 15.67 14.74 19 20 
69.99 69.99 69.99 60 59.99 
34.99 129 29 26 34.99 
39 11.81 39.9 13.15 13 
29 43.49 49 44.99 109 
90 49 54.99 59.99 39 
16.53 22 39 18.61 20 
69 79.99 106.91 104.89 116 
29.15 26.31 28.51 94.32 32.9 
69.9 30 29 27 19 
20.76 18.45 14.52 25 16.02 
57.27 77 57 59 57.9 
55.61 33.66 61.54 61 61.91 
14.74 17 15.67 18.49 19 
56.05 54 48.31 52.47 49.08 
54.99 49.99 46.16 49 45.76 
41.21 26 26 34.99 34.99 
25.99 13.1 19.99 30 16 
43.56 108 70 79.99 64.18 
28 35 30.99 25.22 34.99 
82 81 83 91 99.99 
29 26.74 28 26 25.22 
111.69 124.67 118 119.9 184 
28 29.99 31.7 26.9 24.69 
24.21 28 26.94 24.75 24.75 
151.4 148 129 135 153 
53 39 57.99 59 59 
114.12 119 99.9 251 99 
26.91 26.99 34.99 29.9 30 
35.67 16.8 38.99 31 20.83 
53.8 49 32.9 49 49 
36.9 29.99 48.76 55.99 27.5 
49.47 21 49.99 49 45 
87.33 74.98 66.59 79.99 159 
28.51 32.9 29.63 26.31 29.15 
20.76 20 10.39 15.84 16.02 
31.7 26 29 26 29 
34.18 19 22.57 16.8 16.8 
58.74 65 59.13 65 69 
18.45 15 10.39 20.76 19 
108 109 120 117.77 108 
151 55.37 94.99 58.9 69.99 
14.89 15 16 19 15 
35 39.9 44.28 47.99 20 
319 272 281 289 279 
19.9 18.05 13.28 12 12.58 
49.89 44 41.99 46 44 
49.99 49.99 43.91 49.99 47.5 
36.78 38 29 41 38.25 
13.6 15.99 13 17 18 
49 55 49.99 45 49.89 
107.49 129 114.02 124 119 
69.99 58 52.46 60.32 77 
74.32 89.99 94.99 88.5 65 
29.99 24.33 34.99 29.9 26.91 
54.99 49 55 49.99 52.47 
23.94 23.94 22.49 19.94 69.9 
49.99 65 49 67.31 77 
13.26 15.04 13.65 17.9 19 
55 49 44.22 48 52 
32.99 30 39.99 29.99 29 
46 44.22 42.99 46.9 48 
60.22 60 59 69.99 55.37 
45.66 39.99 36.9 27.5 29.99 
19 14.99 15 19.9 18 
47.36 63 52 65 72 
42.99 52 55 51 47 
49.89 53.8 49.47 27.5 43.49 
118.09 74.99 129 129 119.62 
66.89 59.13 61.38 59 61 
85 76 78.26 82.93 77 
28 29.9 26.91 26 25.22 
59.9 48.31 59.99 56.05 52.49 
70.36 73.19 73 69.99 49.9 
48.5 28.71 25.39 43 27 
19.9 69.99 17.9 18 17 
32.99 26 34.99 25.22 29.9 
34.18 29.19 34.18 33 31 
17 35 18 16.3 19 
46 51 34.9 46.3 49.99 
64.9 56.18 25.9 129.9 22.49 
75.59 159 74 72 75.64 
24.99 34 39 32.99 29.99 
79.9 66.99 63.99 69 67 
39.99 33.3 42.93 29.98 38 
15 20.76 13.29 11.69 22.25 
29 23.39 30 24.33 69.9 
46.3 42.9 49.99 51 46.3 
59 58 54.99 59 54.33 
49.31 49 54.08 45 49 
25.9 64.9 19.94 51.22 55.44 
68.29 64.46 64.47 63 65 
15.75 49.99 38.8 12.99 11.81 
19 15.19 18 17.31 18 
108 111 142 99 98 
24 18.13 12.09 10.99 20.3 
108 80.99 114.91 111 119.99 
77 49 59.99 61.49 61.49 
17 14.59 18 17.64 12.15 
144 145.07 179 86 135 
44.99 54.99 49 54.9 43 
32 16.63 36 22.03 39 
83.77 72.19 89.99 82 82.19 
81 89 67.8 92.56 91 
159.9 159 179.99 149 147 
26 29 26 27.21 24.21 
22.25 15 19 9.99 19.99 
45 51 39.9 59.99 45.58 
19.99 34.99 32.99 19.99 32 
18 14.74 19 16.3 17 
16 17 18.45 15.21 47 
39 33.9 15.67 24 20 
85 99.9 95 109 69 
27.06 29.99 32.99 31.91 25 
77.9 55.43 59.99 69 64.35 
60 69.99 44.99 59.99 76.4 
29.99 14.72 17 18 18.45 
36.51 39 39.9 38.1 40.59 
12 19.9 16 16.84 13.28 
19.9 12.99 16 13.28 16 
59.9 80.81 69 99.99 81 
46.99 44 34 46.99 42.99 
26 19.79 26.99 29 34.99 
31 29.99 29.99 28.5 27.86 
25 29.99 23.64 25 26.5 
9.95 20 18 21 30 17.9 26 18 19 25 13 14.97 18 19 19.99 19 17 15 21 30 30 25 35 25 15 18 22 22 18 20.99 30 13.9 20 19.99 30 30 21 20.99 19.9 29 17.9 15 24 35 18 9.99 19.99 18 21 15 24.9 30 19 19.99 19.99 18 24.9 14.97 22 30 14.97 30 30 15 26 15 24.9 25 17.9 17.9 21 17.9 14.97 13.9 29 17 13 19.99 15 30 9.95 21 35 26 13.9 30 17.9 35 29 29 12 19.9 30 15 30 17.9 30 30 28 25 22 26 30 29 15 13 15 25 24.9 15 13.9 20.99 17 19 20.99 25 30 18 17.9 20 24.9 15 20 25 17.9 21 9 25 13.9 19.9 21 21 25 20.99 20 17.9 17 9 30 9.95 24 24.9 26 19.9 35 19 15 24 18 21 15 19 30 15 24.9 19 18 15.99 25 19 20.99 18 17.9 12 17 25 19.9 20 25 30 19.9 21 9.95 17.9 30 13 149.99 26 30 13 15 12 19.99 25 17.9 14.97 19.9 17.9 15 24.9 20.99 25 30 14.97 9.99 17.9 19.99 12 13 19 20.99 14.97 17 9.99 17 22 21 19 17 149.99 13.9 14.97 29 30 30 35 20.99 15 22 19.9 17.9 13 24.9 9.99 17 22 19.9 21 30 9.95 22 24.9 12 30 15 25 13 30 9.95 19 
