5 240
47.74 79 84.87 69.99 69.99 
99.9 142 125.24 103.32 114.99 
27.68 28.49 29.99 29.99 28 
16 19 19 18 14.05 
55 46.9 49.89 59.99 52 
18.45 10.39 14.49 18 18 
13 12.15 17.64 14.99 18.9 
29 25.88 25.39 29 34.99 
34.99 14.01 6.26 48.5 5.84 
49 44.99 47 46.3 49 
29.9 34.99 26 27.72 26.74 
32 32.99 34.99 19.99 10.43 
11.54 16 11.69 20.52 19.9 
28 28 29 30 26 
48.76 27.5 29.99 55.99 29.99 
34.99 29.99 30 34 32 
63.36 77 51 79 48.31 
66.99 54 51 55.61 55.61 
47.89 55 57.99 52.56 59 
17.64 13 18.9 18 16 
34.18 18 20 26.05 18 
19 18 20.76 18.45 14 
25 15 26 14.34 22.25 
13.6 13 16 13.28 12.15 
58.84 58 60.07 39 62.9 
29.99 28.49 26.5 34 24 
48.31 53 77.99 51 56 
51 56 44.99 55 47.01 
14.99 17.64 13.28 13 16 
52.47 57.2 54.74 57 59 
49 48 49 49 49.2 
99.04 103.98 109 99.9 109 
57 52.47 51 54 53 
16.9 18.45 17 19.99 16.9 
13.6 18.9 14.99 13.28 16 
52 49 41.99 53.8 45.99 
9.99 9.99 19.9 20.2 9.99 
25.9 18 17.82 14.34 20.76 
18.1 24.99 15.19 18 17.31 
51.54 54 39 49.08 52.32 
39.99 43 30 32 32.99 
16.9 19.99 29.99 16.9 18.99 
45 52 49.47 52 55.99 
43 79 28.91 34 33 
24.79 26.31 26 26 31.56 
33.45 33 37.99 30.27 30.75 
16 17 17.64 13.6 14.99 
69 89.9 129 87.48 78.97 
121 115 115 118 122 
39.9 30.69 35 33 19.99 
13 18.9 13.6 19.9 15 
28 24.75 29 24.21 26 
35.9 79 35.04 39.99 56.05 
99.99 99 90.09 93.13 119.99 
80.81 79.9 81 99.99 89 
61 58 58 86 63.36 
46.75 51 46.75 49.47 44.15 
24.33 30 26.99 29.99 34.99 
51.44 51 69.9 64.99 51.44 
47 49.9 45.4 47 44.4 
73 29 19 61.17 49 
48.5 39 47.01 45 54 
44 52 44.22 47 49.89 
19.99 18 20.76 11.69 15 
12.88 12.58 13.28 16.84 19.9 
13.28 14.99 18.9 17 14.99 
19 14.34 16.02 22.25 35.67 
54 46.03 43.99 47 48 
103 109.77 102.09 133.99 105 
15.04 15 20.52 15.04 18 
17.98 29.99 5 32.9 29.99 
5.62 12.9 9.99 9.99 34 
39 32.5 49.2 49.2 55 
31 26.31 27.05 29.99 28 
34.9 30 34.99 31 39 
34.99 28 29.43 24.59 29.99 
32.41 25.88 43 25.88 109 
93.69 89.9 81 93.99 99.99 
54.99 58.84 59 79.99 58 
24.33 26.99 34.99 26 25.8 
53.8 29 47.01 49 46.89 
24.33 25 29 26 113.75 
47.12 44.12 54 46.14 48 
69.9 40.77 24.99 38.98 64 
76 88.5 72.01 77 84.99 
51.06 56 41.86 48.98 31.01 
49.9 36.8 41.5 37 56.99 
29.99 31 29.9 26.5 28 
19.16 24 21.22 10.99 10.94 
55 59.99 53 29 52.47 
66.5 43 54.99 46 65.9 
9.99 18.99 19 11.46 9.99 
24.75 49.99 42.93 29 38.25 
194 117.77 107.05 79.99 117.77 
273.06 263.47 289 246.13 273.06 
92.56 56.9 91 59 85.19 
20.52 99 15.04 18.45 17 
18.99 16.9 18.45 14.72 29.99 
51 52.47 54 54 51 
36.5 39 24.79 33.95 25 
109 108 107 130.5 119.99 
53.06 67 54.9 53.06 55.99 
69.9 129.99 119.99 104.94 56.35 
33.95 27.06 32.99 25 16.04 
39.99 19.99 40.69 43 36.9 
29.9 20.47 24.8 21.93 20.48 
65 26.9 26.19 56.23 26 
35.67 25 24.99 36.5 34 
19 14.74 18 19 16.63 
27 43 27 29 30 
34.99 69.99 30 43 25.39 
43 49.99 54.99 44 58.99 
29 29.99 30 29.99 28 
16.99 17.82 16.02 20 22.25 
129 127.59 125.28 119.99 123 
47.19 46 48 44.55 40.16 
25.9 29 26 79.99 28 
34.99 24.69 31.7 30 27.72 
42.93 49.99 56.9 36.78 46 
19 20.76 14.34 19 18 
62.17 269.99 99.9 62.37 97.5 
27 24.04 23.63 59 34.99 
67 63.59 69 63.99 65 
13.89 18 19.99 19.9 19 
59.99 43.45 54.99 49.99 49.2 
56.05 52.47 55.99 59 51 
15 49.9 15 39 19.99 
44.22 59.99 49.99 55 49.99 
17.99 18 15.04 15.04 16 
13.28 12.88 12 16.84 11.6 
55.44 53 51.54 109 59.99 
11.69 18.45 22.25 18.99 19 
49 40.16 46 47.19 48 
37 48.5 121.45 37.09 45 
69.9 59 52.46 55.45 65 
16 13.28 13.78 17.64 12.15 
62 64.28 72.5 99.9 99.9 
62 56.05 51 48.31 51 
52 49.31 45 39 42.79 
39 93 99.99 91 83.43 
109 119.99 99.9 100.19 59 
26 29.99 24.59 26.31 29.99 
14.99 19.99 19 26.9 23.76 
49 55 47.01 49 47 
32.28 26.06 34.99 32.49 24.67 
48.31 69.99 60 69.99 61.9 
84.5 70.73 75 109.9 93.99 
36.6 69.99 36.8 46 9.99 
62 52.59 54 54 51.54 
56.05 71 29.99 51 51.99 
126 119 99 99 113 
51 49.08 39 47 49.08 
55.99 47.01 49 44.22 57 
70.73 65 84.5 75.65 78 
31.7 29 24 39.99 31 
14.05 17 19.9 13.74 10.39 
38 34.99 38.99 42 40 
24.99 19.99 20.76 16.99 15 
109 99.9 109 59 101.5 
15 16 12.99 12 16.84 
14.99 17.64 16 13.28 12.15 
28 59.99 24.75 26 27.21 
14.34 18 13.5 43 13.5 
34.99 26.9 49 29 27 
19 17.64 12.15 18.9 16 
29.99 116.35 119 49.99 49.99 
56.05 52.47 51 55.99 51 
46.18 43 58.99 49.99 40.17 
53 49 46.99 54.99 48.5 
9.99 9.99 19.9 9.99 89.99 
149 154.99 149 149 147 
18 36.5 23.23 31 16.8 
26.5 28 25.22 24.69 26 
26.97 29.99 32.99 29 27.68 
28 29.99 29.99 28 29.99 
39 45.9 34.76 42.93 44.5 
18.45 14.59 18 15 39 
48 37.99 39.24 38 40 
49.89 54.99 39.99 59.99 52.93 
24 16.75 19 19 19.99 
149.99 129 129 129.9 119 
24 31 26 25.22 29 
25.22 26 42.63 28 26 
18 18.91 15.32 16.8 11.69 
84.99 79.39 90.78 79.99 99 
59.9 54.5 45.92 58.89 59.99 
11.54 18.45 19.9 21.99 17 
39.9 44.95 55 54.99 49 
17 12.15 16 13.99 17.64 
69 61.01 49.99 64.35 39.87 
29.9 79.99 27.05 25.9 79 
44.9 41.89 49.9 49.99 44 
27 59 24.04 26.9 29.9 
10.39 18.45 18.99 13.5 43 
46.3 42.99 51 49.99 44 
115 109.99 119 108.92 123 
89 51 54 54 50 
18.9 14.35 13 16 13.99 
99.04 103 99.9 103.98 89.99 
27.21 26.94 29.9 69.9 28 
38 40 40 39.6 35.79 
32.37 9.9 9.99 34.44 34.44 
27.4 29.9 33.45 30.75 30.27 
148 154 149 153 135 
18.95 17.64 13.28 12.15 16 
45 44 55 29 45 
14.91 34.99 24.9 14.9 34.99 
51 51 79 52.49 56.05 
77.95 95.24 105.37 94 69.9 
69.9 59 64.99 48.31 54 
128.9 149 149 149 149 
69 109 109 110.28 102.09 
49.47 55 50 47.01 46.99 
19 51 25.39 34.99 29.13 
129 113.16 129 139.99 114.02 
20 18 16.02 15 14.34 
119 100.19 101.5 105.93 119.99 
56 61.52 61 69.9 69 
119.99 132.38 137.99 119 88 
54.9 41.25 64.18 55.61 79.99 
35 43.98 36.5 39.99 39.54 
47.12 53 54 77 46.14 
25.46 29.99 29.99 27.68 34 
26 29.9 24.59 24.79 29.99 
51 52 46.3 49.47 49.99 
24.67 28 25.57 34.99 26 
78.35 87 99.99 58.41 81 
89 89 69.9 72.42 74.93 
79 29 33 30 32 
102.09 106.52 109.77 103 103 
19 11.54 15.8 11.69 17.9 
49.99 34.9 29 42.99 52 
85 109 114.91 111 83.66 
19.99 21.98 20.76 19.99 18.45 
109 99.04 103 95.68 99.04 
25.99 10.39 35.67 19 16.02 
29.99 32 34 29.99 49 
39 26 15.67 17 18.49 
51 59.99 59.99 58 77 
18 18.45 14.3 18.09 17 
30 149.99 19.9 25 19 13 15 19 30 18 17 13 30 30 14.97 19.99 25 13.9 17 30 17 21 30 30 17.9 19.99 30 30 15 21 17.9 14.97 19 30 9.99 19 30 25 17 21 21 29 30 19.9 20 29 15 19.99 18 35 30 30 30 21 30 21 149.99 19 30 13 20.99 12 30 19 20.99 21 13 21 17.9 17.9 29 30 20.99 20 19.99 30 18 20 21 30 17.9 22 25 30 25 19.99 15 15 15 17.9 13 14.97 13.9 23 19.99 21 29 15 17.9 13 17 15 30 19.99 15 15 19.99 24.9 30 17.9 20.99 30 19.9 21 17.9 30 17.9 18 13 24 21 17 20.99 21 18 18 19.9 9.95 30 19 29 21 22 9.99 9.95 30 14.97 17.9 35 30 24 18 14.97 15 30 30 26 13.9 17.9 21 30 18 15 13.9 19 19.9 15 15 25 30 35 22 24.9 14.97 23 13 19 35 13.9 13.9 13 19 18 18 29 19 29 14.97 35 18 11 17.9 20.99 19.9 20 19 15 25 14.97 18 30 14.97 20 13.9 15 30 19.99 30 22 14.97 19.9 15 13.9 21 19 17.9 14.97 30 29 14.97 149.99 19.9 15 17.9 21 30 19.9 26 30 19.99 25 24 30 30 13 17.9 19 9.99 9.95 30 24.9 22 20.99 12 30 25 20.99 17.9 19.99 30 
