5 240
23.23 27.3 29.01 27.3 69.99 
36.5 34.44 35 9.9 28.78 
140.99 76.99 119 83.69 119.99 
59 54.98 59.99 52 59.99 
42.99 31 39 39.54 35.67 
29.99 28 31 29.99 24.79 
46 49.47 49.89 42.99 49 
11.69 19 19 22.25 20.76 
48 49.2 54 47 45 
29 36.9 33 33 31 
36.9 43 37.5 42 43.94 
11.12 28.49 34.99 32 11.03 
15.59 16.63 19 32.99 20 
22.99 22.25 19.99 15 20.76 
61 69 64.08 61 65 
57 40.18 34.99 51 41 
36.9 29.68 33 29 27.84 
49.99 77 39 49 66.11 
26 24.75 24.75 69.9 24.21 
19.99 9.99 18 18.45 14 
14.99 17.64 16 16 12.15 
34.99 26 25.22 26.74 26 
53.61 49.9 55.99 49 59.99 
9.99 9.99 10.49 20.2 9.99 
49 44 46.3 43 46.3 
49.99 34 49.2 55 49.9 
35.67 54 39 33.81 31 
149 149 179 159.9 179.9 
44.9 47.52 52 49.99 44.7 
17.79 18 15.66 19.68 15 
44.99 39.87 45.82 61.01 45.82 
51 58.99 54.08 54.99 55 
34 38 14.18 38.82 9.99 
15 19 14.34 13 19 
12.5 32.99 10.47 19.99 19.99 
14.89 20.66 44.28 14.05 17 
49.47 49 47 49 44.99 
28.58 28.49 27.68 29 26 
19 23.23 19.99 18 18.91 
31 39.99 44.9 66.36 60.93 
31 29.99 27.68 24.09 25.46 
22.25 18.45 20.76 16.9 20 
89.99 99.99 97 99 93.13 
69.99 62.9 56.43 56.05 49.08 
118.08 131.32 119.99 74.99 119.62 
92.29 99.99 83.43 93 91 
117.13 87 59 92 94.99 
103 99.9 109 99.04 109 
55 59.9 55.44 49.08 53 
55.99 53.43 45.66 39.99 29.99 
11.69 10.39 26 9.99 19 
60 54.99 43.98 49.99 49.99 
48.31 54 51.54 51.9 51 
110.16 108 107.5 119.99 68.99 
139 125 127.27 44.99 74 
26.64 34 28.74 24.33 26 
59 62 79 55.45 65 
56.99 49.74 59.99 49.99 58.89 
47.24 42.96 49.99 43.05 41.39 
18.45 23.23 15 11.69 19 
60 39.99 64.54 60 60 
17.64 16 6.01 16 6.53 
66.33 65.22 58.06 67 66.33 
20.76 24.99 17 17 14.34 
58 54.74 57.2 59 52.47 
29.99 44.55 31 24.09 34.99 
69.99 52.49 48.31 53 54 
59.99 70 45.82 69 45.82 
75.47 88.5 139 74.99 76.3 
19 15 15.09 17.9 13.26 
37.9 39.99 34.99 43 40.69 
91 9.9 29.99 28.16 80.99 
43 41.22 48.67 46 54.99 
56.05 57.84 43 86.9 51 
44 49 49.47 50.29 53.8 
115 119.99 108.92 99 65 
25.22 26 34 28 27.99 
20 39.9 28.51 36.5 17.9 
54 55.99 51 56.05 51 
69.9 79.9 70.11 60.9 75.99 
28.58 24.69 26.57 29.99 29.99 
107.05 119 109 106.4 108 
26 31 28.74 26.93 28 
11.54 22.25 17 19 11.69 
79.99 14.99 69 64 69.99 
139.99 53.61 59.99 52.66 52 
59.9 79 59.99 54.9 49 
51 47.01 54.08 49 44.22 
61.18 59 32 60.39 67.9 
26 28 34.99 34.99 26 
49.47 44 49 49 46.3 
56.9 59.99 59.9 54 51 
109 53.8 49 27.7 27.9 
79.9 85 91 46.24 93.99 
49.31 52 52 49.47 49 
59 48.31 54 59.9 56.9 
25 34 35.67 33.95 24.79 
57.9 79.99 69.99 63 62.99 
18 13.6 18.9 16 14.99 
46.99 55.99 50 54.99 54.08 
24.58 31.9 30 34 31.5 
285 282 272 319 257.44 
40.77 43 64 69.9 43 
75.5 63.99 69.9 69 67 
149 121.77 129 119.31 119.99 
13.28 14.99 16 13.6 17 
15 15.04 15 14.11 16 
59 59 65 61.38 69 
38.99 40 38 43.99 40 
89.99 97 87 87 119.99 
17 39 19.99 15.67 17 
46.12 47.01 59 59.99 54 
41.22 43 44.64 42.89 46 
148.99 149 149 179.9 145 
49 47 46.3 34.9 46.3 
27 27 24.67 28.22 27 
34.38 142 41 59 38 
52.32 54 49.08 56 48.31 
4.99 14.9 24.9 34.99 56 
20.79 28 34.99 26 24.69 
57.9 77 57 44.99 55 
31 28.3 27.86 28.9 29.99 
20.76 19.99 15 18 19.99 
49 46 47.01 46.3 43 
68 99.98 79 95 79.99 
77 84.99 77 75.99 82.93 
43.99 34 41 38 35.99 
24.99 29.99 9.99 27.06 25 
30.9 15 51 39 24.99 
13 7.9 13.28 18 17 
51.44 53 51 52.47 57 
29.99 31.7 24.33 25.01 26 
18.04 9.99 39.99 34 19.9 
52 46 47.5 47.01 49.47 
53 71 54 33.47 51 
26 26 26 25.9 29.99 
49 47.01 58.89 54.5 45.92 
34 29.9 29.99 26.73 25.74 
55.99 51 51 54 51 
88.5 76 108 99.9 85 
19.99 18 19.99 15.67 17 
109.9 42.9 73 74 68.27 
24.69 29.99 25.22 30 29 
59.19 109 98 60.28 98 
54 69.9 64.99 55.61 54 
55.99 79 48.31 77 51 
128.5 115 119.9 129 129.9 
73 75.65 74 79.99 78 
24.75 28 28.9 22.73 29.99 
11.69 44.9 20 49.9 22.25 
14.99 17 17 14.99 21 
18.45 11.69 10.39 15 19.99 
17.64 17 18.9 13.6 14.99 
113.16 121 110.7 112.9 115 
27 29.99 34 26.89 34.99 
15.21 18.45 21.99 14.1 15.04 
29 22.99 26.9 27 26.9 
49 53.8 43 29 45.99 
49.48 69.99 48.06 45.69 47.74 
31.1 37.63 31 11.29 45 
34.99 24.67 34.99 34.99 31 
51 29 59 42.99 50.5 
12.58 11.99 18.9 16 13.6 
64 43 24.99 38.98 55.99 
64.9 69.9 43 124 55.9 
98 124 60.28 57.26 104.72 
88.5 59 49.48 51.99 57.27 
18 39 15.99 14.59 15 
47 45 84.99 43.99 45 
30 29 49 30 27 
44.22 51 53.8 48 49.89 
49 42.99 40.99 45 45 
159 90 73 79 66.59 
77 49 50 59 49 
25 22.25 16.99 21.99 14.34 
34.99 24.59 24.59 24.79 29 
55 49.99 59 52.64 55 
6.08 17.64 19.99 16 13 
49.47 52 49 53.8 55 
71.51 64.89 66.33 62.85 66.33 
65.08 72.5 69.99 69.9 65 
20.76 16.9 16.9 20 19.99 
34.99 34.9 34.99 31 26.91 
40 29 7 35.5 34 
39 43.98 28.71 29.99 36.5 
18 16.53 28.51 17.9 26.05 
19 20.76 18.99 10.39 19.9 
44 42.19 42.19 49 45.13 
19 14.99 15 17 14.89 
49.9 54.9 59.99 53 46.99 
95 85 108 69 99.9 
149 149 149 159.9 179.99 
27 30 31 26 39 
48.9 41.53 34.18 32.67 39 
9.99 11.46 11 19 7.36 
39 29.99 33.49 10.47 32 
13.13 39 17.9 19.9 35.67 
114 194 99 119 119 
49 39.9 54.08 52.77 49 
102 99 98.39 119.99 89 
41.5 37 36.8 79 41.04 
14.39 18.45 18.99 19 44.9 
47.77 55 55 48.99 55.02 
25.22 25.22 31.7 29.99 29 
78.74 84.9 119 67 66.33 
55 47.77 53.57 48.99 55.02 
48.31 79.99 43 53 51 
31 29 29.99 26 25.22 
75.47 75 71.34 89.9 79.38 
14.74 17 18 19 19 
109.9 64.9 56.35 102.34 65 
29.99 29.99 31.56 29.99 29.91 
28 34 9.9 19 9.9 
141.5 39.99 85.96 99.99 64.28 
31.63 29.99 29.99 34 33.95 
9.99 17 13.53 15.6 14.93 
25.22 26.99 26 26 31.7 
22.25 15 19 15.84 10.39 
29.99 26.31 29.91 29.99 26 
80.71 80.71 91 89 80.81 
51 45 54 56.05 56 
30.77 51 56.05 19 29.13 
91 108.5 80.81 99.99 83 
106.91 129 109.99 104.89 109 
14.7 19.99 18.09 19.99 17.32 
50 49.08 56 54 54 
52 52 52 29 41.99 
16 18 86 15.04 18.45 
165.7 113 116.13 89 126 
55.61 69 57.99 79.99 108 
47.01 46 44.22 44.99 42.99 
47.01 49 49.89 47.01 49 
53 55 39.99 45 39.9 
25.52 24.99 35.67 30.9 27.17 
35 19 17 39 17 
79.9 92.56 95 46.24 86 
100.19 99.9 101.97 109 101.5 
26 26.91 25.22 24.33 28 
61 52.47 51 57 49.99 
24.67 26 29 28 26 
21 25 21 30 15 30 17 29 26 19.9 19.99 24 17 14.97 35 15 30 9.95 13 30 30 30 149.99 15 19 19.99 24.9 15 24.9 15 21 25 19.99 19.9 15 22 30 14.97 30 35 9.95 24.9 9.95 21 21 19.99 20 14.97 9.95 19 14.97 21 26 25 24 19.9 25 13 19.99 17.9 17.9 23 18 19.99 21 35 19.9 13 14.97 17.9 21 30 17 25 18 9 19.9 25 17.9 13.9 19.99 17.9 17.9 19.9 13 149.99 9.99 21 22 19.99 149.99 22 25 22 9.99 13 24.9 13 15 18 30 30 21 24.9 30 19 15 19 9.99 9.99 17.9 30 14.97 15 14.97 13.9 19.99 15 16 13 9 24.9 15 24.9 30 17.9 19 14.97 24 19.99 17.9 18 21 15 22 19.9 13.9 9.99 13 9.99 17.9 16 18 19 22 21 23 20 14.97 24 19 13.9 17 9.99 30 22 20 14.97 30 22 21 17 20.99 20.99 19.99 17.9 21 29 17.9 18 18 29 19.99 26 30 14.97 15 30 20 15 15 19 30 17.9 35 17 29 30 17 19 20 19.9 17.9 20.99 30 30 30 9.99 21 17.9 21 30 13 13 17 15 22 19.99 19 14.97 19 30 13 18 21 14.97 13 30 17.9 20.99 19 18 19.9 19.99 30 19 17.9 30 14.97 19 18 21 149.99 15.99 21 24 19.99 17.9 20 25 
