5 240
17 13.88 21.99 15.04 18 
13.54 13.99 20.76 11.54 17.9 
126.96 129.99 184 124 124 
44.22 46.3 49 43.79 49 
103 105 110 119 95.91 
52 40.92 45.57 46.9 52 
31.7 28 27.8 26.91 24.33 
24.59 28 27.05 34 26 
43.67 45 39.69 40.99 49 
51 59.99 51 52.47 55.61 
19 14.1 19.9 11.69 15 
55 49 53 49 43.32 
17.99 15 38 15 20.52 
43 69 63 67.9 71 
31.7 29 26 25.22 29 
114 116 119.02 122.5 119 
73 78 74 78 65 
24.11 22 24 24.11 29.99 
58.18 59 37.09 37 49.99 
86 60 89 94.99 109 
17 16.75 19.99 15.59 24 
25.22 27.72 26 24.33 26.29 
142 95.9 95.24 93.44 79.99 
14.99 35.67 39.99 43 41 
97 89 90.82 88.9 99 
19 25.39 56.05 30.77 29.13 
39 59 55.44 59.9 75.99 
56 54 69.99 50 86.9 
64.54 79.99 60 59.8 67 
19.9 13.55 23 19.68 19 
52 139.99 54.98 53.61 59 
20.78 20.76 25 25 23 
89 82.19 80.71 83.77 80.71 
59.99 55.99 54.99 59 77 
113.78 122.81 115 128 149 
27.37 26.9 43 29 34.99 
54 30 26.57 49.9 39 
129 113.52 119.99 119.02 114.99 
45 50 59 47 46.03 
26 29 28 27.72 34.99 
13 39 49.99 14 27.5 
48.5 27 25.68 109 32.9 
25.52 35.67 30.9 36.5 24.99 
17 17 14.72 18 21.99 
13 14.99 17 16 17.64 
69.99 69.99 79.99 57.9 63 
48.5 69.99 28.34 26.99 34.99 
18 35 44.28 16.53 25.85 
16.9 14.93 19.99 17 17 
75.99 39.99 49.99 118.5 55.44 
39 27.29 29.99 49 30 
15.67 16.75 14.74 17 19.99 
44.5 54.5 42.42 49 78.72 
111 52.49 56.05 49.99 54 
29 29.9 28 25.22 25.22 
92.9 92.9 83.99 89.99 89 
19.99 32.99 39 19 16.75 
55.99 79.99 51 59 79 
49.08 54 56.05 59 59.99 
29.9 26 31.7 26.91 25.22 
59 52.47 51 54 48.31 
49 52 46.9 56 46 
15 19 54.99 10.63 70.11 
43.98 44 49.99 49.99 58.99 
26 25.9 31.56 29 24.79 
108 80.99 109 68.99 85 
52.66 139.99 52 58.99 49 
49 55 49 45 48.5 
29 31.9 28.71 34.99 34 
123 125.73 125.28 129 123 
19 43 39.99 15 13.5 
40.16 39.99 44.28 39.99 40.89 
115 106.4 120 108 108 
19.99 15 17.9 39 18 
51 53 48.94 43.74 54 
99.9 72.5 59 60.93 41.72 
99 99.63 99.63 108 103 
52.49 58 49 39 49 
25.22 24.69 28 26.97 31.7 
43 19.99 20.76 19 10.39 
15 19.9 19.9 15 21.99 
13.28 17.64 14.35 12.15 13.99 
20.76 22.25 19.99 19.99 19.68 
42 18.45 18 29.99 16.9 
32.9 26.05 42.99 25.85 34.18 
35 34.99 77 26.14 27.86 
26.99 22.68 24.11 29.99 25 
27 26.9 30 29 31 
29 14.9 39.99 29.99 9.99 
30 29.99 9.99 29.99 29.99 
19 18 17 16.35 19 
79.99 49.9 19 69.99 19 
57 59 142 52.56 57.21 
62 73 65.99 86 69.99 
29.99 49 34.99 34 32 
16 19 18.1 15.19 17.31 
78.26 72.01 77 84.99 49 
98 57.26 104.72 98 94.96 
62 59.99 44.99 61.01 49.99 
52 49.9 49.2 32.7 43.45 
55 54 49.47 44.22 49 
89.9 75 99.99 79 92.56 
15 18 18 18 16.8 
39 19.99 61.5 47 49 
35 33.98 42.99 31.1 45 
54 43 50 86.9 51 
18.91 15 19.99 22.25 14.34 
16.35 35.99 19.99 18 20 
69.99 69.9 64.9 59.99 119.99 
19 18.1 15.19 21 16 
18 16.99 19.99 20.76 16.02 
50.29 55 44.22 49 44 
17 18 14.89 14.89 44.28 
13.99 11.6 12 19.9 13.28 
39.87 59.99 69 62 64.35 
59.9 31 28.67 24.99 34.99 
28.04 27 29.99 30 43 
13.28 13 13.6 17.64 12.15 
17 11.69 19 16.99 17 
19.68 17 19 18.45 18 
34 24.99 34.99 24.75 22.95 
36 19 19.99 36 17 
39.17 39 34.18 31 44.28 
43 55.99 59 56 61.29 
34.99 20 29.99 7.69 9.9 
63 34 59 64.99 63.52 
29.99 31 45.9 34.99 45 
59.99 59.9 59 57 57.45 
51 49 46.75 29 47.01 
35 28.78 34.44 36.5 19 
58 62 54.5 58.43 39 
31 26.8 30 25.76 27 
44 46.3 59.99 45.98 47 
99.04 108 99.9 89.99 108 
24.99 24.99 39 24.79 35.67 
12.15 17 13.6 9.99 17.64 
51 43 19 79.99 34.63 
36.9 33 29.68 27.76 31.6 
17 20.76 15 11.54 14.49 
59 79.99 58 79.99 55.99 
47 45 47.24 43.31 45 
89 92.9 99.99 89.99 83.98 
69.99 53 57.84 54 66.99 
84.6 65 129.99 62.17 76.47 
16.53 31 29.58 18 39.9 
64 67 39.99 59.8 69.99 
51 69.99 48.31 57 56.05 
46.99 49.47 52 59.99 44.22 
17.64 13.6 13.28 13 17 
34.99 26 28 34.99 28.49 
69.99 30 30 29 25.88 
29.99 33.9 34 34.99 62 
91 87 78.35 85.19 84 
38 41 39.34 41 44.5 
80 69.99 74 75.59 87.33 
76.79 94.99 90 131 76.99 
29.99 34.99 31 34.99 28.35 
20.3 10.94 11 18.13 24 
26 25.22 26.74 26 113.75 
26 35 29 24.69 29 
55.99 52.47 62 49.08 51 
29 26 34.99 25.22 32.9 
47.01 52 49.47 43.41 54 
64.28 70.9 39.99 99.99 141.5 
84.99 81 90 52.9 82 
31 39.9 39.9 38.1 39.99 
46 49.47 49 49.89 40.99 
100 89 119.99 129.99 100 
29 29.69 34.99 29.9 29.99 
52.93 57 50 48.5 55 
36.9 33 31.6 27.84 27.76 
47.99 33.3 56 29.98 39.24 
82 81 84.99 79 90 
43.67 43.32 49 49 45 
49 39.9 51 52 50.29 
52 58 55 52 52.66 
28.58 26 27.68 28.58 29.99 
29.99 30 29.9 33.45 30.75 
20.76 15 18.45 10.39 19 
47.01 53 59.99 49 54.9 
42.99 46.75 29 51 49 
129.99 85.9 119 97.5 95.93 
17 14.7 18 18.09 20 
94 99 109.9 99 90.66 
26.9 30.71 26 28 29.9 
39 79.99 62.57 58 59 
30.75 33.45 30 30.27 29.9 
319 281 269.01 279 269 
61.96 80.05 89 39.99 99.99 
16.53 26 19 36.5 35.67 
55.37 91.02 89 117.13 151 
28 29.99 31.7 30 26 
57.81 69 64 53.74 61 
29.9 34.99 49 19.99 34.99 
54.98 59.99 53.61 53.61 45.73 
44.28 18 23.23 34.18 20 
18.45 15 14.34 13.83 20.76 
114.99 119.99 106.32 111.71 135 
112.9 114 129 116 118 
9.99 33.95 25 39 31.91 
29.99 26.46 26 28.58 29 
59.99 49.99 43 48 47.5 
64.82 86 89.99 69 69 
30 24.33 26.91 34.99 34.99 
49 67 39.9 49.99 67.82 
4.99 34.99 20 33.49 7.33 
179 177 229.99 209.9 219 
50.29 49 44.22 27.9 49.99 
15.55 9.99 9.99 19.9 9.99 
10.49 9.99 9.99 9.99 9.99 
24.09 44.55 26 27.68 41.55 
73 84.5 78 73.19 119 
80.99 28 9.9 9.9 19 
55 49 49 42.99 44.99 
42.57 48.5 52.93 54 52 
16 22.03 17 19 19.99 
19 15.18 17 17.31 24.9 
24.99 14.34 15 15.41 18 
19 20.76 16.8 18 19.99 
46.89 46.9 34 35 45.99 
34.44 9.99 34.44 19 9.9 
99.9 89 83.98 108 83.99 
39 31.7 26 29 25.22 
65 52.46 59.99 55.45 69.9 
18.45 18 17 10.58 10.39 
49 44.55 48 47.19 47.19 
34.99 29 29.99 30.69 29.9 
49.99 59.99 45.76 55.99 49.9 
24.75 46 41 35.32 42.93 
25 22 24.11 29.99 24.11 
34.99 34 29.99 30 29.99 
85 82.93 76 85 99.9 
17 19 79.99 29 47 
29.99 24.33 30 34.99 29.9 
11.54 18.45 20.52 11.69 15 
51 54 48.31 51 54 
19 17.9 3.9 11.69 18.45 
145.4 159.9 158.99 159 149 
29.99 33.9 34.99 29.99 26.73 
109 103 114 99.04 103 
30 19.9 9 149.99 17.9 18 14.97 30 15 19.99 15.99 13 30 21 13 19 13 13.9 22 18 20.99 13 15 14.97 25 30 13.9 19.99 9.99 29 19 29 30 29 30 17.9 35 20 15 22 24.9 20.99 14.97 19 19 19.99 18 17.9 24 14.97 20 13 22 24.9 9.95 9.95 149.99 21 17.9 25 20 22 15 19 21 29 30 35 17.9 19 19.9 30 30 25 19 25 19.99 149.99 20 15.99 19 19 24.9 15.99 15 20.99 20 20.99 19.99 14.97 17 15 20 30 15 19 24 18 18 9.95 9.99 25 20 19.9 24.9 9.95 15 19 25 15 29 22 20.99 19 20.99 13 20 35 13 21 19 17.9 22 19.99 30 24.9 13.9 19 20 29 25 19 13 26 30 13 9.95 24.9 13.9 21 13 19.9 12 14.97 17.9 19 22 19 21 13 9.95 14.97 24.9 9.99 15 21 21 30 17 13.9 30 13 19.99 13 20 29 24.9 15 24.9 18 29 19 35 19 30 15 21 30 24.9 19.9 30 26 24.9 24.9 21 30 18 19 21 19 25 17.9 20 17.9 22 19 17 149.99 9.99 19.9 9.95 20 25 21 24.9 30 19.9 14.97 19.9 30 35 19.99 13 25 14.97 19 15 29 24.9 20.99 14.97 13 21 19 19 22 14.97 21 25 13.9 19.99 9.99 24 9.99 15.99 17.9 22 24 14.97 21 
