5 240
90 94.5 69.9 105.37 94 
274.99 279 246.13 269.01 263.47 
34.99 32.99 32.5 9.99 34.99 
52 44 44.77 47 34.9 
27.99 14.89 15 44.28 16 
43 40.44 46.3 51 51 
44.12 53 47.52 54 47.12 
13.27 18.9 13 13.6 11.99 
101.5 99.99 101.97 59 119.99 
79 82 75.99 99.99 56.9 
15 13.74 11.69 10.39 19.9 
91 83 87 76.99 99.99 
29 46.3 49 46.3 46.3 
36.5 35.67 25 25 34 
87 83 99.99 108.5 76.99 
34.18 31 22 18 19 
43 47.5 51 55 59 
103 104.61 95.91 115 110 
58.84 39 55.99 79.99 67 
55.61 79.99 59 73 75.65 
20.47 37.61 41.18 21.93 12.08 
149.01 145.07 154 140 146.31 
73 89 74 72.42 72.52 
29.99 40 29 34 35.5 
50.06 54 49 45 52.93 
15 14.34 16.49 18 16.02 
39.99 75.99 55.44 54.44 59.9 
27.05 29.99 24.33 26 31.56 
29.9 29.9 29.99 25.74 24.93 
48 49 46 43 47.19 
13 17 12.15 16.74 18.9 
34 55.44 53.9 56.05 59.99 
52 42.99 49 43.79 49 
39 19.99 19.99 42 49 
35 39 39.17 44.28 31 
46.24 86 79.99 79.9 75 
18.45 22.25 16.9 18 19.99 
34.99 33.15 35.67 34 31.98 
49.47 44.99 51 40.83 19.9 
16 19.9 12.15 13.6 12.99 
52 49.47 56 48.47 48 
28.67 29.9 31 59.9 29.99 
99 98.9 119.99 84.79 129 
129.99 118.5 89 108 104.99 
61 64 64.54 39.99 60 
51 16 30.9 18.45 39 
34.18 39 18 29.58 20 
36.99 38 34 46 43 
39.69 47 44.65 44.77 44.99 
15 25 16.99 19.99 16.49 
20.66 18.45 10.39 22.25 15 
119.02 119.8 129 119 103.94 
10.39 11.69 20 14.39 18 
42.9 55 49 49.89 44.22 
82 74 65 70.36 89.99 
99 142 77 73.98 89 
19.9 15 19 17 13.55 
51 54 56.05 57 51.44 
66 25 43 19.99 19.99 
55.99 48.98 56 51 31 
103.98 129 103.99 94.46 119.99 
70.99 67.5 70 79 54.99 
19 32 11.03 16.91 73.5 
19.68 10.39 22.25 15 17.71 
20 17.9 36.5 28.51 34.18 
89.9 83.77 87.36 108 83.79 
34.9 29 42.9 44.99 51 
17 12.15 17.64 14.99 13.28 
19.99 18.89 15 18.45 14.34 
129 149.99 119 139.9 118.99 
84.99 55 69.99 45 49.99 
24.59 34 27.05 29.43 28 
29 26.06 34 25.76 28.22 
14.99 34.99 4.99 9.9 29.99 
39 58.95 65 67.31 49 
55 49 49 46.3 42.4 
31 35 26 34.99 25.22 
15 11.69 19.9 19 13.95 
124 118.99 124.67 124 126.96 
89.9 50 54.99 49.99 59.99 
39 35.67 18 17.98 29.9 
42.99 49 39.69 44.77 53 
14.1 19.9 15 19 19 
49.47 43 49.99 47.88 49 
10.39 20.76 15 15.41 17.9 
36.5 34.18 18 29.58 47.99 
17 13.28 12.15 16 18.9 
48.89 42.99 29 51 49.9 
14.34 18 15.41 19.99 20.76 
6.94 7.69 9.9 20 25 
32.9 28.71 89.99 56 94.32 
27 28.34 29 34.99 26.99 
59 65 99 84.99 79.99 
74 79 89 69.9 72.42 
34.18 26.05 37.9 34.18 28.71 
7.9 12.15 13.28 18 17 
13.28 18.9 13.6 13 24 
52.89 45.92 59.9 58.89 47 
24.11 26.99 26.5 24.11 29.99 
46.24 81 67.8 89.9 85 
9.9 9.9 34.44 9.9 32.37 
25.22 38 26 30 27.68 
114.99 99 99.9 103.32 99.9 
26.91 24.33 27.68 26 26.74 
10.39 17 19 18 18 
11.54 20.76 10.39 18.45 17 
102.66 109.99 110 69 119 
11.99 18.9 16 19.9 13.28 
31.99 79 43 59 67.9 
20.76 18 19.9 15 17 
11.99 16 16 13.6 13.27 
43.94 37.5 42 42.9 19.99 
31.6 33 27.84 27.76 33 
29 27.99 57.99 28 25.22 
175.89 97.14 109.99 109 109 
25.22 26 26 29 28.99 
65 99.9 69 72.5 41.72 
54 51 48.31 62 51.54 
49.08 51 57.84 53 57 
199.99 219 179 189.99 179 
49.99 49 45 48.5 121.45 
31 30 24.09 29.99 41.99 
47.01 56.99 59.9 59.99 58.89 
269.99 66.9 62.17 84.6 99.9 
43.84 54.5 78.72 34 42.42 
28.71 25.76 29 34 27 
24.79 24.59 26 26 31.56 
95.93 78.99 119 107 82 
27.05 29.43 29 28 24.79 
45 57 49 39.9 49.47 
17.64 13.6 12.15 18.9 17 
35.9 39 18 17 16.63 
39 18 15.49 49.9 69.99 
129 118.99 117.79 129 139.9 
34.99 28.49 29.99 24.69 28.58 
73 73.19 119.9 109.9 68.27 
39 53 52 59.99 59.99 
59 51 75.65 49.9 65 
55.45 60.32 89.9 89 49.99 
69.9 23.94 29 27 69.9 
24.11 26.5 20.67 29.99 29.99 
55 80.19 57.84 73.9 51 
109.99 111 99 230.01 125.24 
12.99 12 12.58 16 13.28 
109 103.98 99.04 104.99 108 
75.99 39.99 59.9 54.44 55.44 
59.99 47.01 49.74 49.99 56.99 
25.52 32.99 24.99 36.5 30.9 
99.99 79 95 80.81 59.9 
28.99 25.22 34 29 26.5 
29.9 20.48 25 21.93 41.18 
15 18 22.25 10.39 19 
27.05 26.29 26 29 31.56 
11.99 17.64 12.15 13 14.99 
53.8 34.9 47 45.04 49 
110.16 108 83.66 108 95 
17.64 13.28 24.9 12.15 18.9 
137.99 89 140.99 119.9 131 
17 9.99 17 9.99 19 
70.02 119 79 109.99 86 
52 49.99 45 49.89 46.11 
21.99 18 15.04 16 47 
16.9 29.99 32 59.99 19 
22.25 13.39 17 15 17.9 
19 14.99 13.28 16 18.9 
35.5 34 24.58 31.9 24.33 
17 17.32 14.7 19.99 17 
15 15.32 16.8 20 11.69 
59.99 58 55.99 52.49 57.03 
20.47 33.9 21.93 25 27.99 
49.07 59.9 49.9 44.98 49.9 
18 13.39 19.99 11.54 17 
109.9 99 98 99 99 
38.61 36.5 44.28 42 39.99 
58 77.95 53.15 59 64 
11.69 15 14.34 18.45 43 
109 89 111 114 109 
79 82.09 79.39 98 93 
70.9 61.96 85.96 64.28 64.27 
17.64 16 13 18.9 13.6 
28.71 26.05 34.18 34.18 31 
17.64 14.99 21 16 9 
35 41.99 29 46.89 46 
19.99 29.99 16.9 14.72 42 
100 103 94.44 103.98 109 
119.99 99.99 88.9 93 89.99 
15 11.69 18.45 11.54 18 
46 49 49 43 52 
73 119 119.9 73 74 
26 26 28 26.31 24.59 
51.38 51.6 55 66.99 55 
114.84 109.8 129.99 114.99 119.99 
24.69 25.22 26.74 29 29 
99.99 81.5 88.9 99 90.09 
10.39 14.34 13 19 19 
26.14 28.3 29.99 29.99 27.86 
26.31 31.56 28 24.59 27.05 
28.35 26.89 34.99 29.99 34 
15.32 31 25.99 16 19.99 
23.23 34.18 17.98 16.8 31 
29 25.99 13.11 16.9 34.18 
31 28.74 34 26 34.99 
26.73 21.93 29.9 34.99 20.47 
48.76 29.99 29.99 29.99 24.01 
17.64 16 13.6 18.95 18.9 
153 153 179 146 144.99 
59 77 52.64 69.99 57.27 
22.99 16.9 18.45 20.76 19.99 
63 51.36 65.82 72 84.68 
46 44.55 43 49 48 
50 26 36 34.99 25.74 
17 17 9.99 27.06 16.74 
99 112.99 109.99 109.99 119 
20.48 41.18 20.47 25 29.9 
44.99 40.99 46 52 53.8 
8.25 19 7.36 11 18.99 
17 14.34 9.99 18.45 16.02 
55 43.91 49 47.88 47 
51.44 56.05 54 51 53 
29.99 27.5 45.66 29.99 29.99 
25.9 11.7 27.05 79.99 29 
41 41 35.32 56.9 42.93 
53.8 48 46 40.92 46.89 
27.05 43 26 23.94 19.94 
26 24 34.99 26.99 32.9 
26 28 29 26.91 31.7 
10.58 17 13.54 15.03 18.45 
39.68 49.9 47 44.4 44.9 
31.07 39.49 35.51 27 35.67 
68.99 108.08 108 107.5 85 
81 79 80.9 89.9 82.32 
54.9 49 44.9 43 29.99 
57.26 60.28 94.96 60.28 98 
30 25.99 30 16 26.05 
25.46 44.55 34 45 24.09 
34.99 28 22.95 28.9 34.99 
17 19 18 14.39 20.76 
51 29.13 56.05 25.39 34.99 
69.9 64.99 51.54 79 52.49 
29.99 28.99 29.99 29.99 34.99 
19.99 19 19.9 21 22 22 21 17 14.97 17 25 21 30 24.9 18 17.9 19.9 30 19.9 19 30 20 17.9 19.9 13.9 15 13.9 25 9.99 17.9 13.9 14.97 19.9 15 35 18 25 15.99 17.9 14.97 25 19.9 9 21 20 29 12 21 19 35 24 11 17 17.9 26 20 15 18 19 19.9 17.9 25 24 30 17.9 29 17 15 15.99 19.9 22 17.9 17.9 13 24 9.95 21 17.9 20 19.99 15 149.99 19 9.95 13.9 21 35 22 30 30 29 20.99 17.9 30 21 17 15 21 9.95 22 30 17 25 17 25 17 30 17 21 13 15 29 30 20.99 13 17.9 35 18 30 19.9 15 13 21 13 30 19 19.9 25 19.9 22 19 20 20 24 20 17.9 19.9 29 15 13 17.9 19.99 21 17 21 13 13 13 21 9.95 15 24.9 18 19 17 25 15 19 35 9.99 19.9 22 21 21 15 21 30 15.99 19 13 21 15 25 13 15 25 19 21 18 19 13.9 17 13 19.9 30 21 24.9 22 19 15 17 9 13 9.95 24.9 19.99 17.9 14.97 35 19.9 14.97 25 25 14.97 30 13 19.9 21 18 18 13.9 25 19.9 22 15 14.97 15 19.9 17.9 22 29 30 17 21 30 22 21 29 15.99 20 29 13 30 15 29 14.97 15 13 21 25 
