5 240
56.05 54 51 48.31 38.61 
13.99 16 14.35 13 18.9 
155 99 79 159 150 
28 26 31 29 28.99 
79.99 79 55.61 48.31 129 
22 26.5 29.99 23.64 34 
54.99 44.64 45 48.67 43 
35.04 51.54 39.99 79 79.99 
25.22 30 26.74 31.7 38 
20 16.99 20.76 22.25 25 
47.01 45 49 55 42.9 
53.8 29 47.01 44.22 52 
99 87 79 52.96 86 
53 52.47 54 49.08 57 
12.15 17 17 16 18 
62.35 51.48 65.99 61 50.43 
51 52.47 51.44 51.54 56.05 
128.54 165.7 119 99 129 
58 51 34 54 49.08 
9.99 19.99 19.9 5.07 9.99 
109 50.29 51 49.47 44.99 
28 35 27.68 26.5 27 
36.5 33.45 29.99 32 30 
35.99 41 43.99 42.37 42.9 
17 20.76 18.45 17 18 
88.5 72.99 99.99 89.9 139 
122.5 103.94 113.52 119.02 119.8 
47 19.9 17 49.9 16.9 
35 35 35.67 42.99 39.9 
12.58 13.28 12 12.99 19.9 
69 64.47 67 68.9 69.99 
19 16.9 10.39 17 13.53 
33.9 36.65 33.61 33.61 34.99 
49.99 49.99 49.99 48 45.99 
16.99 14.99 16.02 18.45 16.9 
17 9.99 9.45 19 16.9 
17 17 20 18 14.74 
70.89 77.2 69.16 89 74.42 
85.9 79 109 107 119 
52.59 48.31 54 48.55 54 
80.77 116 90 135 76.79 
29.15 28.51 94.32 28.71 56 
13.99 12.99 18.05 11.6 12 
205.9 399 237 219 206.5 
20.79 30 19.79 34.99 49 
51.8 54 56.43 52.49 49.08 
28 25 43 64.9 129.9 
38.61 40.89 36.5 40.89 39 
18 19.99 14.08 18 16.9 
98.9 89.99 99 89 98.9 
72 72 79.99 75.64 80 
14.99 12.15 13.28 16 19.99 
53 52.49 69.99 51 55 
47.52 19.99 44.9 49.99 49.99 
44.99 47.01 49 52 49.89 
65.9 66.5 43 54.99 49.99 
59.99 55.35 76.48 63.36 53.15 
97 104.24 98.39 119.99 100 
49.08 51 34 47.93 61.9 
68 66.43 59.9 69 59.9 
129 120 172 184 119 
55.95 61 79.9 59.9 64.9 
19.94 69.99 23.94 23.94 69.9 
142 57.21 69 57 55 
37 15.67 19 35.9 18 
87 87 99.99 89.99 88.9 
45.82 59.99 69.99 76.4 70 
98 165.7 99 126 129.99 
34.99 59.99 56 52.9 59 
54 54.99 51 48.31 51.54 
19.99 20.76 14.49 18.45 10.39 
49.99 53.8 49 49.2 59.99 
49.99 29.99 38.99 40 34.76 
123.99 99 94 99 99 
14.59 17 9.99 17.64 17 
11 10.7 8.25 19 11.46 
25.22 24.69 26.5 29.99 31 
43.45 48 44.22 50.29 32.9 
64.93 79.99 62.99 69.99 63 
28.99 27.68 34.99 26 26.5 
44.22 29 51 47 55 
13.6 16 13.78 17.64 18.9 
119.99 124 78 43 55.9 
20.76 22.25 18 19.9 18 
53 48.5 47.01 42.79 49.47 
15.41 17.9 19 13.99 13.54 
65 73.9 63.59 75.5 79.9 
26 29 26 59.99 24.21 
54 51 51 59 69.9 
38 36.78 24.75 22.15 56.9 
52 49 27.5 56 44.22 
39.63 47 40.89 49 40.89 
49 49 45.85 43.37 47 
119.99 99.95 94.46 99 100 
20 15.67 17 18 24 
45.04 49.89 49 45.85 49 
46.14 53 50.11 77 47.52 
46.3 47 46.3 43 49 
123 124 129.9 118.99 114.02 
69.9 34 56.05 52.49 54 
59 59 51.54 55.61 51 
44.99 49.99 47.5 43 49.99 
31 35.67 18 36.5 19 
50 59.9 49 55.45 60 
31 29.99 34.99 34.99 24.67 
17 18 22.25 19.99 18 
49.99 45 53 42.99 49.47 
17 19 13.88 24.9 18.99 
76 84.99 85 84 73.35 
41.89 44 44.9 49.99 39.99 
49.99 58.18 58.18 43 37 
69.99 58 49.08 69.99 51 
48.47 46.9 54.89 47.01 46 
39.9 52 46.77 55.99 39 
44.65 34.9 47 42.19 46 
56.05 51 54 49.08 53 
22.03 19 17 17 16.75 
80.05 64.27 85.96 61.96 64.28 
79 62 65 79.9 65.08 
73.9 60.35 64.46 69 65 
26.74 39 26 34.99 31 
21 18 7.9 17 18.9 
49.99 73 19 76.05 49.99 
99.99 92.29 99.99 91 99 
69.99 56 51.99 34 54 
24.21 69.9 29.9 34.99 24.75 
35 25.8 29.99 35 32.9 
49.99 48.5 54.9 49 43 
77.69 43 55 48.31 54 
10.39 20 15 29 18.09 
36.51 34.18 35 28.71 29.99 
29.99 34 30 29 30 
69.9 59 77 60 54.5 
39 19.99 15.67 16.63 18 
59 49 119.99 51.54 54 
55.99 49.9 54.9 46.99 53.61 
127.27 125 129.8 139 74 
20.48 20.47 25 33.9 24.8 
29.99 28.99 31 35.99 33 
17.9 16 19.9 14.11 13.14 
44.12 53 56.99 77 47.52 
14.18 39 9.99 9.99 10.49 
12.15 14.99 18.9 13.6 14.99 
19 33.9 26.9 19.99 14.99 
62.37 63.48 79.99 57 79.9 
52.47 51.54 57 55.61 59 
51 49.08 48.31 52.49 59.99 
19 22.25 13.29 15 19 
17.64 18.9 16 13 16 
32.9 29.99 26 34.18 39.99 
19 14.34 9.99 15 18 
119 119 118.36 123 119 
59.99 45 39.9 53.61 50.76 
29.99 26.74 26 30 28 
44.99 45.82 70 69.99 56 
53 52.77 49 47.01 51 
34 48 40.92 49 45.57 
29.99 25.8 24.33 32.5 30 
29 43 32.41 25.39 27 
74 79 74 78.99 68.78 
46.75 53.8 48.5 52 51 
108 114.99 109 112 104 
46.16 59.99 54 49.9 55 
55.99 79 59 51 129 
39 122 149 34 119.62 
57.81 64 69 62.71 64 
11.46 9.99 19.9 11 9.99 
105.91 104.99 109 103.98 99.04 
19 17 16.77 15.67 26 
75.99 118.5 39 49.99 59.9 
29.99 28 31 34.99 29 
7.9 12.15 13.6 21 17 
27.7 44.99 43.49 49 56 
30.51 32 29 33 29.99 
119 73 119 70.73 74 
47.01 46.99 49.31 46.12 59.99 
19 13.53 13.54 10.39 10.63 
34.44 9.9 35 9.9 28.78 
46.99 52 54 44.22 50.06 
125.28 128 123 129 119.99 
14.74 33.99 15.67 20 19.99 
39.99 34.99 34 29.99 29 
14.7 18.09 20 19.99 17 
49.99 42.9 42.99 44.99 47 
27 30 30 29 28.71 
46 30.63 40 36.78 35.67 
40.89 26.05 39 42 35 
16.63 39 19.99 20 15.67 
55 59 47.89 39 51.6 
43 54 39.99 49.08 39.99 
22 16.8 17 26.05 23.23 
59.99 49 39 48.5 55 
59 84.99 54.33 67 58 
43.91 47.5 47.88 47.88 44.87 
25.8 31 28.71 26 35 
29 30 34.99 43 31 
35.67 32.9 16.53 18 22 
41.31 40 37 79 44.9 
69.9 90 93.44 95.24 77.95 
51.54 39.6 39 52.32 51 
15.03 18 10.39 10.63 18.45 
25.39 39.99 9.99 29.13 7 
113.78 116.77 122.81 107.37 116.77 
28.58 28.49 29.99 30 29 
58.06 67 65.22 62.85 78.74 
17 13 16 14.99 12.15 
97.14 102.66 119 106.91 101.99 
28 27.05 29.99 25.9 21 
120.86 69 98.72 59.99 49.99 
40.99 49 49 56 54.89 
92.53 85 99.9 104.55 99 
49.89 46.9 48 47.01 50 
17 21 14.99 17 17.64 
26.91 28 26 31.7 39.99 
101.5 59 119.99 119.99 119 
49 51 49 52 44.99 
39.9 49 49 50 59.99 
69.99 45.69 69.99 49.48 108 
39 39 129.99 67.31 49.99 
49.99 40.17 49.99 46.18 43.98 
99 83.43 99.99 43 93 
38.99 34.99 43.99 35.79 34 
15 16 14.11 15.04 20.52 
82.34 129.99 103.15 79 55 
54.9 108 54.91 69 43.56 
18.45 22.25 19.99 16.99 16.02 
81 79.9 89.9 79.9 46.24 
16.75 17 19 19 18 
26 28 26 31 31.7 
54 53 56.05 51 54 
9.99 14.93 17.9 9.99 9.45 
23.63 65 26.9 59 26.19 
20.83 28.71 31 19 29.99 
49.99 49.99 43.01 44 43 
44.9 39 43.5 44.08 42.9 
119 129 125.42 123 125.42 
19 20 15 10.39 18 
13 13.6 16 13.28 17 
25.22 29.99 31.7 29.99 26 
20 22.03 24 16.63 15.67 
18 19 30 22 19.99 17.9 29 19.99 14.97 15 21 13 24.9 19.99 19 24.9 30 26 25 14.97 25 35 29 21 20.99 14.97 20.99 29 19.9 21 17.9 29 15 19.99 21 19.9 21 30 19 15 19.99 9.99 30 14.97 19 19.9 15 15.99 17 25 15 20.99 9.95 19 35 9.99 15 19 17.9 17.9 30 35 21 21 30 15 22 15 30 20 13 9.99 19.99 19.99 30 14.97 14.97 30 22 19.9 13 21 19.99 25 25 30 19.9 21 30 30 29 19.9 17 9.99 30 15 19.99 20 19 17.9 18 25 19.9 25 15 12 9.99 20.99 17.9 29 20.99 20 25 19.99 17.9 19 17.9 26 9.99 29 18 19 14.97 30 18 17.9 35 19 17.9 24.9 30 19.99 18 30 35 9.95 29 15 9.99 20 13 19.9 15 20.99 30 14.97 18 30 15 15 15.99 21 25 19 9.95 29 21 22 9.95 30 22 12 19 19.99 13 20 30 19.9 17.9 13 13 14.97 30 19.99 19 13.9 21 30 22 18 30 14.97 14.97 17 19 20 35 30 20 13 21 25 22 9.95 15 30 17.9 23 14.97 29 20.99 17.9 17.9 21 17.9 19 13 19 30 18 9.95 30 14.97 25 14.97 26 29 21 9.95 13.9 20.99 25 30 12 19 17 149.99 149.99 17.9 18 20.99 19.99 29 9.99 14.97 15 21 17 21 18 
