5 240
38 41 36.78 35.32 24.75 
53 56.05 61.9 60 49.08 
43.49 43.41 47 41.12 40.92 
56.23 34.99 56.43 59 26 
34.8 47.99 39 39.9 18 
45 43.67 39.69 45.04 47 
103 129.99 103.98 89 98.39 
39 14.74 18.49 34.5 16.77 
49 49.97 50.43 55.35 59 
34 31.98 36.5 39.9 32.55 
179.99 149 149 149 149 
31 30.67 28.67 34.99 29.99 
5.07 11.38 13.86 9.99 9.99 
49 52 49 34.9 45.46 
65 69.9 79 60.3 58 
20.76 17 18.09 14.3 22.25 
79.46 80.9 82.32 78 89.9 
27.5 24.01 45.66 36.9 55.99 
89 76.99 86 91 93.99 
149 147 150 179.99 149 
139.99 116 124.99 139.99 115 
42.37 34 38 29.99 34.99 
15.99 15 17.9 15 18 
39.99 61.54 61 60 64.54 
121.77 124.99 139.99 116 110.7 
39 34 44.22 43.45 32.5 
24.75 69.9 26 34.99 28 
15.67 19 19.99 20 24 
279 285 274.99 289.99 344 
9.99 26.91 29.99 35.5 34 
12.58 15 13.28 16.84 18.05 
24.59 29.99 31 29.99 26 
15.67 14.74 18.49 34.5 20 
24.99 25 25 20 24.99 
53.8 29 42.99 19.9 47.01 
44.12 48 54 47.12 46.14 
43.94 36.9 39.99 43 34.99 
16 11.6 16.84 18.05 12.88 
15.64 19.9 9.99 9.99 15.65 
45 29 49 45 43.71 
11.69 18.45 14.49 19.9 73 
10.63 15.01 70.11 34 10.58 
69.99 79.9 63.48 69.99 57 
14.99 13.28 17.64 18.9 12.15 
79 81 92.56 79 89 
102.09 102.66 79.99 119 104.89 
91 99.99 39 99.99 83.43 
18.99 15 18 13.29 11.69 
49.47 47.01 52 39.99 46 
19.99 9.99 34.99 19 11.54 
18.9 13.6 14.99 13.28 12.15 
319 279 276.17 344 279 
111.15 79.99 109 117.77 119 
30.9 36.5 26.4 24.99 27 
20.52 47 17.9 18.45 17.9 
31 29 26 25.22 26.97 
49 47.5 55 54.9 45.77 
61.01 71.7 59 69.8 32 
29.99 30 30.51 28.91 43 
29.99 31.56 25.11 29 26.29 
57.03 54.99 59 49 59.99 
64.9 43 55.9 69.9 124 
38 38 22.15 42 46 
54.9 43.56 64.18 55.61 69 
46.89 46.9 34 52 53.8 
59.99 49.99 44.9 52 44.7 
30 31 39 31.7 28.99 
54.5 289 69.9 62.9 60.07 
89 94.9 89.99 93 99.99 
48 53.8 54.99 49.9 55 
57 54.99 57.45 52.79 54.99 
99.9 65 62.17 62.37 93.69 
26.89 29.99 27 31 34 
26.19 29.9 30.71 34.99 26.9 
15.75 38.82 9.99 16 9.99 
27 35.67 24.99 25.52 28.71 
26 26 29 26.74 30 
69.99 69.98 55.97 54.33 54.49 
30 24.33 39 26 31.56 
99 128.54 129.99 129 98 
29.9 25 29.99 28.99 23.94 
172 129.9 123.39 124 117.99 
39.63 49.9 40.89 19.99 49 
43 44.11 47.19 48 46 
12.58 13.28 11.99 14.99 14.99 
139.99 149 122.99 139.9 119.31 
30 49 19.99 19.79 25.22 
18.45 14.34 14.49 73 19.9 
23.39 19 23.94 27 29.13 
24.33 26 32.9 31 25.22 
16.53 19 34.18 18 44.28 
103 129.99 89.37 104.24 103 
24.99 24.79 36.5 34 24.99 
49 84.99 88.5 99.9 72.01 
65 75.9 49.9 89.99 55.61 
44.22 59.99 79 50.76 46.99 
48 44.99 52 49 52 
27.05 26 29.99 39 31 
74 108 123.51 129.8 44.99 
26 42.63 34.99 28 34.99 
24 24 30 29 29 
116 119.02 112 119.9 103.94 
28.71 29 69.99 27 25.68 
44.99 47.01 53.8 51 52 
69.99 34 59.99 49.08 52.32 
15.01 10.63 10.58 70.11 19 
44.99 49.99 69 61.01 47 
114.91 108 109.99 109 89 
19 17 10.39 18.45 22.25 
97 78.99 94.9 93.13 90.09 
52 52 52 46.89 55 
45 31 40.59 37.63 34.18 
62 99.99 82 82 87.36 
10.39 18 13 18.91 19.99 
91 83 108.5 73.7 82 
106.95 111 95 89 83.66 
108.22 108 85 83.66 107 
110 110 129 108 115 
257.44 276.17 269 279 279 
48.94 56 51 43.74 54 
69 56.43 49.08 49.08 51.8 
29.9 34.18 39.99 39 32.9 
58 62.9 59 55.97 62.52 
26.9 27 34.99 31 30 
61.5 86 58 55.35 58 
65.9 48.67 49.99 44.16 42.89 
59.9 66.43 119 68 84.9 
119 110 109 119.99 109.99 
114.84 129.99 108.86 118 112 
55 55 49.99 114 59 
29 28.71 25.39 27 29.99 
59 69.8 67.47 32 66 
57 24.99 39 52.47 54 
149 139 125.28 139.99 119.99 
17 15 18 18 19 
34.99 26.97 31.7 31 30 
17 20 19.99 17.32 19.99 
34 24.69 29.99 30 29.99 
59.99 61.9 55.9 52.49 52.32 
41.34 49.99 49.2 46.03 43.05 
29 29.68 33 27.76 27.76 
64 48.31 53 51.54 38.61 
99.9 73.35 85 70.87 84.99 
18.45 16.02 55 16.9 22.7 
15 14.11 21.99 14.12 17.9 
19 10.39 22.25 18.45 18.99 
63 69.99 69.9 69.9 58 
24.21 26 26.94 24.75 24.75 
27.06 60 49.9 63.5 30 
23.94 28.99 19 19.94 53 
39 42.9 69 43.67 46 
119.9 109.8 108.86 110 108.92 
80.71 81 89.99 83.79 99.99 
20.52 14.26 47 14.1 18 
15.41 18 13.54 10.39 11.69 
19 24 22.03 39 19 
19.99 61.5 39.63 39 49 
53 56.05 55 52.49 49.08 
78.35 81 83.79 73.7 69 
27.72 29.99 25.22 34.99 25.01 
18.9 14.99 19.9 13.6 17.64 
44.99 34.9 44 47.01 49 
28.98 39.9 39.24 36.78 32 
52 48.89 39.9 49 55.99 
22.25 18 18.45 15 9.99 
159 99 98.01 93.6 79 
31 24.69 26.5 26 29.99 
63 63 57.9 69.99 79.99 
34.18 18.45 30 30 18.5 
19 22.25 15 18 19 
18.49 33.9 19.99 16.63 15.67 
17 19 17 18.11 20 
59 49.08 52.47 57 49.08 
51 44.99 52 29 49 
30.27 33.45 30.75 30 36.5 
103.98 95 129 104.24 102 
99.99 119.99 93.5 79 87 
23.76 19.99 26.7 9.9 26.9 
43 48.31 57.84 59 55.99 
77.09 73 79 79.99 87.33 
56.05 54 53 51.44 52.47 
31 59.9 33.49 9.7 34.99 
64.99 55.95 75.99 69.9 64.9 
15 13.47 14.34 22.25 19 
114 129 113.16 121.77 106.3 
56.99 47.52 77 50.11 53 
25.22 34.99 42.63 34.99 27.99 
27.9 49 56 49 49.99 
19 19.99 11.54 34.99 19.99 
114 109.98 107 109 83.66 
55 34 44.99 48.5 49 
89 79 95.99 75.71 89.9 
86 70.02 119 115 66.55 
50 50.43 61.49 62.35 50 
47.01 51 29 44.22 49.99 
70.36 74 89.99 54.9 70.36 
44.65 44.77 49 42.99 53 
70.89 82 77 74.42 78.65 
16 17 14.12 11.54 11.69 
55 49 46.99 44.22 49.89 
24 32.5 39.99 24.33 30 
11.69 16 14.12 20.52 15 
40.59 42 46 36.99 38 
19.9 51 39 24.99 14.06 
46.3 49 46.3 34.9 42.9 
76.3 86 75.7 79 89.9 
59.99 54 56.05 109 52.49 
54.5 34 42.42 49 43.84 
117.77 108 115 117.77 111.15 
12 19.9 16 11.6 16 
127 114 194 89 98.9 
64.99 63 59 63.52 119 
79 19 51 54 49.08 
29.99 44.9 54.9 43 49.99 
15.75 16 10.49 38.82 38 
46 48.67 43 44.16 49.99 
17.9 35 29.58 39 34.8 
23.94 29 29.13 23.39 31.9 
29 26.91 31.7 28 27.8 
49 43.32 52 44 44 
70 75.65 73.06 55.61 51 
20 19 34.06 34.06 14.74 
13 13.28 16 13.6 12.15 
49.99 86 44.7 19.99 44.9 
43 35 30.63 34.99 35.67 
18 17.99 20.52 15 44.9 
69.99 50 48 46.03 44.77 
69 49 39 49.99 54.99 
30 25.22 29.99 26 24.69 
89 79.9 103.15 119 118.5 
53.37 51 49.08 51 59.99 
28 31 34.99 22.95 29.99 
23.76 26.01 29.03 25.24 29 
29.99 28.49 29 28.58 28.58 
15.67 36 19.99 15.67 26 
16.8 16.53 17 26.05 18 
17 21.98 15 18.45 19.99 
56.46 61.54 69.99 61 64 
11.54 11.69 19 19.99 9.99 
52.93 55 45 52.93 52 
17.9 19.99 30 13 15.99 30 18 25 29 19.9 20.99 24.9 30 15 19.99 30 30 19.9 19 20.99 13 13.9 29 17 30 20 17.9 13 35 21 17 14.97 17 21 25 13 30 30 30 30 13 30 13 21 25 12 13 15 14.97 19.99 15 20.99 20.99 21 24.9 21 24.9 19 30 17 24.9 19.99 13 9.99 29 19.99 19.9 30 19.99 30 24.9 30 19.9 9.99 30 21 20.99 30 20 15 12 17.9 15 20 15 19 29 17 19 13 17.9 11 30 17 9.99 13 15 20.99 30 20.99 17.9 17.9 14.97 22 25 15.99 19 29 19.9 25 17.9 15 25 21 35 23 30 30 29 15 17.9 13 17.9 17.9 18 9.95 17.9 14.97 9.99 24.9 29 30 29 18 13 17.9 30 17.9 19 13 30 25 18 15 29 35 9.95 9.95 13 30 20 9 26 13 30 30 15 9.99 19 9.95 15 15 13 17 21 9.95 21 14.97 17.9 21 17.9 13 17.9 25 15 15 19.9 20.99 19.9 29 17.9 19.9 13 29 30 25 17.9 21 14.97 18 24 35 26 15 18 30 17.9 14.97 19.9 30 13 30 20 30 15 30 19 29 17.9 17 18 25 14.97 14.97 13 15 15 25 17 12 26 30 15 14.97 20 17 15 22 14.97 13 17 29 15 14.97 149.99 17.9 17 17.9 19.99 30