5 240
29.99 29 29.99 31.63 33.95 
5.07 13.86 5.62 11.38 9.99 
142 59 55 69 55.99 
39.9 52.93 44.22 55 39.99 
117.54 114.99 119.99 119 122.07 
146 149 148.9 147 154.99 
103 105 99 103 104.61 
28.51 34.18 31 18 29 
82 99 79 77 74.42 
16 13.6 13 17.64 11.99 
59.99 62 69 45.82 39.87 
18 15.19 19 18.1 18 
54.9 90 49 39.9 59.99 
27.99 20.47 20.48 21.93 25 
45.9 47.88 49.99 47.88 55 
31.7 113.75 25 26.99 26 
28 26 31 26.5 34.99 
15 19 19.68 17 22.25 
26 28 31.56 5.94 28 
42.19 47 42.19 52 44 
63 57 59 59 61 
39.9 33 26.05 31 42.99 
38.5 39 34 49.99 79 
79.99 62.37 63.48 62.37 69 
25.85 35 23.23 42.99 16.8 
29.99 116.35 37 58.18 119 
34 43.79 44.9 49.89 49 
51 45 59.99 53 52.47 
79.99 84.99 79.99 79.99 57.75 
62.9 62.52 59 69.9 58 
45.69 69.99 84.87 69.99 84.87 
49.47 55 44.22 47.01 53 
159 87.33 72 74 79 
45.85 44 41.99 29 49.99 
44 43.32 41.99 59 43.67 
39 23.23 17.9 26.05 28.51 
47 39.63 40.89 61.5 19.99 
55 54.99 59.99 59.99 55.99 
26 26 29 26.29 26.9 
30 29 39.99 34 28.91 
34.9 45.98 46.3 52 49.99 
47 43.79 35 47.01 52 
121.07 123 125.42 118.99 115 
11.29 37.63 31 45 39 
58 58 58.99 60.07 60 
34 30 26.99 113.75 29 
95 79.9 81 75 76.99 
56.99 53 77 44.12 54 
31 39 25.11 24.33 26.29 
46.89 34 46 49.89 46.9 
144 135 146.31 139.35 145 
149 129 146.31 153 86 
59.9 55.44 39 75.99 118.5 
122 119.99 132.38 119 138 
51 54 51 51.54 53 
16.74 9.99 14.59 18 17 
18.9 12.15 15 14.99 17.64 
39.49 35.5 35.51 27 31.07 
99.99 81 76 72.01 85 
129 119 129 129.9 129 
40 42.9 43.99 34.76 35.99 
29.9 34.99 24.33 29.99 26.99 
34.99 25.88 29 109 30 
49.07 47.01 59 41.98 47 
44.22 49.47 48.5 55.99 55 
33.3 38 39.9 46 32 
25 11.4 20.47 24.8 20.48 
25.9 79.99 28 11.7 26 
36.9 18.99 32.5 19 32.99 
15.19 18.1 17 19 18.1 
34 27 30 30 34 
59.99 48.31 51.9 52.47 56.05 
40.18 51 49.08 59.99 34.97 
18 17 17.31 19 18 
58.84 59 57.75 79.99 59 
43.91 44.22 47 44.87 49.99 
71.51 69 62.85 66.43 119 
26 26 29 28 24.75 
33 26.05 30 35 35.67 
28 29 26 29.99 31.7 
53.06 50.7 49 54.9 54 
73.7 76.99 108.5 82 87 
133.04 119.99 149 123 139.9 
117.79 129.9 119 118.99 149.99 
22.25 21.99 15 26 14.52 
140 154.31 153 179 149.01 
26 24.33 28 30 115 
44.77 54 45 49.99 45 
39 19.99 33.99 16.77 15.73 
63.5 44.9 32 33.81 30 
35 31 26.05 35 34.18 
24.99 20.67 24 29.99 29.99 
19.99 17 22.25 16.02 14.34 
18 16 18.9 9 13 
47 16 17 18.45 14.26 
285 289 289.99 282 276.17 
109.99 109.99 109.8 106.22 65 
48 42.99 49.47 32.7 49.2 
18 16.02 18 19.99 14.34 
99 122.39 89 99 98.9 
39 59.99 59.99 59.99 54.99 
15 14.1 19 18 20.76 
51 56 55.61 52.47 51 
48.5 54.9 29.99 49.99 49 
15.6 17.9 16.9 14.93 17 
79.9 57 69.99 69 63.48 
43 119.99 109 99.9 110.84 
49 48.47 42.33 29 53.8 
10.39 19 19 18 17 
42.9 70.73 78 73 78.07 
10.39 19.99 73 20.76 22.25 
99.9 93.69 62.37 65 99.9 
92.9 106 83.98 89 83.99 
15 10.58 15.01 19 22.25 
122.81 119.02 115 149 107.37 
43 48 40.16 44.55 46 
79.9 80.71 80.71 81 77 
69 80.19 69.99 89 66.99 
18 19 10.39 15 18 
19.99 66 19.99 39.99 25 
16.9 10.39 22.25 15.84 18 
119.9 129 118.99 129.99 124.67 
18 18 19 15.59 17 
27.5 49.89 55 42.99 52 
44.5 38 22.15 49.99 24.75 
99.5 79 52.96 79 87 
16 15.75 9.99 10.49 38.82 
75.65 85 99.9 108 73.35 
98 57.26 109 59.19 98 
28.91 32.99 34 43 39.99 
69 70 67.35 69 74.32 
26.89 29.99 31 24.67 34.99 
11.69 19 9.99 10.39 20 
54.99 45 49.47 59.99 50 
15 18.45 19.99 18 19.99 
49.9 45 44.4 39.68 47 
44.99 51 49.47 49 53.8 
34.99 26.99 34.99 29.9 26.5 
25.74 29 56 27 35 
9.9 32.37 36.5 19 9.9 
27.84 31 32.9 31.6 33 
22 34 39.99 19.99 9.99 
179.9 145 149 149 159.9 
34.99 29 27.99 34 24.67 
44.9 18.99 18 19 22.25 
29 29 24.33 25.22 26 
12.99 16.84 16 19.9 18.05 
43 51 39.99 49.08 79 
33.3 39.99 35 43 35.67 
115 104.61 99 110 103 
55 44.99 57.27 55 77 
29.7 29.7 31 34.99 34.99 
28.98 42 47.99 32 33.3 
43.79 55 49 29 53.8 
14.11 18 18 15.04 44.9 
25.39 34 34.99 29.13 51 
119.98 84 83.69 119 76.79 
31.7 26.74 26 33 29 
45 24.09 26 34 34.99 
45 39.54 39 34.18 31 
99.04 114 108 104.99 109.38 
28 25.22 26 26.97 24.69 
55 49.08 49.08 61.9 34 
110.28 97.14 109 175.89 109 
49 47.88 44.22 43.91 49.99 
59.9 65.22 71 84.9 66.33 
48.92 44.99 51 49 39.69 
45 43 54.99 65.9 44.58 
52.49 48.99 45 55 59.99 
89.99 28.71 94.32 28.51 29.63 
42.99 43.41 53.8 39.99 55 
93.13 99.99 87 99.9 78.99 
35.67 19 15 19.99 16.9 
29 26 26 27.05 11.7 
110.16 95 85 99.9 106.95 
29.9 19.99 26 49 34.99 
46.9 52 43.41 42.99 49.47 
104.89 116 129 109.99 119 
27.68 41.55 41.99 29.99 30 
64.9 19.94 43 56.18 23.94 
24.33 30 26.99 29.9 34.99 
47.01 59.99 55.99 50.06 49 
39.99 28.71 89.99 94.32 29.15 
22.25 19.68 15.84 20 15 
79.9 69 62.37 86 69.99 
41.59 46.9 42 42 42.96 
26 29 29 25.22 30 
39.68 45.4 49 44 44.9 
13.55 19.99 19.68 15.41 22.25 
80 78.98 129 79 78.97 
59 69 64.08 61.38 64.08 
79 79.99 72 87.33 65.99 
36.99 37.5 18.49 42.93 42 
25 23.64 24 22 24.99 
10.7 19.9 7.36 9.99 8.25 
39 49.99 44.9 39.99 39.99 
44 42 50.99 39.24 43.4 
89 99.99 84.99 80.71 80.71 
19.99 16.9 18.99 18.45 17 
61.52 79 61 65.58 55.61 
38.9 34.99 29.7 34.99 31 
53 50.76 54 46.77 46.99 
47 52 53.8 51 49 
46.6 49.9 44.99 53 50.29 
52.93 54.99 49.89 53 49 
33.9 18 19.99 17 14.74 
18 16.02 20 15 14.34 
9.99 8.25 19.9 18.99 7.36 
19 23 19.99 15.41 22.25 
16 13 17.64 18 13.28 
28 27 29 25.57 24.67 
77.09 86 80 87.33 74 
18.49 19.99 16.63 16.77 18 
46.3 46.3 49 46.3 49.99 
48 53.8 46.9 49 42.98 
56.05 48.31 51 57 124 
43 49 59 44.99 53.8 
28 25.8 24 32.5 39.99 
99 89 100 98.43 99 
84.68 63 63 51.36 65 
9.13 37.99 69.9 43.9 36.63 
14.39 20.76 18 10.39 18.45 
36.51 59.9 55.02 55 55 
59 54.9 78 79.99 75.9 
59 57.99 52.56 55 59 
29 31 34.99 31.7 26 
89 74 72.42 89 69.9 
65 49.9 49.99 49 77 
57 51.44 51 56.05 69.9 
55 57 55 57.9 52.64 
25.9 21.99 16.02 17.82 19.99 
48 43.99 49.2 59.99 86 
43.49 49.99 44.99 27.7 109 
30.71 26.9 27 26 23.63 
84.68 52.47 51.36 63 72 
55 49.47 44.22 47.01 47.01 
52 45 52.93 50 59.9 
13.99 13 17 17.64 13.6 
59.99 54.08 49.31 46.99 59.9 
25.22 28 26 24.33 38 
20.99 19.9 30 25 19 9.95 30 13.9 17.9 21 26 21 30 9.95 17.9 17.9 21 13 13 21 15 20.99 25 13 17.9 25 15 20 19.99 13 30 35 30 17 22 29 19.9 25 17.9 17.9 12 19 19 25 25 20.99 19 25 18 9.99 30 18 14.97 19 19 15 20.99 13.9 29 24 19.9 19 30 29 15 35 24.9 25 21 15 19 22 17.9 35 12 20.99 20 20 30 24.9 149.99 9.95 13 11 15 20 17.9 25 14.97 15 29 30 15.99 15 19 19 19.99 17.9 21 19 149.99 13.9 21 14.97 35 19.99 29 17.9 19.9 16 19.99 30 19.9 21 22 17.9 17.9 20 25 30 19.9 13 18 17.9 30 30 13.9 24.9 30 14.97 13 35 20.99 25 15.99 30 19 17.9 17.9 20.99 17.9 15 9.95 13.9 30 17.9 35 17.9 13 22 9 24.9 30 22 15 17.9 26 13 19 19.9 17.9 13 17.9 21 9.95 14.97 22 29 24 15 19 22 24 30 19 13 26 12 19.99 17.9 30 19.9 13 17 9.99 17.9 20 20.99 12 30 19.99 20 17.9 21 14.97 29 30 21 13 30 9.95 19 17 15 15 20 21 15 25 17 20.99 15 13 17 30 22 30 17.9 17.9 20 30 25 15 21 13 17 15 21 30 9.95 35 20 30 19 13 19 22 17 19.9 30 
