5 240
13 12.15 14.99 17.64 13.28 
31.01 54 41.86 49.08 51.06 
43 15 13.5 11.69 18.99 
39.17 36.5 31 44.28 34.18 
40.83 49.89 52 47.01 42.99 
62 51 54 51 51 
22.03 20 17 26 19.99 
45.13 44.65 44.77 44.99 51 
32 29.13 79.99 27 59 
81 56.9 83.58 93.99 69 
25.9 24.79 26 5.94 27.05 
19 18 31 39.99 34.18 
16.8 16.8 20 18 22.57 
16 18.9 17.64 13 13.78 
49.08 54 51 51 59.99 
89.9 69 87.48 129 78.97 
7.9 13.28 13 18 16 
18.48 9.78 69.9 43.9 25 
74 79 75.47 76.3 88.5 
18 66 89 89.99 59.9 
18 22 26.05 22.57 18 
39 34.9 29.99 30 31 
184 118 129 119 111.69 
69.9 9.78 43.9 36.63 8.25 
39.54 35 35.67 45 33.98 
17 19 29 16.63 17 
18 38 17.99 16 15 
80.81 89 87.36 72.19 99.9 
89.99 98.9 119.99 127 114 
15 18.99 13 24.9 17 
18.45 14.99 14.89 19.9 17 
58 54.99 55 49.9 46.99 
79.99 79.9 104.99 118.5 79 
142 99.99 76.88 82 99 
32.5 31 30 25.8 29.99 
49.47 49.89 47.5 46 44.99 
99.9 81.5 100 78.99 89 
95.93 129.99 109 89 82 
77 85 73.35 76 70.87 
76.79 89 119.9 83.69 135 
56.05 51 54 49.08 48.31 
119 63 59 58.35 63.52 
24.33 31.7 26.91 26 29 
49 49.89 50 52 49.47 
31 39 18.81 38.99 26 
79 72 73.42 72 90 
33.49 29.99 16.9 24.99 34.99 
14.06 13.66 17 51 15 
67 84.9 66.33 78.74 59.9 
25 29.99 20.67 26.5 22 
79.9 95.99 88.5 89.9 68.84 
28.71 29 27.99 26.06 30 
41.31 49.9 40 49.9 37 
31.7 24.33 26.91 29.99 29.9 
129.99 119.9 119 119 118.5 
89 59.9 18 89.99 55.42 
118 119 114.84 119 153 
91 9.9 26.4 80.99 29.99 
39 86 29.99 25.52 29 
46 49 48.92 49.89 45 
69.99 44.99 77 52.64 114 
52 49.99 49.2 49 42.99 
43.84 49 47.9 44.5 54.5 
67 73.9 59.99 63 69.99 
27.86 29.99 28.5 26.14 29.99 
57.16 99.99 79 85.19 69 
16.8 16.8 17.98 38.99 39 
27.9 52 56 44.99 39.9 
129.99 44.99 129.8 129 123.51 
92.9 83.98 108 92.9 97 
32.99 9.99 18.99 9.57 19.99 
179 149 148.99 145 159.9 
99 99 98 98.43 99 
30.9 24.99 32.99 27 28.71 
29.99 34 26 25.01 29.99 
28 29.9 27.05 24.79 25.9 
16.74 13 9.99 10.39 17 
57.9 44.99 55 57 49.99 
69 89.99 89.9 78.97 87.48 
279 279 263.47 285 279 
34.18 29.9 32.9 19 16.8 
34 42.19 53 46 44.99 
49 29 52 45.77 52 
26.14 27.86 34.99 35 77 
55.99 48.31 57.84 61.29 56 
46 45.85 45 44 49.99 
52.99 65 69.99 69.99 69.99 
17 22.57 32.9 16.8 44.28 
45.57 47 49.47 29 49.89 
81 99.99 76.99 80.81 108.5 
48 42.99 49.47 52 49 
31 34.99 34.99 34.99 26.89 
48.5 47.01 42.79 49.31 44.22 
35.9 39 22.03 34.06 16.75 
65 115 109.8 119 106.17 
16 19 17.64 18.9 17 
56.05 59.99 54 51 59.99 
31.1 28 42.99 44.9 29.52 
79.99 94 69.9 142 86.07 
45.92 49.99 49.74 47.01 59.99 
149 148.99 149 149 159.9 
47 52 46.3 43.79 34 
69 66.89 58.74 66.89 55.95 
34 15 54.99 15.01 10.58 
15 24.9 13 14.99 13.6 
26 43 56.18 31.56 28 
12.15 13.6 19 18.9 13 
32.28 27 28.22 30 27 
17 55 22.7 22.25 16.99 
119.99 69.9 55.9 124 43 
17.64 18 13.6 16 12.15 
52 59.99 54.9 59.99 59.99 
35 34.18 18 23.23 22.57 
35.67 44.9 28 30.37 42.99 
118 113.78 149 117 116.87 
110 101.99 116 109 102.09 
285 272 263.47 274.99 289.99 
57 59.99 56.05 51.9 51 
33 32.9 27.76 31 33 
31.7 26 30 26.29 29 
27 34.99 29.99 31 31 
49.99 45.76 52.47 59.99 39 
104.24 95 100 89.37 103 
58 52 39 51 59.99 
59.99 43 56.43 56.05 54 
122.5 103.94 117.54 119 122.5 
48.99 49 54.9 59.99 58 
57.84 43 48.31 59 59.99 
80 74.18 79.46 80.9 82.32 
19 59.99 28.49 73.5 16.91 
86 80 87.33 159 79.99 
26 29 26 29.9 29.99 
54.99 59 49.99 44.9 38.58 
88.5 72.01 84.99 75.65 99.99 
44.9 14.34 14.39 39.99 18.45 
20.83 29 20 19 34.18 
33 25.8 35 32.9 31 
41.1 39.68 59.9 54.5 44.9 
16.02 13.63 20 22.25 29 
45 59 41 45.66 38 
54 22.49 23.94 19.94 53 
7.69 19.99 25 34.99 6.94 
52.32 54 51 56.05 51.9 
13.89 18 19 14.34 15 
69 54.99 74 70 79.99 
16.8 34.18 16.8 18 44.28 
61.5 55.35 59.18 58 86 
29 28.71 27 43 109 
59 43 57.84 48.31 55.99 
129.99 129.8 125 129.99 108 
62 48.31 51.54 51 54 
18 11.69 13.5 14.34 13.5 
56.9 42 17.99 38.25 39.99 
21.99 14.11 20.52 16 15.04 
54.9 65 78.24 73.19 89.99 
81 59.9 69 46.24 68 
48.31 51 56.05 51 52.32 
43 37 41.5 79 56.99 
19.99 16.9 14.34 22.25 14.08 
51 48.31 50.8 59.99 54 
49 44.99 41.12 47 43 
42.99 25.99 29 34.18 30 
34.9 34.99 30 34.99 24.33 
55 49.99 39 59 49.9 
15 18.45 22.25 17 19 
105 109 99.9 109 114.12 
59.99 46.77 49.9 45 54 
53.74 59 58 69 62.71 
57.75 58 62 59 54.99 
49.31 53 49.89 55 54.08 
29.99 26.5 26.29 24.69 29.99 
10.39 20 20.76 44.9 14.34 
45 47 47 39.68 40.67 
41.22 54.99 43 48.67 46 
34.97 53 40.18 34.99 49.08 
34 47 49.99 44 40.92 
99.99 73.35 81 49 84.99 
25 29.99 22.78 22 29.99 
48.31 59 54 55.61 59 
51.44 79 69.9 56.05 51 
194 79.99 115 108 108 
28.99 29.99 24.11 29.99 29.99 
25.99 26.05 16 30 34.18 
49.08 32.61 54 79 51 
71.34 71.34 75.47 89.9 73.8 
34.18 19 30 13.35 31 
49.89 49.31 48.5 50.06 53 
69 61.01 59.99 64.35 45.82 
49.9 52 50.76 54.99 53 
99.9 76.47 97.5 62.37 84.6 
55.35 64 86 76.48 58 
273.06 274.99 263.47 285 257.44 
26 26 29.9 28 24.33 
60.22 86 60 113.65 59 
58 55.35 58 61 53.15 
46 44.99 42.98 55 59 
86 43 49.9 49.99 43 
71 51 47 29.99 51 
19.99 9.99 22 39.99 19.9 
47.01 49 45.85 51 45.85 
13 16 12.58 17 17.64 
16 19.9 12.58 18.05 16.84 
78.07 70.73 68.27 110 109.9 
16 16 16.84 11.6 12.88 
44.28 38.61 41 36.5 28.99 
106 99.99 83.98 108 97 
49.99 53.8 47.01 51 49 
69.99 59.99 83.94 89.9 50 
14.89 19 18.45 14.99 14.05 
20.76 16.9 18.45 16.02 22.25 
35.32 42 49.99 39.99 38 
45 24.09 44.55 45.9 31 
19.9 19 19.99 15.49 47 
99.99 80.78 52.96 99.5 86 
40.92 29 44.99 46.9 52 
89 98.06 103.99 129 104.24 
15 13.29 18.99 13 18 
20.76 14.34 18 19 19 
15 39 17.9 18 19.99 
22.49 25.74 23.94 28.99 29 
15 15 19 19.9 19.99 
38.9 34.99 29.7 29.7 30.99 
129 129 129 118.99 117.79 
55.61 69 70 69 69 
29.9 37.99 36.5 25.31 29.99 
71 67.9 66.43 78.74 75 
25 28 25.9 64.9 23.94 
43 41.39 64 38.98 24.99 
49 44 49.89 44.22 49.47 
67.31 77 49.99 129.99 39 
49 45.85 55 54.99 43 
42.79 45 48.5 54 49.47 
119 121.19 132.38 128 76.99 
18.45 18 20.52 17 15.04 
89.9 71.34 72.99 88.5 79 
26 18 17 16.77 19.99 
16.53 18 44.28 19 18 
29.99 26 30 25.22 26 
139 125 44.99 127.27 74 
72.42 89 74.93 78 74 
35 19.99 35 13.9 17.9 25 20 30 9.99 19 18 19 30 35 19.99 30 19.99 14.97 19 13 12 14.97 35 30 19.9 19 20.99 25 30 19 15.99 30 19 26 17 12 25 25 14.97 18 17.9 21 24 24 17.9 19.99 21 29 22 19 21 13.9 21 17.9 29 19 24.9 29 14.97 25 26 17.9 24.9 26 19.9 21 25 30 20.99 13 21 29 24.9 29 19.9 9.95 15 26 14.97 24 25 17.9 19 14.97 13 19.99 14.97 18 24 20 15 30 22 20 9.99 21 19 20.99 15 15.99 9.99 20 19 20.99 30 13 17 19 17 19.99 21 13.9 15.99 22 22 14.97 19 17.9 19.9 25 30 19.99 25 30 25 30 24.9 19.99 18 21 20.99 25 30 13 24 25 15.99 13 24.9 30 25 21 9.95 13.9 9.95 18 22 13 9.95 24.9 15 19.9 15 17.9 19.9 19.9 17.9 13 13.9 17.9 21 15.99 30 26 13.9 20 30 17.9 21 19 18 19.9 15 17 19.9 18 17.9 20 30 21 19.9 19 17.9 30 9.99 25 30 15 15 14.97 25 17.9 17.9 24 30 30 35 21 30 22 19 21 19 35 30 26 17 30 17.9 29 17.9 13.9 15.99 12 19 20.99 15.99 29 25 14.97 19 29 9.95 13.9 21 18 18 23 13 21 9.99 21 24.9 21 14.97 26 15 21 29 25 
