5 240
79.99 54.33 59 79.99 59 
47 39.63 42 40.89 61.5 
43 49.99 43.98 40.17 49.99 
19 19 19.99 14.34 20.76 
65.9 43 46 46 44.58 
41.1 40.67 49.9 44.9 44.9 
49.89 49 51 47.01 40.44 
54.9 55 59 49.9 57.99 
33.45 37.99 32 25.31 30.75 
56.05 54 62 49.99 49.08 
26.73 29.99 26.53 25.74 39.99 
34.99 19.79 19.99 26 25.22 
79 59 55.61 48.31 129 
77 77 72.27 81 71.46 
59.9 59.99 57.45 59.99 59.99 
54.99 54 54.08 48.89 55 
56.05 48.31 52.32 39 62 
11.69 20.76 19 13.8 13.39 
109 83.66 109.98 108 109 
16 17 99 15.21 15.04 
29 49 49 48.5 45.57 
90.41 123.99 95 100 90.41 
44.99 46.3 49 51 39 
48.31 49.08 56.05 55 52.47 
44.99 46.3 44.22 51 44 
26.5 22 25 24 29.99 
72 74.98 74 66.59 75.64 
35 28.71 39.99 39 38.1 
28.04 27 26.9 24.81 22.99 
45.85 47 43.32 59 45 
107 129.99 89 103.15 97.5 
69.9 36.6 69.99 41 17.99 
14.34 25 16.99 20.76 20.78 
17 14.34 16.02 20 16.99 
24 20.67 25 24.11 25 
53 51.54 57.84 49.08 55 
29.99 18 18 23.23 29.9 
48.76 55.99 39.99 29.99 27.5 
30 26.08 27.29 27.98 25.52 
74.42 82 79 99 70.89 
39 39.9 45 51 53 
26.31 26 11.7 24.79 31.56 
17 19 18.1 15.19 16 
18 19.99 17 22.03 14.74 
129.9 26 31.56 26 56.18 
31.7 26 25.22 29 24.33 
26.5 25.22 30 29.99 26 
55 119 89 119 79.99 
52 46 50 46.89 49 
34.99 9.7 31 33.49 29.99 
22 23.99 22 22.78 24 
80 59 32 27 69 
52 55 49.31 54 49.47 
49.47 27.7 49.99 49.89 50.29 
119 121.45 49.99 49.99 49 
47 44 21 49.9 39.69 
32.55 34 34.99 36.5 34.99 
69.9 65 55.45 69.99 72.5 
88.5 99.99 77 70.89 142 
75.65 67.5 79.99 73 51 
14.34 19 15 15 18.45 
45 43 41.39 43.31 45 
136.99 109 109 109.99 109.99 
19 4.99 3.9 17 14.11 
18 33.9 15.67 20 19 
30 26 24.33 28 26.91 
125 118 119 115.99 118.99 
14.3 18 20.76 18.09 15 
54 51 55.61 59 54 
49 79 41.31 30.99 44.9 
53.61 90 49 46.77 52 
15.67 17 14.74 17 18 
49 47.5 55 53.8 51 
44.5 36.99 46 38.5 79 
49.99 43.79 42.99 52 34 
82.34 89 119.9 104.99 79.99 
34.99 38.9 29.7 29.7 34.99 
5.07 11.38 17.9 9.99 12.86 
14.39 22.25 20 15 17.9 
59.99 39 49 43.95 44.22 
44.22 52 49 55.99 49 
18.45 15 17 20 18 
69.9 9.13 37.99 8 43.9 
45 21 49 46.11 47.01 
86 62.37 63.48 63.47 57 
45 59.99 43.99 48 49.99 
129 125 119.9 118 124.67 
17 14.74 19 17 19.99 
124 119 123 120 118.99 
18.1 16 21 17 15.19 
78.97 129 89.9 69 80 
30 27.87 30.51 28.91 29 
26.57 24.69 28.58 28.58 24.62 
92.9 106 108 99.9 97 
18 39.9 34.18 36.5 23.23 
9.9 26.7 23.76 26.9 19.99 
70.73 93.99 68.27 78 119 
17 42 16.9 17 14.72 
64.35 62 44.11 39.87 79.99 
33.98 34.18 35.67 39 35 
22.57 22.77 14.99 34.99 9.9 
31 34.99 28 113.75 26.64 
88.5 57.27 79 57 66.99 
159 149 189.99 159 149.99 
59.99 59 53.61 52.49 39 
39.99 14.34 13.5 18.99 19.99 
88.5 72.91 94.99 67.36 67.35 
109 27.9 27.7 52 51 
46 44.5 36.78 42.93 38 
22.57 29.9 22.77 29.99 29.99 
59 54.98 54.08 59.99 53 
107.37 122.99 128 119.02 115 
122.07 113.52 119.8 122.5 117.54 
140.99 80.77 76.77 128 89 
113.75 25 25.22 25.22 28 
249 219 399 206.5 237 
18 13.6 13 16 12.15 
51 34.9 49.99 55 49 
29.99 29 29.99 34 26 
69.99 69 142 59.99 45.66 
99.95 98.39 89.37 94.46 129.99 
69 75.5 67 78 63.59 
58 59 84.99 57.75 79.99 
29.7 31 29.7 34.99 38.9 
90 89.99 81 93.99 56.9 
47.89 53 51.6 57.99 57.99 
38.99 34.99 39.6 34.76 35.99 
39.9 16.8 25.85 44.28 39 
53.8 47.01 52 49 35 
70.73 42.9 119 78 65 
47 52 55 49 29 
15 19 20.76 18 19.9 
47.01 44.22 55.99 48.5 49 
59.99 49 59 50 65.99 
43 55.44 129.9 28 26 
136.99 109.99 117.5 89 109 
19.99 18 21.99 17.82 22.25 
39 10.47 10.43 19.99 20 
99 155 98.02 159 99.9 
69.99 79 75.64 72 86 
86.35 90 77.95 69.9 93.44 
48.9 39.24 40.76 38.58 44 
39 34.99 45 53.8 46.11 
24.8 11.4 25 29.9 27.99 
42.9 47 44.99 44.08 43.5 
49 47.01 34 52 50 
12 27.5 11.81 12.3 13 
272 279 269.01 285 279 
53.8 44.22 47 52 55 
15.04 17 21.99 17.9 15.21 
31.6 36.9 31 33 29 
34 44 48.92 44 42.99 
77 89.9 90 89 88.5 
22.25 18.99 11.69 11.54 10.39 
18.9 14.99 12.15 24.9 15 
82 75 54.89 54.9 70.36 
28.71 27.56 31 34 29 
41.04 41.31 56.99 49.9 44.9 
18 16 17.64 13.6 14.99 
34.99 28.58 27.68 28 29.99 
39.9 31.98 34.99 34 32.55 
16.99 16.02 19.99 17 14.34 
62.37 84.6 93.69 62.17 76.47 
27.37 28.04 27 22.99 29 
71.46 75.74 77 82 77 
69.9 53 48.31 51.54 79.99 
66.99 148.9 55.95 59 61 
70.36 59 89.99 69.99 78 
32.99 31.91 29.99 9.99 25 
16.02 18.45 14.99 13.83 22.25 
49.08 59.99 55.99 51 59 
49.08 51 54 51 39 
10.39 13.6 13 18 17 
67.9 29.13 25.39 66 79 
98 124 98 94.96 52.44 
27 24.99 35.67 27.17 30.9 
246.13 279 279 269.01 289.99 
25.01 29.99 35.99 29.99 28 
66.43 119 66.33 62.85 58.06 
43 51.22 64.9 26 25.9 
61 55.61 39 69 43 
79.9 99.99 86 79 68 
14.52 22.25 16.99 25 25 
61 62.91 61 69 61 
175.89 102.66 109 109.99 109 
34.9 49 53.8 47.01 43.79 
92.9 83.99 89 89.99 83.98 
17 22.25 17 10.39 18 
117.5 119 119.99 99 109.99 
47.01 43 51 55 49 
17.64 7.9 21 18 17 
39 31 30.69 19.99 34.18 
29.99 16.04 9.99 25 33.95 
69.99 57 51.43 55 114 
34.44 32.37 9.9 36.5 19 
14.11 15.04 21.99 15 16 
49.89 44.98 47.01 55 45 
78.72 43.84 49 54.5 34 
16 18.9 13 12.15 13.28 
119 98.6 102.66 102.09 119 
124 55.9 69.9 64.9 78 
52 45.98 55 46.9 52 
24 26 25.22 26 25.8 
18 35.99 22.03 17 19.99 
51.22 19.94 28 55.44 64.9 
21.93 37.61 29.99 40.59 20.48 
88.43 99.99 79 75 87 
14.34 15 19.99 18.45 10.39 
17 18 13.55 15 17.79 
44.22 54.9 50.76 57 59.99 
8 36.63 37.99 69.9 43.9 
41.72 62 64.28 60.93 99.9 
47.01 44.99 49 49.89 51 
22.49 29.13 23.94 27 69.9 
26.14 28.9 28.5 29.99 26.5 
70 61.01 39.9 71.7 69.8 
299.99 279 246.13 272 274.99 
49.74 49.99 54.5 59.9 47.01 
11.12 59.99 34.99 29.99 73.5 
27.05 25.9 26 11.9 11.7 
44.22 52 49.47 47 50.29 
99.9 99.9 114.99 111 104 
17.99 18 15 20.52 15 
85 95.93 129.99 109 79 
14.72 16.99 14.74 16.02 18.45 
57.99 66.99 59 57.99 39 
21.93 49.9 20.48 37.61 25 
13.28 14.99 17 13 13.6 
30 31.88 27 27 34.99 
60.28 124 98 109 94.96 
54.99 52.99 54.99 59 57 
51 48.5 49.47 47.01 49.89 
42.99 45.57 52 47.01 55 
118 107.37 119.02 128 115 
17 30.9 16 14.06 13.66 
31 27.84 33 33 31.6 
33.9 17 34.5 19.99 18.49 
42.9 60.93 34.18 39 36.5 
72.99 73.8 89.9 75.47 75 
39.34 36.78 46 44.5 36.78 
18 15.99 19.99 35 19.9 15 20 24 20 21 14.97 13 19 9.95 24.9 12 29 15 15 25 30 19.99 15 18 19 17.9 23 15 17.9 17.9 18 14.97 24.9 12 9.95 12 21 13.9 19 9.95 17 30 17 13 15 17.9 17.9 13 17.9 13.9 15 30 12 17.9 24.9 14.97 11 15 19 30 17.9 17 12 15.99 12 30 18 22 9.95 15 30 19.9 19 22 35 26 13 29 15.99 13.9 29 15 15 35 30 21 13 25 29 21 26 30 15 14.97 35 29 9.95 13 30 15.99 14.97 18 30 25 19 29 30 25 25 13 9.95 17.9 20 19 19.99 20.99 35 19.99 17.9 35 15 13 13.9 19.99 30 21 17 15.99 30 17 22 21 13 19.99 21 13 13 30 24 15 21 21 149.99 13 30 17.9 17 19 18 30 17.9 17.9 13.9 19.9 17 19 25 19.9 14.97 17.9 13 14.97 24.9 17.9 17.9 18 24.9 16 14.97 24.9 20.99 19 19 24.9 22 15.99 19.99 15 20.99 25 30 9.95 9.99 24 25 149.99 20.99 15 13.9 17.9 19.99 30 30 13 15 15 19.9 30 19 30 19.99 30 30 30 25 21 19 19.99 35 12 25 35 13 20.99 24.9 17.9 24.9 13.9 19.9 18 18 19 13 19 15 26 29 15 30 17 9.99 17 15 17.9 12 19 18 15 30 21 
