5 240
34.18 35 26 39.99 31 
55 52 59.99 49 59 
55.43 77.9 47 69 62 
65 73.19 70.36 73 51 
47.19 48 47.19 49 40.16 
89 75.71 89.9 79.9 79 
13.28 6.01 4.7 12.15 16 
38.1 40.59 36.51 43.98 36.5 
49.84 51.99 43.74 119.9 47 
15 19.9 30.9 20.52 14.11 
56.9 39.34 42.93 17.99 36.78 
51 58 45.73 53.61 53.61 
108 106 97 99.9 89.99 
26.5 29.99 31.63 29.99 29 
25.57 26 29 31.7 31 
45.58 54.08 54.9 59.99 49.31 
99.99 74.42 69.16 76.88 74.42 
13.6 15 13.28 11.99 16 
54 42.57 49.47 52.93 49.31 
12.58 18.05 13.28 12.99 16 
14.34 18 16.9 22.25 13.83 
12.09 21.22 18.13 10.94 24 
9.99 9.99 34 18 9.99 
32.9 25.68 69.99 28.34 29 
13.5 19 22.25 18.99 15 
36.5 27.52 32 29.99 29.9 
13.28 14.99 17 13.6 17.64 
59 57 34 51 59.99 
17 19 15.19 18.1 24.99 
62.91 67 64.08 59 66.89 
49 47.01 46.9 59.99 46.9 
54 48.31 57 49.48 59 
83 91 81 82 81 
69.99 43 63 69.99 62.99 
79.9 89 68 80.81 95 
4.99 22.77 9.9 34.99 29.99 
41.1 47 45.4 59.9 44 
57 52.47 51.54 64.99 55.61 
80.9 78 78.9 81 84.99 
34.99 26.99 29.9 26.91 34.99 
33.49 4.99 35.9 34.99 19.99 
20 36 34.06 15.67 19 
19.99 17.9 15 15.99 18 
119 119 73 84.5 73.19 
48.5 53 59.9 55 52.93 
25.9 79.99 29 79 26.31 
127.27 74 108 125 123.51 
19 22.03 18 15.67 33.9 
69.99 59 51 52.32 55 
48 47 45 59 46.03 
50.76 52 54.98 39.9 45 
44 46.11 49 34.99 55 
18 16.8 22.57 16.53 16.8 
18 42 18.99 29.99 16.9 
68.27 70.73 78 119 74 
18 13 18.9 17 12.15 
25.52 24.67 27.29 30.9 30 
44.16 44.58 66.5 49.99 48.67 
114.99 112 109 251 99.9 
15.03 19 17 15 17 
109 69.99 92 60.22 89 
39.34 56.9 41 36.78 46 
26.9 26 26.9 59 26.19 
49 44.99 49.89 53.8 46.3 
116 115 106.3 121.77 129 
19.99 18 16.9 15 19.99 
28 11.9 29.9 79.99 25.9 
109 95 100 99.95 103 
49.08 43 49.08 52.49 56.05 
15 18 15.41 19.68 17 
126 165.7 119 129.99 128.54 
18.45 15 17 17 22.25 
33.95 29 31.63 29.99 34 
61.18 27 61 63.97 69 
29.99 24 29 32.9 31 
26.74 26.97 30 34.99 25.22 
59.99 59.9 52.99 57.45 59.9 
13.66 15 14.06 39 19.9 
47 44.4 44.9 54.5 59.9 
21.99 18 15.04 15.04 18 
29.99 29.99 24.79 31 26.31 
27.99 26.73 24.8 20.47 29.9 
69.99 69.9 22.49 23.94 19.94 
10.49 15.55 9.99 20 9.99 
27.99 42.63 26 41.21 34.99 
13.66 16 14.06 49.99 14.11 
34.99 20.48 24.8 21.93 33.9 
58 60 43 79.99 39 
29.99 34.99 34.99 56.34 34 
59.99 76.48 61.5 55.35 77.95 
16 15 44.9 15 14.11 
21.99 25 20 16.99 24.99 
55.9 60 55 69.99 48.31 
46 46.3 47 51 53.8 
106.17 108.22 102.76 118 106.22 
149 149 128.9 179.99 149.9 
33.47 33.66 48.31 51 51 
47 69 43.6 46 38.58 
28.49 32.99 32 12.5 34.99 
29 39 18 16.53 29.99 
22.03 16.77 19.99 17 16.3 
119 125.42 117.99 121.07 129.99 
34 24.79 25 35.67 24.99 
34.99 28 22.95 24.99 24.75 
19 18 15 10.39 44.28 
18.45 26.05 18.5 16 16.9 
32 29.99 49 29.99 30 
36.5 9.9 9.9 19 34.44 
44.16 46 48.67 54.99 43 
58 58.99 69.98 77 65 
154 146 86 179 148 
59.99 55 54 54.99 45 
206.5 249 229 219 209 
89 78 73 72.52 74 
34 26.5 29.99 20.67 29.99 
13.28 11.6 12.99 12 16 
24.69 28 27.99 26 42.63 
18.45 20.76 18 19.99 14.34 
10.39 19 14.49 17 11.54 
42 16.9 21.99 29.99 18.45 
67.35 69 67.36 69 72.91 
92.9 99.99 87.12 92.9 89 
109.99 119 119.99 123 106.17 
18 14.39 17 17.9 20.76 
29.99 40.59 39.54 31 37.63 
47.01 49.9 47 44.98 48.18 
7.69 19.99 6.94 29.99 34.99 
29.99 20.67 24 26.5 23.64 
106.3 139.99 122 110.7 118.38 
41.31 43 37 44.9 44.99 
51.48 61 59.9 50 44.99 
33 36.9 32.9 27.76 29.68 
119.99 98.06 99.95 98.39 97 
25.22 34.99 129 34 34.99 
34.9 22 34.18 39 18 
69 61.52 56 69.9 62.37 
28 27.21 26 24.75 34.99 
26.05 19 30 34.32 13.1 
29 27.72 24.33 34 35.99 
19 18 19.9 18.45 11.54 
98.02 93.6 98.01 179.99 160.16 
86 49.99 49.99 47.52 52 
61 79 56 65.58 67.9 
29.9 26.5 28 25.22 25.22 
26 26 29 31.7 28 
35.14 29.9 35.5 27.87 34 
59.99 54.9 59.99 49 54 
17 14.99 17.64 13 12.15 
44.99 52 56 46 47.01 
14.49 20.76 17 19 18 
42.42 43.84 54.5 34 44.5 
46.24 59.9 79.9 89.9 95 
43.31 42 41.59 49.99 49.99 
59.9 41.1 45.4 49 54.5 
109 109 79.99 107 85.9 
44.22 49.47 47.01 45 49 
49.99 41.89 44 39 49.9 
48.92 44 44.77 46.99 45.13 
56.9 78.35 83.58 89.99 58.41 
47.9 78.72 34 49 44.5 
49.99 59 58.18 37 29.99 
56.05 69.9 51 53 48.31 
25.46 31 29.99 27.68 45.9 
38 9.99 9.99 14.18 9.99 
29.99 33.45 30 36.5 30.27 
31 48.31 52.32 56 54 
39.99 58.99 66 19.99 39.99 
46.99 47 42.19 53 44.77 
66.89 62.91 67 65 64.08 
34 19 29.13 56.05 51 
7.95 19.99 34.99 33.49 4.99 
13 9.99 10.39 18 18.9 
28 24.36 26 27 50 
19 16.8 9.99 18.91 16.8 
29.99 34 32 34.99 49 
13.28 17 14.99 12.15 16 
38.99 34 35.79 42.9 34.99 
12.51 19.99 10.47 32 10.43 
15 10.39 19 13 14 
49 79 59.9 53 54 
69.9 58 61 52.47 57 
54.9 39 54.98 59.99 59.99 
99.99 73.7 87 83 108.5 
35.67 33 30.69 19.99 35 
38 49.99 36.78 38 38 
19.99 17 13.55 15.41 19.68 
74.42 79 76.88 70.89 82 
39.54 34.18 31.1 35 39 
69.99 122 89 59.01 86 
48.31 24.99 33.66 29.99 53 
55.99 48.31 54 49.08 62 
108 120 117.77 108 117.77 
39.99 36.5 39 44.9 31 
26.99 34.99 26 29 26.74 
49.99 49.99 42 42.96 40.5 
60.35 68.29 73.9 58.47 63 
62 29 43 56 52.9 
129.99 184 118 125 132.38 
13.6 13 17 18.9 17.64 
179 189.99 189.99 219 179 
77 59 46.19 54.9 57.03 
17 12.15 18.9 13 17.64 
79 99 89 74.42 73.98 
28 26 26 26 59.99 
55.61 69 57.99 70 79.99 
25 29.9 29.99 54 29 
49 49.89 43.79 40.44 49.47 
96.95 68.99 108.22 106.95 108.08 
27 34.99 32.28 29 31.9 
31 27.45 29 29 26.93 
57.26 98 124 109 94.96 
26 24.69 31.7 26.29 29 
29.13 30.77 34 56.05 25.39 
79 34.63 56.05 49.08 54 
45.57 29 47.01 19.9 44.15 
46.3 44.22 47.01 44.99 49.47 
123.99 98.43 95 90.41 90.41 
35.04 56.05 79.99 51 51 
17 29 16.75 17 18 
71 60.39 66 69 32 
36.5 39.99 66.36 60.93 44.9 
33.95 24.79 39 24.99 24.99 
49 42.79 48.5 45 54 
69.99 46.03 43.99 48 49.2 
26 25.9 25.9 29.99 26 
19.9 13.89 15 19 22.25 
31 34.99 34.99 31 29.99 
26 29 28 24.79 26 
44.77 48 43.99 50 69.99 
14.52 15 19.99 22.99 25 
18 15.67 18 16.63 33.9 
55.99 57.01 37.99 54.99 67 
58.84 58 60 62 59 
51 53.8 48 55 49 
34.99 25.76 34 30 27 
66 58.6 31.99 59 61.18 
34.99 20.79 25.22 19.79 30 
89 123 119.99 128 119.9 
9.99 17 18.45 19.99 16.02 
59 55.99 54 54.99 46.19 
35 14.97 19 17.9 17.9 20.99 30 30 19 30 17.9 12 20.99 21 18 14.97 24.9 35 29 30 13.9 35 13.9 25 25 20.99 15 19 15 18 20 20.99 9.95 19.9 26 24 35 15 30 15 13 17.9 13 18 15 29 15 18 19 30 25 21 15.99 13 16 21 35 30 14.97 15.99 30 17.9 30 20.99 14.97 24.9 17.9 21 17 13 30 24 20.99 19.9 17 17.9 9.95 30 20 15 15 29 30 9.99 9.95 35 19.99 19.9 19.9 22 20.99 30 17.9 21 30 9.95 14.97 35 13 25 149.99 19 25 19 17.9 30 14.97 30 30 20.99 19 149.99 14.97 24.9 13 19 17.9 13.9 25 15 18 19 25 25 35 26 23 17.9 19.9 13.9 35 17.9 19.9 19.99 30 19.99 17.9 29 19 20 24.9 19 21 14.97 22 29 24.9 15 20 15 13 25 19.99 13 22 149.99 26 22 30 13 9.95 17.9 25 19.9 20.99 35 9.99 30 19.9 18 19.9 13.9 15 17.9 20.99 17 19.99 13.9 30 26 18 21 20 35 9.95 20.99 24.9 12 13 24.9 13 22 20.99 15 14.97 18 13.9 21 23 19 12 9.99 21 18 9.99 30 17.9 24.9 29 30 19 25 19 18 12 12 25 16 20 25 35 15.99 25 18 19 24 9.99 22 22 14.97 30 25 14.97 19.99 30 24 21 19 15 26 
