5 240
99.9 76.47 269.99 62.17 129.99 
64 48.31 49.08 49.9 53.37 
54 50.76 49.47 45.73 49 
25 24 22.76 34 29.99 
79.9 69.99 62.37 63.48 79.99 
118.99 129 118.99 131 124.67 
24.75 29 65 27.21 24.21 
14.93 9.45 15.6 19 17 
35.04 35.9 35.5 54 51 
39.9 36.65 34.99 30.44 35.67 
49 45 49.99 43.99 48 
16.99 19.99 17 20.76 18 
57 58 61 63 54.74 
20.76 20.91 10.39 18 17 
25 34.99 19.99 20 9.9 
18 22.25 17 18.45 20.76 
15.66 17.32 13.55 15 19.9 
9.99 19.99 15.65 22 9.99 
45 44.9 40.67 47 44.4 
26.13 29.99 26.73 29.99 34 
17 17.9 22.25 13.8 19.99 
78.74 59.9 66.43 67 58.06 
25 21.22 18.13 11 24 
25.9 55.44 64.9 129.9 22.49 
39.99 35.51 39.49 35.5 31.07 
30 49.9 60 31 54 
184 118.99 124 118.99 120 
27.99 27 30 27 27.56 
109 85.9 129.99 119 95.93 
73.06 73.06 65 75.65 89.99 
29 27 24.33 29.13 19 
41.86 54 55.99 55.61 106 
9.99 19 18.91 19 11.69 
34 20.67 22.94 28.99 26.99 
98.6 105 109 109 119 
44.22 49 49.89 43.79 49.99 
19.99 29.9 34.99 20.79 29.9 
15.18 19 17 17.31 18.1 
26 22.49 23.94 19.94 64.9 
59.99 49.9 39 59.99 54.9 
119 66.55 119 117.05 79 
54 48.31 51.54 54 54 
12.15 13.6 15 18.9 14.99 
54 54 56.05 57 34 
18.9 13.6 17.64 19 13 
54 54 69.9 51 59 
27 30 29.99 29 29 
12.58 16.84 18.05 15 12.99 
29.69 29.9 29 34.99 34 
25 25 21.99 22.25 20 
49.99 44.11 64.35 79.99 44.99 
62 41.72 65 60.93 99.9 
18 31 26.05 48.9 32.67 
26.91 29.99 115 43 29 
17 13.28 13.99 14.35 18.9 
42.4 49 46.3 51 46.3 
119.99 90.41 99 99 123.99 
24.59 29.9 31 26 31.56 
119 109.77 99 99.63 99.63 
26 29.99 28 28.49 26.46 
110.7 110.7 139.99 113.16 114.02 
16.8 16.53 16.8 22.57 18 
13.28 12.15 13.6 13 16 
34.99 29.99 27.29 29 30 
47.01 47.5 49 43 47 
27.06 12.15 10.39 13 17 
58 62.52 77 69.99 289 
35.9 26 17 17 34.06 
29 26 24.78 34 26.91 
106.71 129.99 99 119 89.99 
49.89 49 27.5 49 49 
54 49.08 48.31 51 56.43 
36.9 24.01 55.99 45.66 39.99 
69.99 52.46 89 60.32 69 
43.67 47 43 44 54.99 
35 30 34.99 26 24.69 
119.99 90.09 99.99 87 99 
75 78 119 42.9 70.73 
17 19 14.93 14.79 18 
98 104.72 105 98 98 
22.78 29.99 23.64 29.99 19.49 
8.25 19.9 7.36 19 9.99 
55 49.99 49 47.5 47.88 
75 94.9 88.43 99.99 87 
99 109.77 103 108 104.61 
139 129 119.31 125.28 125 
20.76 17.82 21.99 25.9 16.99 
19 26.05 34.18 19.99 30 
82 56.9 81 89.98 59 
32.99 24.99 27.17 26.4 28.71 
16.8 34.18 18 23.23 20 
119.99 135 117.48 119.9 108.22 
105.91 109 103 104.99 109 
67.9 69 63 61 29.13 
26.99 34.99 29.99 26.99 29.9 
5 29.99 18 17.98 16.53 
43 99.99 83.43 99 39 
11.99 16 17.64 13.6 18.95 
34.99 36.65 33.61 35 33.9 
229.99 209.9 199.99 179 189.99 
100 99 88.9 94.9 87 
49 43.84 78.72 42.42 47.9 
69.99 43.98 54.99 43 46.18 
39 35.67 32 28 29.52 
19.99 11.69 9.99 21 19.99 
34.99 39.99 42 42.9 19.99 
27.05 25.9 29 28 29 
24.75 26 69.9 24.21 27.21 
91.91 94 109.9 90.41 95 
105 104.99 99.9 99.9 109 
56.05 29.13 27 29.13 34.99 
172 129 129 123 129.99 
34.99 31 9.7 29.99 24.99 
47.01 54.99 45.04 45.85 49.89 
34.18 42.9 39.99 39.99 39 
18 16.02 15 18.89 19 
26.46 28.58 27.68 34.99 34.99 
69.9 43 119.99 64.9 124 
79 159 179.99 109.99 98.02 
49.89 49 46 52 47.5 
32 69.8 70 70 67.47 
52.47 54.98 55.99 45.76 49 
59.9 91 81 79 99.99 
123 114.02 107.49 128.5 125.42 
27.5 44.99 49.47 55 56 
51 69.99 52.49 57 54 
61 66.89 62 61 58.74 
69.99 54 111 69 51 
128 121.19 76.79 119.99 89 
54.99 43.45 48 39 49 
39.99 61.96 80.05 141.5 64.27 
40.44 46.3 46.3 44.99 49 
14.59 15 19.99 15 15.99 
35 31 36.51 39.9 34.18 
109.99 79.9 109.98 66.55 119.99 
30.69 29.99 39.99 36.9 34.99 
46.99 47.01 42.79 39.9 57 
37.99 29.99 30.75 32 36.5 
59.99 48.31 53 51.8 69.99 
118 135 109.8 119.9 110 
42.9 119.9 109.9 75 74 
16.75 19 18 15.67 20 
29.99 24.79 26 34.99 31 
17 19 47 15.04 14.26 
54.69 51 34 69.9 53.9 
51.9 51 56.05 51 51.9 
55.42 18 81.5 59.9 89 
19 10.39 22.25 43 11.69 
29.99 33.9 26.13 26.73 62 
29.99 24.59 34 29 26.85 
34.44 36.5 9.9 19 34.44 
32.99 24.99 24.99 27 30.9 
10.39 14.99 15 22.25 11.69 
116 99 117.04 99 194 
34.97 51 59.99 57 55.99 
99.9 43 59 109 99.9 
19.99 20.76 17.82 18.45 21.99 
43.45 52 51 32.7 49 
125.28 133 121.77 149 123 
29.99 29.9 43 34.99 26 
16.9 22.25 20.76 18.45 15 
39 34.06 26 35.9 22.03 
30 31 35 25.22 29 
22.73 29.99 39.99 23.36 27 
49.99 62.9 53 111 51.8 
47.52 48 50.11 56.99 46.14 
30.37 54 69 29.52 33.81 
78.65 99 79 82 76.88 
124 94.96 57.26 98 60.28 
56.05 35.9 54 51 54 
20 17 19.99 22.03 17 
48.92 45.13 42.19 39.69 44 
81 89 77 76.88 75.74 
78 119.99 43 69.9 55.9 
10.39 19 14.59 18 19 
29.99 33.47 24.99 52.47 57 
14.52 18.45 25 19.99 19.99 
46.99 54.08 55 52 49.89 
79.99 57 59.99 44.99 47 
35.67 32.9 29.99 20 28.51 
16 17 16.75 18 18 
146 135 145 146.31 129 
77.16 76.3 88.5 79 89 
53 54 51 49.08 52.47 
108 107 103.15 119.9 89 
21.99 14.06 19.9 19 24.99 
95 79.99 46.24 99.98 86 
19.68 15.66 19.9 19 23 
15 19 44.28 14.89 14.05 
42 42.96 46.9 47.24 41.39 
16.99 14.34 18 16.9 15 
90 87.36 79 85.19 91 
54.98 52 59.99 49 58 
10.39 13.47 19 35.67 15 
58.53 58 52.47 69.99 58 
58.99 59 65 58 69.98 
58 43 59 99 60 
64.08 59.13 69 65 55.95 
51 49.47 53.8 43.79 52 
13.63 29 16.02 18.45 20 
16 11.99 16 18.95 17.64 
20 19 17 19.99 22.03 
52 63 51.36 63 52.47 
47.01 50.76 54 59.9 54.08 
33.66 56.05 52.47 51 71 
29.99 24.99 25 22 24 
18 31 16.53 16.8 36.5 
16 20.52 15 18.45 11.54 
65.58 61 56 79 69 
10.63 19 15.03 18 13.54 
24.67 26.08 27 29.99 39 
95.68 103 108 103 99.9 
69.99 69.99 63.48 57 86 
20 18 31 39.9 22.57 
130.5 111 83.66 69 107.5 
16.77 15.67 17 18 19 
59 55.99 56.05 41 49.08 
46.3 53.8 46.3 49.99 44 
19 16 39 14.06 15.04 
89 79.9 107 79 119.9 
179 149 179.99 159.99 149 
17.9 16 13.14 20.52 18.5 
18 21.99 16.99 19.99 17.82 
35.67 31.98 36.5 31 34.99 
42.99 49.47 42.98 51 46 
39.99 40 35.5 34 29.13 
52.32 106 54 51 57 
42.4 44 46 46.3 53.8 
91.02 89 92 59.01 94.99 
32.41 34.99 69.99 27 28.34 
109 99.9 95.68 99.04 103 
51 57 55.99 51 54 
72.19 82 89.99 62 83.79 
89.99 89.99 73.19 75.65 59.8 
35.5 27 34.9 14.99 35.51 
35 20 34.18 35 17.9 
22.49 30 29 23.94 35.5 
19.99 28.49 19.99 12.51 34.99 
26 25.22 26 29 30 
13 16 13.6 17 17 
19.99 30 19.9 19 13 19.99 25 35 16 30 17.9 24.9 14.97 20.99 13 24.9 25 21 18 14.97 13 14.97 19 19 15.99 30 26 19 21 17.9 20 17.9 12 19.99 19 15 25 30 18 13.9 20.99 30 15 22 17 14.97 19.9 15 19.99 30 24.9 24.9 21 13 17 19 9.99 15 14.97 9.95 30 19 15 30 13 13.9 30 149.99 30 9.99 17.9 26 30 9.99 9.95 21 19.99 16 20.99 13 13 14.97 17 30 30 19 15 29 16 21 15 19.9 21 17.9 30 22 30 15 19 13 19.99 22 19.99 20 24 13 19.99 19.99 25 13 19 9.95 30 9.99 20.99 30 9.99 13 35 19 17.9 9.95 18 23 17.9 20 18 25 24.9 14.97 30 25 15 12 20.99 24.9 18 20 26 25 18 17.9 17.9 30 29 18 13 30 29 30 15 14.97 17.9 14.97 18 14.97 30 19 18 17.9 15.99 25 17.9 30 13 21 15.99 19.99 15 17.9 22 22 26 14.97 13 14.97 29 18 18 19.9 19.9 17.9 14.97 21 18 17.9 22 30 25 14.97 25 15 19.9 21 17.9 30 19 22 149.99 21 19 20.99 15 14.97 17.9 19 20 15 30 15.99 30 21 14.97 20 20 13 17.9 30 29 26 20.99 15 19.9 19.99 149.99 14.97 21 30 30 17.9 20 17.9 9.99 25 19.9 13.9 20 13.9 20 35 
