5 240
47.19 47.19 46 44.55 44.11 
104.94 57 129.99 59.99 69.9 
85 108 95 83.66 109 
19.9 20.52 15 19.9 13.66 
63.99 66.99 65 75.5 67 
39.9 65.62 69.99 73 49.99 
54.9 52 49.9 55.99 59.99 
14.49 20.76 11.69 14.34 22.25 
37 49.99 121.45 48.5 114 
44.99 54 49.99 46.36 54.9 
29.99 34.99 24.67 34.99 34.99 
189.99 179 219 177 179 
26.73 25 24.53 23.94 54 
22.57 36.5 39 20 34.18 
21.99 14.52 18 25 26 
28.34 27 28.71 109 69.99 
57 55.99 69 59 142 
98 94.96 98 98 59.18 
69.9 69.9 59 59 69.98 
129 122.5 116 119 114.99 
65 78.07 70.73 119.9 70.73 
26 35 25.8 39.99 34.18 
47 48 46.03 45 44.77 
18 34.18 16.8 20 18 
17 15 18 14.89 14.59 
29.9 29.99 22.57 29.99 4.99 
22.7 55 20 22.25 16.02 
16.99 19.99 16.9 16.02 14.72 
46 34.9 44.77 44 45.13 
39 15 15 14.59 15.99 
26.57 29.99 28.58 28 29 
54.08 49 44 45 46.99 
62 86 65.99 29.01 27.3 
26.29 28 31 39 31.56 
146.31 144.99 149.99 141.81 179 
19 16.02 14.34 35.67 18 
79.99 59.8 67 59.8 56.46 
29 31.7 26 29.99 29 
31 26.29 30 26 24.33 
79.39 99 82.09 84.99 90.11 
52.32 59.99 109 56.05 49.99 
18.45 13.89 19.99 15 10.39 
14.74 19.99 19 35 16.3 
26.99 29 30 29 109 
53.8 47.01 47.01 52 52 
121.45 45 48.5 29.99 49.99 
18 13.6 12.15 13 17 
93.99 85 79.99 68 89 
24.67 34.99 26.89 34.99 34 
17.64 17 13.6 18.9 13.28 
13 18 14.89 15 24.9 
50.5 29 46.9 43 46 
54 42.63 56.05 31 48.31 
40.92 34 49 47.01 52 
69.9 54 48.31 54 57 
39.34 38 38 29 49.99 
49 43 47.5 42.99 55 
72.74 77.16 75.7 74 75.71 
20 19.68 17.32 19.99 14.7 
107 110.16 109.98 85 68.99 
15.84 15 19.68 20 20.76 
23.23 25.85 34.18 44.28 16.53 
39 49 49.99 50.7 54.99 
24.59 28 29.99 31 29.99 
79 150 155 160.16 98.02 
59.99 59.99 59 54.99 52.79 
32 27.4 29.9 33.45 30 
80 65.99 159 66.59 79 
89.99 98.9 99 119 98.9 
18 19.99 19.9 15.65 18.04 
63.33 67.47 70 59 61 
13.8 19 17 17 22.25 
117.77 119 194 100.4 107.05 
20.76 14.34 18.45 19 18 
16 18.05 12.88 12.99 12 
133.04 123 119.99 139.99 121.77 
40 44.5 79 42 36.99 
43 62.9 51 52.32 54 
19 28.16 28 34 9.9 
19.9 39.99 34.99 32 29.99 
25.22 26 29.99 26.99 29 
98.02 109.99 98.01 160.16 179.99 
31 27.17 27.06 32 28 
28 26 24.21 26.46 29 
18 13.54 19 17.9 15.41 
53 49.99 49 42.99 55 
80 79.99 74 66.59 78 
19 15 18.99 11.69 10.39 
14.99 63 63 79.99 69.99 
34.99 26.08 27 39 86 
35.67 56 32 38 36.78 
34.99 26.73 62 26.13 34 
36 50 26.5 30.99 29.9 
14.34 19 39.99 13.47 18 
39 25.85 22.57 19 23.23 
8.25 18.48 25 69.9 69.9 
55.99 59.99 45.76 39 57.01 
23.64 26.5 24 29.99 20.67 
17.64 16 13.27 18.9 13.28 
22.25 25 16.9 16.9 15 
87 99 99.99 75 80.78 
55.02 36.51 53.57 55 55 
13.99 11.69 18 13.54 20.76 
49.08 51 51 38.61 55 
29 24.79 28 21 27.05 
21.99 17 15 11.54 20.52 
29.99 43 34 32.99 28.91 
65 69.9 62 59 62.9 
129 110.7 115 113.16 122 
118 129 122 116 112.9 
129 129.9 149.99 139.9 117.79 
20.52 21.99 19 16 99 
50 59 55.35 77 50 
94.46 99.95 109 129.99 103 
55 39 59 51.38 49.9 
50.29 49.99 27.9 44.99 56 
29.99 24.79 29.43 27.05 34 
55 86 69.99 45 43.05 
38 42.37 34 41 39.6 
24.67 27 27 32.28 34 
66.5 41.22 45 43 46 
52.49 59.99 58 53.61 58.99 
99 43 99.99 83.43 91 
9.9 35 36.5 9.99 34.44 
73 86 27.3 25.64 65.99 
41.12 53.8 45.57 49.89 46.9 
99.9 104.99 95 104 251 
15.84 19.68 18 10.39 19 
49 27 31 34.99 43 
16.63 29 20 22.03 18 
47.5 47.01 44.22 44 52 
49.99 47.52 19.99 19.99 44.7 
13 11.69 19.99 20.76 17 
26 25.22 25.22 31.7 34.99 
35.67 19 20.83 34.9 26 
79 26 79.99 5.94 11.9 
90.09 100 89.99 119.99 81.5 
40.44 51 47.01 47.01 49 
21.99 16.9 14.72 19.99 29.99 
34.99 29.9 29 26 29 
22.25 55 18 14.72 20 
58 52.46 89 69 77 
29.99 29 16.8 29.99 28.51 
42.99 51 49.99 50.29 49 
99 13.88 19 21.99 17.9 
51.8 49.99 51 54 69.99 
21 17 17.99 18.1 17.31 
28 34 31.7 28.99 26.74 
56.35 48.67 64.9 57 59.99 
47 44.77 49.99 86 55 
38.61 42 44.28 40.89 39.99 
13.6 13 12.15 13.99 17.64 
119.9 47 51 48.94 54 
121.77 124.99 129 139.99 121 
26.99 31 25.22 24.69 49 
54.98 54.9 59.99 49.99 49.9 
49 46.3 53.8 44.9 47.01 
38.61 41 35 28.99 26.05 
9.9 31 28.74 34.99 28 
109.98 70.01 79.9 119 115 
30 34 30 28.91 29.99 
13.6 17 16 17.64 12.15 
34.99 34.99 34.99 39 31 
99.99 89 90.09 93 81.5 
24.19 29.99 29.99 26.5 23.99 
17 10.39 17 18 11.54 
13.78 69.99 79.99 47 52.45 
16 16 14.99 13.28 6.53 
29 79.99 29.9 26 25.9 
54.91 54.9 44.99 43.56 69.98 
53 54 51 62.9 111 
44 39.69 44 49.9 49 
26.01 25.24 29.03 29 30.84 
76.4 70 69.99 60 56 
34.18 29 34.18 13.35 31 
51.06 48.98 41.86 59 54 
50 54.98 54.99 49 48.5 
61 65.9 62.91 55.95 59 
103 133.99 95.91 110 99.63 
79.99 79.99 79.99 67 58 
109 124.67 80.77 119 138 
18.9 15.99 12.15 13.6 18 
26.05 34.18 20 39 17.9 
17 16.9 17.9 9.99 15.6 
49 34.99 34 29.99 34.99 
79 81 99 77.2 89 
59.98 120.86 49.99 97 49.99 
34 24.59 28 26 29.43 
30.9 26.4 32.99 24.99 27.17 
34.18 45 34.18 29.99 42.99 
52.45 16.9 79.99 30 69.99 
101.5 105.93 59 101.97 109 
76.05 39.9 73 73 49.99 
78.74 59.9 66.43 75 84.9 
16.99 55 17 14.74 16.9 
19 17 15.67 22.03 29 
19 17 13.13 47 19.9 
49.89 46 49 53.8 49 
59.9 59.99 46.99 46.12 44 
43 42 38 34 44.5 
52.32 109 59.99 59.99 54 
129.9 117.99 114.02 123.39 107.49 
17.9 16.9 13.53 17 19 
25.39 29 32.9 28.34 30 
69.6 74.93 73 78.99 72.52 
56.05 51 29.13 34 19 
20 18 16.9 19.99 18 
49.47 54 53.99 46.99 45 
35 34.18 34.18 28.71 39.17 
26 31.7 26.29 26.9 26 
17.9 16 15.04 19 13.65 
4.99 33.49 7.33 4.99 7.95 
9.45 16.9 17 9.99 13.53 
39 51 46.6 49 32.7 
26.5 29 29.99 31 28 
34.99 56.34 34.99 34 59.99 
55 47.89 39 49.99 51.6 
33.9 19 19.99 14.99 9.9 
45 45 46.11 46.11 47.01 
47 19 15.04 20.52 18 
59.99 29 29 26.46 65 
59 39.9 59.99 55.99 59.99 
121.77 124.99 110.7 121 139.99 
26 35.99 27.72 28.99 29.99 
51.44 51 51.54 48.31 64.99 
79 49.48 84.87 84.87 69.99 
47.01 49.74 59.9 56.99 49.99 
82.93 99.9 81 82.93 85 
133 122.99 119.31 123 139.9 
179 229.99 189.99 219 209.9 
31 29.99 28.9 28.5 26.5 
110.7 106.3 129 116 129 
113.53 103.94 119.02 119 119.99 
153 99 118 106.32 106.17 
20 15.55 9.99 9.99 9.99 
56 61.29 43 56 48.31 
44 44.99 51 44 52 
14.69 22.25 18 19 17 
79.99 55.61 48.31 55.61 59 
15.04 15 14.11 38 21.99 
18 13 21 13 14.97 19.9 13 15 15 24.9 30 26 12 12 25 19 20 22 19.9 25 19.99 15.99 13 17 17.9 29 21 30 17 29 17.9 30 30 18 20 30 19 17.9 20.99 13 19.99 15 18 13 30 21 24.9 14.97 15 30 19 26 21 18 20 30 18 19.9 30 35 19.9 30 15 30 24.9 26 21 19.99 14.97 25 26 15 20.99 15.99 19 19.9 24.9 19.99 25 14.97 17.9 13.9 17.9 19.99 24 21 19.99 35 9.95 22 17 24.9 19 30 21 15 9.99 13.9 15 30 35 15 30 20 30 15 21 29 14.97 17.9 29 19.99 19.9 21 21 16 17.9 21 29 18 14.97 17 30 15 19.99 19 19 15 30 19 15 14.97 15.99 17.9 20.99 21 17.9 17.9 19.9 17.9 12 24.9 17.9 15 29 19.99 15 15 30 26 13 14.97 30 30 17.9 25 24 15 15 14.97 21 19 21 19.99 13 30 13 17 18 13 21 19 19 20.99 14.97 30 22 35 18 21 11 17 15 20.99 14.97 25 15 19 14.97 30 28 19.9 30 11 17 22 9.95 15 15 25 19 23 35 18 29 19 17 13.9 13.9 19.9 29 30 15.99 19.99 20.99 14.97 26 14.97 19.99 13 30 19.99 18 21 17.9 30 14.97 13 25 24 13 25 30 35 9.99 19.99 17 13 25 15 
