5 240
36.9 34 29 30.69 34.99 
49.9 39.68 59.9 45.4 44.9 
28.91 27.87 30.51 34 79 
52 40.92 50 46.9 49.89 
42.99 46.3 46.3 49.47 53.8 
65.82 52.47 65 63 47.36 
13.9 20 33.62 12.67 12.87 
54.9 47.01 54 59 50.76 
52 19.99 44.9 44.7 59.99 
149 149 179.99 179.9 149.9 
19.99 18 22.25 16.9 16.9 
13.95 14.89 13.74 15 18 
57.01 52.47 46.16 54.9 49.99 
104.55 84.99 99.9 92 90.78 
18.45 15 10.39 39.99 18.99 
65 61 61.5 61.38 64.08 
34.99 25.74 24.93 39.99 29.9 
43 69.99 29 30 28.71 
20.76 18 22.25 39.99 10.39 
69.99 63 65 73.9 64.46 
18.9 18 14.99 13 13.6 
13.5 39.99 18.99 19 15 
18.1 15.19 16 17.31 21 
79 77.09 69.99 79.95 79 
34.99 28 26 29 29.9 
43.45 43.45 49 49 52 
49.89 46.3 46.3 52 46.3 
59.99 45.82 45.82 60 76.4 
29.99 30 29 39.99 28.91 
16.84 13.28 12.58 19.9 18.05 
29.9 26.5 25.22 26 25.22 
32.99 34.99 10.43 19.99 34.99 
19.99 19.99 47 61.5 40.89 
26.99 27 29 30 28.34 
13.28 13.6 16 17.64 18.9 
89 109 119 104.99 109 
57 51.54 54 59 56.05 
59 57 58.53 61 58 
119 108 79 89 79.9 
75.99 39 59.9 118.5 55.44 
88.5 56.05 66.99 49.99 57.27 
41.99 59.99 35 48 29 
69.99 79.99 73 69 73 
79.9 77 80.71 81 80.71 
29.99 34.99 24.75 28.9 34 
34.9 19 35.5 29.13 29.13 
45 39.69 41.99 52 47 
38.99 39.45 53 34.99 34.97 
121.17 122.99 139.99 119.99 128 
81 91 81 99.99 76.99 
78.35 75.99 89.98 85.19 87 
128 123 116.77 122.99 116.77 
54 54 55.99 49.08 52.47 
28.5 28.9 27.86 28.3 26.14 
87 90.09 88.9 100 99.99 
48 49.99 50.29 49.99 52 
113.65 60.22 55.37 89 89 
49.07 49.9 59 54.5 59.9 
45.04 49 49.99 49 52 
69.9 44 41 17.99 36.8 
49.89 39 49.99 55 44 
59 60 62.52 58.43 58 
49 28.8 69.99 39.9 49.99 
119.62 149 19 39 119 
29 49 52 49 55 
19 17 16.75 14.74 18 
79 73.9 59.99 77.99 89 
49.9 45.73 52.66 39 54.99 
44.99 55 57 55 59 
15 10.39 18 14.49 20.76 
15.67 32 19 34.06 17 
13 19.9 18 11.69 11.54 
25.22 31 29.9 29.9 26 
18.45 22.25 20.76 15 17 
25 24.33 30 29.13 31.9 
57 69.9 59 59 55.61 
69 69.99 59.99 70 45.82 
36.78 39.99 44.5 49.99 24.75 
53 56.05 49.08 49.08 40.18 
24.33 29.13 69.9 25 69.9 
15 19 18 19.99 18 
20 18 14.7 17 17 
47 42.99 47 49 35 
41.04 41.5 56.99 44.99 49 
31 18 34.18 29.9 28.71 
55 39.9 59.99 59.99 53 
13 13.6 13.99 18.9 7.9 
14.99 16 18.9 17.64 13.28 
48.99 53.57 55.02 55 63.5 
29 26.9 29 30 29.99 
44 52 49 53.8 44.22 
52.32 54 51 51 57 
46.3 42.99 46.3 49 34.9 
12.15 6.53 4.7 6.01 13.28 
44.28 34.8 35 39 16.53 
51 75.9 54.9 75.65 73 
49.9 69.99 79 59.8 74 
19 13.88 17.9 18 21.99 
89 119.99 94.99 138 83.69 
75.88 80.71 79.9 77 81 
64.08 61 55.95 65 61 
55.9 52.49 49.08 51 59.99 
45 86 49.99 44.77 45 
25 29.99 34.99 7.69 9.9 
54.99 55 43.45 49.9 44.22 
79.99 11.9 26.31 29.9 25.9 
55.99 48.31 57.84 61.29 43 
28.22 29 27 34.99 27 
29.9 32 31.68 38.9 30.2 
35 46.89 41.99 59.99 40.92 
17.64 12.15 13.6 13.99 16 
28 26.99 31.7 26 29 
41.34 59.99 69.99 48 45 
28.71 37.9 44.28 35 39 
52.93 44.22 50 49.89 55.99 
52 56 49 29 27.7 
15 15.32 9.99 16.8 20.76 
20.67 22.76 34 24.99 29.99 
114 115 106.3 124.99 110.7 
23.94 29.9 25 69.9 22.49 
17.64 13.27 13 12.15 13.28 
11.69 18.45 16 17 15 
72.01 82.93 70.87 84.99 84.9 
33.66 33.46 61.91 69 61.54 
19 14.34 15 19 14.1 
26.99 26.91 26.99 29.99 24.33 
59.99 69 77 52.46 54.99 
11.12 28.49 59.99 34.99 11.03 
52 49 44.99 49 49.99 
78 119.99 69.9 124 64.9 
61.49 62.35 55.35 55 61 
109 103.98 97 119.99 98.06 
27 43 28.04 29.99 30 
29.99 20.67 34 26.5 25 
74.99 119.62 129 129 116 
15.59 19 16.75 39 15.67 
24.99 24.79 25 33.95 32.98 
66.55 117.05 86 79 70.02 
115 102.76 109.99 119.99 111.71 
27 26.08 30 86 29 
53.74 59.2 64 57.81 64 
39 57 33.47 29.99 53 
50.11 56.99 47.52 47.12 44.12 
69.9 119.99 64.9 69.99 65 
29 38 38 38 36.78 
24.99 69.9 43 40.77 43 
19.9 12.58 16 13 15 
51.36 63 84.68 72 65.82 
34 43 30.51 39.99 32.99 
51.54 48.31 52.32 54 51 
66.43 66.43 68 59.9 62.85 
89 76.99 79.9 69 75 
32 70 69.8 69.8 61 
105 109 102.66 104.89 129 
59 55.99 79.99 54.33 58 
17 17.31 15.19 17.99 14.99 
22.25 18.45 19.99 25.9 20 
90.82 79 89.99 93.5 99 
56 51 66.99 79 73.9 
49.47 55 49.99 49.89 49 
86 91.02 59.01 109 87 
28.74 28.74 30 26.64 34.99 
10.39 15 20.76 19 19 
11.9 27.05 24.79 25.9 29 
9.9 22.57 29.9 22.77 4.99 
103.32 125.24 99.9 98 95 
61.01 45.82 69 44.11 59.99 
22.57 18 18 34.18 20 
109 104.89 119.99 129 109 
89 93 88.9 78.99 94.9 
51 29 52 49 44.99 
51 51 39.45 40.18 55.99 
49 52.47 59.99 54 46.16 
19.99 18 15.59 16.63 14.74 
16.9 19 14.79 17 18 
79 119.99 89.99 99.99 100 
34.99 34.99 27.68 29.99 24.69 
122.99 123 113.78 122.81 116.87 
50.5 48 51 48.89 49 
60.07 54.5 39 58 54.49 
60.22 113.65 91.02 122 55.37 
48.31 57 49.48 51.99 88.5 
20.78 16.99 24.99 25 22.25 
112.99 109.99 117.5 99 119 
22 22.68 26.5 20.67 25 
19.99 19.9 17 30 39 
9.99 16.04 29.99 25 33.95 
25 14.34 23 24.99 25 
103.99 100 95 98.39 129 
49.99 54 54.9 45.76 55 
59.99 49 39 50.76 46.99 
51 69.9 51 64.99 48.31 
17 18.09 19.99 17.32 17 
34.18 39.9 48.9 20 39 
36.78 37.5 34.76 36.99 40 
44.5 34 43.84 78.72 42.42 
282 269 281 279 257.44 
44.77 49.2 84.99 43.05 43.99 
98.9 99.5 127 104 99 
60.53 61 56 55.61 79 
49.47 32.5 43.45 32.7 39 
32 32 29.9 38.9 29.9 
27.37 24.81 28.04 34.99 29.99 
69.99 63 14.99 62.99 62.99 
79 30 28.91 30 28.91 
34.5 26 19.99 22.03 18.49 
49 53.99 49 49.31 50.76 
47.89 44.72 52.56 51.6 53 
46.9 43 41.59 45 40.5 
59.99 58 59 58 61 
49 49.89 29 27.5 27.7 
17 16 21 18.1 19 
119 184 119.9 131 124 
11.6 13.28 16 16.84 12.88 
41 42 41 29 39.34 
128 140.99 119.98 109 76.79 
55.97 62.52 69.9 62.9 58.99 
12.99 16 16 18.05 16.84 
31 27.56 31.9 28.71 29 
28.67 30.67 31 24.99 29.9 
99.9 58 69 62 41.72 
145 159.99 139.35 146 149.99 
29.9 11.9 5.94 79.99 24.79 
23.23 29.58 35 34.18 18 
109 114.12 99.9 95 230.01 
42.99 44 47.01 29 45.29 
47.5 46 51 49 42.99 
18 14.52 15 22.25 19.99 
7 35.5 27 29 29.13 
18.99 19 18.45 14.89 13.88 
35 29 34.99 25.22 26 
54 39.99 34.63 35.9 51 
17 16.9 14.93 19.99 20 
30 31.88 27.29 27 49 
25.22 35.99 29 25.78 26.29 
29.99 34.99 49 32 30 
35.9 34.99 4.99 4.99 20 
29.99 26.74 34.99 26 26.29 
35 39.9 34.18 28.71 34.18 
119 79.99 109 175.89 97.14 
19.99 35 19.9 17.9 20.99 21 14.97 19.99 14.97 29 29 17 26 19.9 20.99 22 14.97 17.9 35 20.99 17 19 19 9.99 15 19 9.99 15 20 21 13 13 14.97 19 15 19 18 17.9 13 14.97 22 17.9 17.9 17.9 19 19 14.97 15 15 17.9 24.9 25 19 19.9 20 18 30 14.97 17.9 25 149.99 17.9 12 30 19.9 30 17 30 30 15 20.99 29 17.9 19 30 20 26 12 17.9 25 15.99 29 149.99 26 30 12 17 14.97 13 19 13 25 149.99 30 24.9 15 19 24.9 29 19 15 25 19.99 24 19.99 21 21 18 17.9 18 30 21 15 13.9 9.99 15 17.9 13.9 14.97 15 17 20 14.97 24.9 30 30 30 14.97 18 19.9 149.99 20.99 26 21 30 20 14.97 29 9.99 17.9 17.9 25 25 24.9 13 21 15 15 9.95 19 30 19.99 18 19.99 19.9 14.97 19.9 15 19.99 30 19.99 20 19 20 14.97 20.99 24.9 20 12 18 15 17.9 30 18 35 14.97 14.97 22 30 25 20.99 22 30 29 17.9 28 14.97 14.97 20 21 19 14.97 30 30 20 29 19 20.99 15 24.9 149.99 13 18 19.99 19.9 13 15 15 9.95 30 24.9 15 21 30 17.9 12 20.99 35 19.99 13.9 20.99 19.99 18 15 19 18 26 25 19 19.9 25 19.99 29 21 20 20.99 21 25 25 25 
