5 400
88.9 81.5 119.99 99.99 99.99 
32.37 9.99 9.9 9.9 36.5 
22.03 17 26 17 18 
119 119.99 129.99 111.71 119.99 
11.54 13.35 17 18 11.69 
45.99 48 49.89 45.57 52 
47.19 49 40.16 46 48 
19 39 35 17 16.3 
89 89.99 81.5 55.42 59.9 
20 18 19.99 22.99 25 
49.08 54 51 49.08 51.54 
20.76 22.25 19 18 18.45 
67.31 49.9 129.99 58.95 39 
46.99 49 46 44.65 44.99 
59.99 59.99 52.93 52.93 49.47 
15 11.54 20.52 14.12 21.99 
22.68 24.11 24.11 29.99 29.99 
15 69.99 17 19.99 19 
68.29 66.83 65 59.99 68.9 
124.99 116 115 121.77 112.9 
30 34.99 29.99 34.99 22.95 
17 17 17.9 19 14.93 
58 79.99 62 67 58.84 
9.99 11.46 9.99 18.99 11 
53.8 52 44.22 49 43.45 
16 20.52 17.9 86 21.99 
61.49 59 59.31 61 62.35 
9.99 9.9 9.9 34.44 9.99 
22.25 18.99 13 15 13.29 
18.99 14.34 39.99 15 11.69 
159 84.99 73 80 73.42 
30 29 24.69 26 29 
92.56 99.98 99.99 85 89 
43 43.01 69.99 40.17 49.99 
79.99 60.39 43 59 69.99 
104.72 52.44 98 124 94.96 
31 28 31.56 29.99 30 
19 15 20.76 13.89 14.1 
29.99 29.99 23.36 29.99 28 
14.59 18 15.99 17.9 19.99 
59.99 59.9 59.99 54.99 52.79 
47 44.99 39.69 45 44.99 
31 27.76 31.6 36.9 27.76 
125.24 108 99.9 109 109.99 
29.9 30 32 33.45 33.45 
18.1 15.18 21 17.31 19 
18.49 16.63 19.99 14.74 19 
21.99 16 44.9 15.04 14.11 
69.9 57 104.94 59.99 48.67 
125.28 119.99 139.99 116.93 123 
29 34.99 24.69 26 31 
39 16.3 19 18 19.99 
119 59 99.99 109 64.99 
25 20.47 29.99 29.9 21.93 
123 119 124 118.36 119 
27.86 59.99 34.99 29.99 35 
139.99 112.9 129 106.3 115 
179.99 99 98.01 99.9 98.02 
10.39 22.25 15 20 20.76 
15 14.99 19 24.9 17 
19.99 15.73 15.67 33.9 17 
53 51 61 48.31 54 
52.32 54 52.47 59.99 51.54 
22 24 19.49 20.67 29.99 
18 20.52 16 14.26 17 
49.9 49.08 53.9 124 51 
46.77 59.99 45 52 53.61 
82 81 79 87 75.99 
33.9 23.76 14.99 19 26.9 
25.49 33.95 24.79 36.5 24.99 
99.63 119 99.63 106.52 104.61 
47.19 44.55 49 46 48 
25.9 26 79.99 28 29 
28.3 26.14 29.99 29.99 29.99 
16 14.99 13.28 18.9 12.15 
26 26 29 29.9 26.74 
45 48 54 43.05 49.99 
18 20.76 22.25 14.49 18 
63 31.99 69 29.13 43 
139 107.5 114.91 111 109 
83.98 89 92.9 99.9 108 
44.98 49.07 49.07 59 43.98 
80.71 82 99.99 87 52.9 
90.66 99 100 104.99 99 
49.47 53 55.99 54.08 54 
79.99 51.54 64.99 69.9 56.05 
82 99.99 73.7 91 108.5 
28 26 32.5 26.74 26 
89.99 32.9 29.15 94.32 26.31 
110 99.63 99.63 115 133.99 
49 54.98 54 59.99 55 
79 44.9 56.99 41.04 44.9 
55 49 27.5 52 29 
22.25 14.34 15 18 18 
49 49.99 45 49.89 40.99 
18 17 19 17.9 15 
209 219 206.5 237 220 
50.5 43 48.89 48 53.8 
65 102.34 59.99 69.99 56.35 
49 53 45 46.99 52.93 
13.6 16 17.64 17 18 
46 46.3 51 34.9 45.46 
49 52 44.22 45 54 
18.1 16 18.1 17.31 19 
19.9 11.99 13.6 12.58 13 
29 45 47 45.9 52 
13 18.9 13.28 14.99 16 
26 35 26 26.97 29 
75.65 70.99 79.99 73.06 78.07 
35.32 29 17.99 41 49.99 
46.11 49 49.47 29 49.99 
26.5 29.99 31.63 29.99 33.95 
45.69 79 84.87 48.06 49.48 
53.83 65 102.34 69.9 69.99 
78.98 87.48 69 129 89.9 
24.62 28.58 29.99 28.58 34 
24.67 26 28 28 26 
18.91 19 19.99 18 16.8 
77 47.52 47.12 48 56.99 
43 47 86 44 43 
34 15.75 38.82 14.18 16 
69.99 117.13 86 89 87 
25 25 29.99 22 24.99 
59.13 57.21 52.56 56 54 
89 119.99 96.95 109 110.16 
38.99 17.98 16.53 34.18 34.9 
25.9 29.99 27.05 25.9 29 
30 25.22 26.29 29.99 29.99 
122.07 122.5 119.8 122.5 119 
89 119 119.99 119.99 128 
54 49.47 43.49 47 43 
97 99.99 87 89 100 
33.45 37.99 30 29.99 25.31 
51 48.31 58 77 59.99 
29.9 38.9 31.68 32 30.41 
28.71 28.22 27 26.06 31 
39 36.5 32.67 17.9 31 
49.89 59.99 46.99 53 44.22 
49.99 54 59.99 46.16 54.98 
99.5 116 84.79 89.99 106.71 
19 17 13 13.6 7.9 
22 42.99 39.9 26.05 20 
45.69 84.87 79 69.99 47.74 
101.99 119 119 175.89 79.99 
62 34 29.99 29.99 33.9 
29 22.15 17.99 42.93 39.99 
65 34.99 31.98 33.15 33.15 
31 27 34.99 26.06 24.67 
90 69 92.56 78.35 99.99 
69.99 38 142 39.51 34.38 
54.44 59.9 55.44 75.99 49.99 
13.53 20.76 18.45 19.99 10.63 
49.89 53.8 47.01 45.57 52 
16.9 22.25 20 16.9 18 
39 45 39.54 31.1 45 
19.99 32 16.75 19 22.03 
19.99 24.99 16.9 16.49 20.76 
29.9 28 31.7 25.22 26 
26.46 26 59.99 26 24.75 
76.4 44.99 70 69 56 
30.77 29.13 51 34.99 27 
22.25 20.76 18 15 18.45 
106.17 114.99 65 119.9 108.92 
59 50.43 51.48 61.49 62.35 
18 18 20 14.74 35 
56 46 32 49.99 42 
47 19 15.04 17.9 14.1 
17 14.74 18.49 18 19.99 
15 17.9 49.9 19.9 47 
99 83.43 99.99 93 39 
55 49 46.6 44.22 54.99 
30 29.9 33 33.45 32 
86 95 89.9 79 69 
20 25 7.69 9.9 34.99 
36.5 18 34.18 38.99 22 
15.32 18.5 30 34.32 29 
54.99 46.36 39 49.99 53.06 
47.01 48.5 41.99 57 52.93 
25.9 26 31.56 29.99 28 
11.54 19.99 21 19 19.99 
29.9 65 26.9 23.63 24.04 
35.67 34 25 24.99 24.79 
105.37 142 69.9 94 79.99 
19.9 16 13.6 13.28 18 
54.99 55.45 89.9 56.99 59.9 
44 42.19 47 42.99 49 
79.99 19 79 34.63 51.54 
59.9 54.9 53 59.99 49 
50 54 46.36 59.99 50.7 
94.96 124 94.96 60.28 98 
44.22 47 49.47 55 49.89 
26 18 19 14.74 18 
9.99 28.78 34.44 9.99 9.9 
26.29 26 31.56 31 29.99 
53.8 52 43.37 47.01 55 
55.97 59 54.5 58.84 69.9 
93 99.99 97 99.99 88.9 
26 26 34.99 34 34.99 
59 65.99 59.9 49 49.97 
35.5 31.9 26.91 31.5 9.99 
35 24.59 24.36 26 27 
29.99 31.7 24.69 30 25.22 
18 19 19 20.76 18.45 
14.9 56 8.8 26.91 34.99 
9.99 15.55 9.99 9.99 89.99 
29.99 34 29 27.87 39.99 
104.99 149.99 107 79.9 89 
22.15 38 29 38 38 
16.35 16 18 35.99 18 
55 114 44.99 57.9 57.27 
19.99 11.69 19 21 19.99 
14.89 15 19 27.99 19 
18.89 15 18 18 14.34 
30 28 24.69 26 31 
86.35 93.44 77.95 69.9 86.07 
8 9.78 69.9 37.99 43.9 
18.45 14.52 19.99 19.99 18 
49 47 49 44.98 51 
34.99 24.04 23.63 56.43 30.71 
86 117.13 94.99 92 113.65 
39.99 32 34.99 33.49 29.99 
28 29.99 30 27.05 24.33 
31 26.89 28.35 34.99 34.99 
89 119 109 80.77 76.79 
55.99 59 67 59 54.99 
72.74 79 77.16 77 77 
6.08 4.7 11.99 16 16 
20 16.8 17.98 22 26 
154.31 140 179 135 154 
31 39.9 39.9 36.51 38.1 
44.9 39.68 45 59.9 49 
14.99 18.9 13.6 14.99 16 
12.15 19 13.28 17 13 
23 18 15 17.79 19.9 
59.99 52 52.93 52.93 52 
27.86 26.14 35 34.99 77 
44.99 125 139 129.8 129 
33.45 30.75 33 33.45 27.4 
46.3 49 47.01 51 49.47 
12.48 20 6.99 12.67 9.99 
122 106.3 129 129 110.7 
17 19 16 15 14.99 
49.47 52 34.9 44.22 46 
18.9 13.6 12.15 13 18 
54.5 43.84 49 78.72 42.42 
56.05 51 43 64.99 57 
59 59.99 52.49 49 59 
13.95 15 14.99 22.25 19 
54.08 54.9 79 50.76 47.01 
40.76 39.24 38.58 48.9 45 
75 59.9 67.9 62.85 64.9 
75.65 77 89.9 108 99.99 
67.5 79.99 73.06 79 79 
60.3 79 57 69.9 69.9 
49.89 47 52 49 39.99 
5.07 9.99 34 9.99 12.86 
19.99 13.78 29 30 17 
19 19.99 11.69 24.9 13.88 
34.99 34.99 30 24.99 22.95 
115 70.01 119 86 74.99 
49.08 51 35.9 51 54 
51 42.99 44.99 47.01 49.47 
11.99 16 16 18.9 13.28 
95.91 110 103 108 102.09 
15 20.76 11.54 17 15.03 
59 61 54.74 52.47 69.9 
46 86 43.6 38.58 59 
50.06 54.08 49.47 49 54 
119 65 106.22 109.8 114.84 
28.71 29 32.41 109 25.39 
26.31 29.63 28.51 32.9 89.99 
4.99 19.99 34.99 20 35.9 
31.9 69.9 30 23.94 22.49 
22 29.99 24.99 22 21.9 
22.25 11.69 19.9 73 10.39 
15 39 15.99 15 19.99 
108 64.18 43.35 44.99 69 
49.08 51 51 55.99 52.47 
49.47 55.99 50.76 77 54.08 
29.99 34 28 19 28.16 
19.99 16.02 18.45 22.25 17.82 
16 17.64 19.99 13.28 14.99 
22.57 16.8 16.8 39.9 19 
55.99 40.18 59.99 34.97 51 
114 108 103.98 99.04 95.68 
54 57 51 51 49.08 
47.8 54 50 57.01 55.99 
18 29 22 29.99 39.99 
58 69.99 69.9 60.3 57 
9.9 91 28 26.4 34 
17 33.99 17 18 24 
59.99 49 51 54 45.58 
20 32.9 22 22.57 19 
84.99 44.77 48 59 41.34 
17.64 12.15 18.9 13.6 16 
93.99 89 99.99 75 92.56 
69.99 69.9 9.99 36.6 46 
31 26 25.22 25.22 26 
55 59 59 65.99 49.97 
42.9 38.58 43.5 39 49.9 
98.72 120.86 69 97 49.99 
61.91 55.61 33.46 33.66 69 
87.36 89.99 99.9 80.71 87 
109.99 89 112.99 119 119.99 
41.5 49.9 56.99 44.9 49 
25.88 29.99 28.34 28.71 27 
29.98 46 35.67 33.3 32 
19 17.99 17 22.25 17.71 
116.87 116.77 122.99 122.81 113.78 
16 22.25 19.99 18.99 17 
51 119.9 49.84 54 43.74 
97.5 109 89 108.56 79 
52 49.99 52 42.99 47 
30.99 34.99 29.7 38.9 29.7 
31 28.71 26.05 36.5 39 
26 30 29.99 26 29 
43 63 57.9 64 62.99 
18.05 16 19.9 12.58 12 
35.9 15.67 20 19.99 17 
13.9 9.99 12.67 12.87 33.62 
49.9 29 59 45.85 40.99 
11.54 13.53 19 13.35 11.69 
55 54.98 58 52.66 58.99 
19 10.39 18 22.25 20 
19.9 12.58 13.28 16 18.05 
49 50 59.99 59 49 
90 94.99 137.99 119.9 128 
9.99 11.53 13.9 12.67 9.99 
17.64 4.7 14.99 16 16 
49.9 44.22 49 44.99 51 
45.85 42.99 59 47 44 
15 17.9 17.9 39 14.59 
24.69 25.22 26 29.9 28 
11.46 19.9 9.99 19 18.99 
26 31 26 35 25.22 
48.31 51.9 56.05 59 52.32 
54 38.61 57.84 51.54 54 
75.59 73 75.64 90 79 
33.9 17 19.99 19 16.77 
69.99 62.99 63 63 62.99 
43.98 34.18 39.9 39.54 40.59 
66.99 55.95 66.89 69 64.08 
24.79 26.31 11.9 29 26 
75.99 55.95 79.9 64.99 60.9 
55.61 89.99 51 78 74 
53.8 40.44 52 49.47 51 
62.57 60 58 59 59 
23.23 16.53 16.8 22.57 25.85 
35 9.99 36.5 28.78 9.9 
22.25 18.45 15 19.99 10.39 
13.6 17 10.39 17 16.74 
93.5 99 90.09 99.99 99.9 
30.27 33.45 36.5 33.45 27.4 
39.9 52.93 55.99 46.99 52.93 
26.99 29.9 24.69 19.99 20.79 
59 60.93 64.28 72.5 99.9 
54.33 58 58 55.97 58.43 
28.71 34.18 32.11 35 35.67 
15.66 15 19.9 17.79 19 
29.9 34.18 29.99 20 28.71 
55 48.31 51 54 56.05 
119 105 99.63 99.63 119 
31 5 16.8 29.99 20 
19.9 15 13 11.99 13.28 
24.33 25.22 29.99 26.74 26 
22.77 29.9 29.99 14.99 29.99 
52 40.92 47 52 49.47 
78 82 73 75.65 79.99 
39 27.68 30 25.57 31 
91 72.19 79 93.99 89.9 
34.99 63.5 35 31 35.67 
25 11.4 26.73 20.47 33.9 
48.5 53 49 54.99 47.01 
34 41 40 79 42.93 
17 11.69 15 13.8 11.54 
18 34.8 47.99 35 35 
42.9 42 49.99 34 40 
47.24 40.5 45 45 41.39 
31 28.35 27 34 31 
54.89 74 75.9 49.9 70.36 
22 24 22 22.94 28.99 
128.9 149 149.9 149 147 
16.9 42 14.72 17 18.45 
52 44.7 59.99 86 49.99 
27.21 26.94 24.75 34.99 29.9 
34.99 56.34 59.99 34.99 61.29 
109 29 25.88 34.99 28.71 
85 92.53 79 98 99 
15 14.99 13 17.64 18.9 
15 15 21.99 15.04 17.99 
44.22 49 59.99 39 39.99 
9.9 22.25 9.99 19 19.99 
28.3 26.5 29.99 26.14 28.5 
29.9 26.74 26.91 24.33 25.22 
27.99 34.99 29 41.21 34.99 
18 17.9 14.59 17.9 18.45 
54 59 53 45 39 
79.99 59 59 58.84 58 
59 60.3 57 69.9 69.99 
52 49 41.99 52 46.89 
19 14.97 26 20 13 19 30 22 25 19 24.9 13 9.95 19.9 19 20 21 24.9 15 18 14.97 24.9 30 24 17 15.99 25 14.97 15 20.99 25 25 26 13.9 9.99 15 19.99 30 21 15.99 25 19 17.9 19.99 15 30 15 19 29 30 15 17.9 30 25 9.99 19.99 25 14.97 13.9 14.97 17.9 18 22 19 15 22 25 19.99 14.97 19 21 30 24.9 29 15 17 20.99 15 17 21 26 13 149.99 9.99 19.9 21 35 24 29 18 25 20.99 19.99 24 25 29 26 19.99 12 12 19 20.99 26 17 19 18 9.99 22 9.95 20 20 20.99 15 30 30 19.99 17.9 19.9 30 17.9 19.99 25 19 25 23 30 21 13 15 25 26 9.95 30 21 25 18 29 19 19.99 26 14.97 17.9 30 15 29 24.9 15 19.9 30 35 24 22 149.99 25 12 20 14.97 17 19.99 15 19 20 149.99 29 30 14.97 29 13.9 14.97 21 9.95 20.99 30 14.97 17.9 29 30 15 25 24 18 14.97 15 19 30 17.9 14.97 19 15 20 22 25 29 19.99 15 20 19 17.9 20 21 30 14.97 13.9 24 30 30 21 13 14.97 19.99 24 30 30 30 29 14.97 15.99 25 29 25 13.9 18 14.97 26 13.9 20 35 13 19 15 29 30 21 15 15 13 12 13.9 17.9 14.97 30 19 18 15 20.99 19 13 17.9 13.9 20 24.9 20.99 25 30 18 24.9 24.9 20 24.9 21 19 18 35 14.97 25 17.9 29 30 18 17.9 30 19.9 35 22 17 9.99 25 30 30 13.9 14.97 15 18 15 14.97 18 25 15 19 30 9.99 19.9 25 20 17 29 24.9 22 9.95 19.99 30 19.9 30 13 13.9 24.9 30 25 19.9 13 13.9 14.97 12 24.9 24 20 26 20.99 35 14.97 19.99 35 30 15 15 17.9 30 13 15 24.9 30 13 17.9 13.9 22 22 22 29 17.9 30 12 9.95 17.9 29 19 20 18 18 15 30 17 25 13.9 13.9 30 20.99 22 19 15 18 12 30 17.9 30 30 29 24.9 15 17.9 19.9 30 20.99 26 19 13 17.9 17.9 19 9.99 30 13.9 11 13 19 19 15.99 21 25 19 13 24 15 30 30 19.99 19.9 17.9 12 21 12 