5 400
17 18.9 13.28 13.78 17.64 
74 75.64 79 74.98 65.99 
14.59 27.99 18 14.89 15 
81.5 89.99 93.13 88.9 87 
39.99 37.9 34.7 43.94 42.9 
139 74.99 89.9 71.34 75 
75 89.9 79 69.52 71.34 
49.9 47 47.01 48.18 59.9 
30 26 24.67 34.99 28.99 
61.18 25.39 61 79.99 71 
79.99 86.35 69.9 95.24 94 
113.16 114.02 122 110.7 121 
17.64 14.99 17 13 18.9 
108 43.56 69 64.18 44.99 
27 25.76 26.06 30 27.99 
51 39.6 48.31 56.05 62 
41.89 44 39 49.99 44.9 
17.9 34.18 20 35 17.9 
44.9 34.18 66.36 39 36.5 
42.99 49 29 49 43.79 
119.99 59.99 54 55.61 43 
19 15 18 15 17.9 
79.9 63.47 62.37 69.99 86 
29 48 47.5 43 50.5 
69.99 19.94 22.49 69.9 23.94 
69 88.5 86 67.35 67.36 
49 44.22 49.99 48 49.89 
89.99 15.55 9.99 10.49 9.99 
24 25 29.99 22.68 25 
46.99 39 77 49 49.89 
79.38 99.99 71.34 79 79 
99.99 88.9 79 89 99 
42.99 47.01 52 51 49.47 
128 119.99 123 135 119.31 
42.99 51 43.79 46.3 49 
31 35 36.5 20 35 
106.32 109.99 114.84 108.22 119 
34 10 71.5 7.71 14.9 
18 22.03 19 33.9 35 
122 84 140.99 83.69 123 
27.56 25.76 28.71 27.99 31 
43 47.5 51 55 49.47 
27.87 34 29.99 43 30 
119 194 122.39 98.9 99 
16 17.64 13.6 13 12.15 
44.99 47.5 49 52 46.3 
62.37 69.99 63.47 57 69.99 
46 49.99 45 42.89 44.16 
31.56 25.11 27.05 30 39 
139.99 118.38 124.99 113.16 139.99 
7 29 27 25.39 29.13 
114.84 109.8 108.92 119.99 119 
34.18 34.18 18 44.28 16.8 
39 55.99 99 79.99 58 
30.67 31 33.49 9.7 9.9 
25.57 26 26 26 28 
39 46.99 47.01 49 52.77 
47.03 47.88 49.99 45.9 49.98 
48.31 86.9 43 53 55 
59.8 61 61.54 69.99 67 
32.9 25.39 27 43 25.88 
39 16.8 19 23.23 26 
33 32.09 26.05 35.67 19.99 
29 52 47.01 44.99 55 
24.75 22.73 29.99 29.99 29.99 
10.39 16.02 20.76 22.25 18 
38 42.37 35.99 40 35.79 
52 49 51 46.9 49.99 
55.99 54 42.63 52.32 51 
14.91 14.9 26.91 34.99 34.99 
18.1 21 17 16 15.18 
55 48.89 54.08 55 54.99 
32.99 19.99 9.99 36.9 32.5 
21 14.99 18.1 17.99 16 
19.99 14.93 14.79 16.9 10.39 
33.9 16.77 18 17 16.3 
65 93.99 119.9 42.9 105 
81 59 108 99.99 75.99 
16.02 19 19 20 14.34 
19 11.69 19 19 18 
99 160.16 179 98.01 159 
59 51.48 44.22 55.99 59.31 
46.9 43.49 55 52 43 
108.08 107 114.91 109 96.95 
121.45 114 48.5 116.35 49.99 
19 22.25 18.09 17 14.3 
29.9 29.99 26.91 26 30 
14.34 18.45 22.25 73 19 
25 24.11 22 26.5 22.68 
13.15 11.81 12.3 12.99 39.9 
17 18 17 22.03 33.9 
24.99 16.02 22.25 19.99 15 
179.99 179 109.99 99.9 150 
33.47 47 52.47 53 51.99 
45.82 62 64.35 45.82 44.99 
59.99 64.35 79.99 49.99 57 
14.93 10.39 9.99 17 15.6 
18 19.99 16.9 19.68 22.25 
54 49.08 54 51 69.99 
13 15 15 19 11.54 
22 15.64 18.04 34 19.99 
39.99 28 26 26 26.91 
84.9 68 67 142 59.9 
52 47.28 56 49 55 
49.89 52.93 46.99 48.5 50 
19 14.34 10.39 20.76 13.89 
179.99 159.9 150 158.99 159 
14.9 35.5 7 29 34 
58 50 59.99 59 49 
35.5 28.99 30 25 29.13 
20.52 15 17 11.69 16 
23.39 23.94 22.49 69.9 29 
11.54 10.39 17 15 17 
64.9 119.99 69.9 124 55.9 
17 21.98 20.76 16.02 14.34 
19.99 22 9.99 19.9 34 
61.5 59.18 53.15 86 76.48 
51 44.15 49.47 29 51 
28 26 38 30 31 
49.89 55 49.47 49.99 47.01 
49 42.99 45.85 52 45 
93.69 99.9 62.17 269.99 97.5 
29 34 39.99 34.99 30.69 
29.9 30.19 32 32 29.9 
15 16.99 14.34 22.25 16.9 
34.18 31 34.18 66.36 42.9 
29.9 22.49 23.94 19.94 26.73 
22.99 30 24.81 31 29 
15.55 9.99 20 89.99 9.99 
52.93 39.9 42.57 55 49.31 
79 76.99 89 89.9 75 
14.99 18.99 18 16 19.99 
30.99 56 26 36 29 
54 48 53 44.12 47.12 
119.99 100 103 89 95 
49.99 15 51 15.04 39 
41.21 57.99 27.99 26 34 
49.9 47 59.9 54.5 49.07 
13.28 17 17.64 13 14.99 
59.99 49.99 51 43 45.85 
99 99 105 94 98.43 
29.9 26 29 32.99 28 
51.6 59 52.56 53 66.99 
49 52.93 49.47 59.99 47.01 
39.99 34 26.53 29.9 34.99 
34.9 30 27 24.33 28.99 
55.43 77.9 39.87 44.11 61.01 
89.99 81 87 93.69 108 
36.99 34.76 38.5 38.25 38 
34.99 34.99 16.9 59.99 19 
107 108 85 99.9 108.08 
14.99 17.64 6.01 16 4.7 
119 108 99.9 105 98 
54 119.9 53 49.84 51 
19 20 19.99 19.99 14.74 
54 56.05 48.31 55.44 53 
42.4 49.47 47.01 52 46 
45.66 69.99 69 142 38 
51 59 39 49 45.73 
44.87 49.98 44.99 48 48.9 
49 47.01 42.99 47.28 44.22 
31.7 25.57 29 24.67 25.22 
59 59 59 52.47 54 
19.99 20 14.74 20.76 22.25 
63 58 58 57 58 
9.99 16.02 19.68 20.76 14.34 
46 45.13 47 44.99 42.99 
34.99 29.9 26.94 69.9 24.75 
109 99.9 112 99.9 103.32 
119 117.99 129.99 121.07 123 
20.76 18.45 19 14.34 16.02 
14.34 19.68 14.52 19 20.76 
25.22 32.5 29 26.99 29 
73.35 85 49 99.99 70.87 
67 73.9 69 78 69.9 
30 28 27.68 39 28.99 
53 52.49 69.99 48.31 56.05 
56 53.85 59 59.99 62 
43 34.99 34.99 24.69 26.99 
51.54 56 52.47 54 51 
26 34.99 27.68 26.46 26 
69.9 59 60.07 60 54.5 
49.99 49.99 42.57 44 42.96 
54 51 51.9 57 52.47 
11.54 17 19.9 20.52 18.45 
53 59.99 51 59.99 49.08 
78.35 79.9 99.99 91 81 
75.74 82 79 74.42 77 
51 51 57 51.44 53 
85 118.39 107 97.5 119 
70.87 75.99 77 84.99 84 
35 47.99 18 34.8 34.18 
59 119 100.19 109 119.99 
66.9 97.5 62.17 93.69 62.37 
57.02 70.11 59.9 62.86 69.9 
28 29.9 26.9 27 23.63 
17 14.72 42 19.99 29.99 
15 21.99 16 15 44.9 
20 15.84 19.68 15 10.39 
25 20.67 22.76 29.99 34 
107 69 110.16 68.99 139 
48.5 45 58.18 43 37 
69.9 37.99 25 9.13 18.48 
69 27 29.13 61.18 61 
46.9 41.12 39.99 45.57 55 
47.01 55.99 53 44.22 54 
76.79 132.38 122 138 119 
29 31.7 26 26.91 26 
56.99 89 69.99 49 52.46 
84.68 52 65.82 52.47 47.36 
32.9 29.99 32.41 30 34.99 
34 35.5 32 32 31.68 
19.99 18 16.02 18 10.39 
46 43.67 45.9 21 44.99 
19.99 24 19 19 19.99 
43.95 52.93 49.47 39.99 49 
109.98 108 111 96.95 130.5 
52.66 54.99 49 58 49 
34.99 77 26.14 29.99 59.99 
32 67.47 63.33 61.01 61 
49.9 39 41.89 44 49.99 
53 45 57 87 49 
59.99 49.08 59.99 57 40.18 
58 59.99 54.99 49.99 52.46 
24.59 26.85 29.43 29 27.05 
20.76 18 13.47 39.99 14.34 
19.99 16 6.08 16 13 
59.99 58 50 59.9 44.22 
18.45 19 13 10.39 18.99 
55.61 69.9 59 54 48.31 
76.48 53.15 64 59.99 63.36 
19.9 17.64 13.6 13.27 12.15 
29 29 26 27.21 24.75 
54.99 50.76 49 59.99 39 
41.89 39.99 44.9 39 44 
26 30 38 31.7 31 
31 24.69 26.99 43 26.5 
10.58 54.99 19 10.63 22.25 
30 25.22 32.9 25.8 29 
18 19 28.71 32.9 39 
34 5.07 12.86 12.9 9.99 
51 54 51 52.32 53 
63.52 34 119 59 59 
47 44.77 45 49.2 45 
91 58.41 73.7 59 83.79 
59.99 56 69.99 54 57.84 
17.79 17.32 19.9 18 23 
43.74 119.9 56 49.84 51.99 
75.99 89.9 84 85 85 
67.91 74 74.93 72.42 74 
120.86 69 49.99 97 59.98 
45 43 54.99 42.89 48.67 
62.99 62.99 79.99 63 57.9 
29 32.99 34 30 30 
149.99 146.31 151.4 154 145 
44 49.99 40.5 40.5 49.99 
79.99 64.99 60 60 79.99 
128 122.99 119.31 129 121.17 
65 66.99 73.9 75.5 79.9 
99 119 99.63 119 108 
129 179 151.4 149.99 144 
16.02 21.98 19.99 19.99 18 
80 78.98 69 78.97 89.99 
31 28.99 25.22 25.78 29.99 
64.08 65.9 66.89 64.08 59 
17 16 17.64 13 19 
59 63.5 53.57 36.51 55 
44 46.99 47 42.19 42.19 
79 55.61 55.61 55.99 63.36 
149 149 149 149 149 
24 19.16 18.13 21.22 10.94 
13.28 18.9 11.99 16 13.6 
46.99 51 39 39.9 49.9 
99.99 79.9 99.99 99.98 89 
48 44.99 46.43 52 47.28 
11.12 73.5 59.99 28.49 34.99 
43.31 42.57 42 49.99 40.5 
69.99 77 55 57.9 55 
29 26.9 29 28 26 
59 62.57 43 54.99 60 
61.38 64.08 61 66.99 64.08 
77.95 59 55.35 63.36 64 
63.36 55.61 55.61 48.31 129 
34.99 29.99 49 26.9 27.37 
24.75 34.99 28 28.9 31 
26.5 29.99 29.99 24 29.99 
49.99 39 129.99 77 67.31 
19 18.45 15 11.69 19 
9.99 15.6 16.9 10.39 13.53 
55.97 77 59 69.9 54.5 
59.9 89.99 59.99 66 55.42 
52 55 47.5 47.01 46 
47.01 45 45 49 57 
30 24.33 31.9 9.99 29.99 
74 89.99 115 79.99 55.61 
58 58 54.33 59 69.98 
42.99 39.9 34.18 32.09 35 
56.05 79 51 57 51 
59 51.6 53 57.99 55 
12.15 18.9 12.99 19.9 16 
49.89 44 50.29 49.47 47 
43.45 49.9 44.22 59.99 32.7 
34.99 34.99 26 24.75 27.21 
20.48 27.99 33.9 26.73 29.9 
52 49.47 55 49 50.06 
49.08 51 50.8 53 55.44 
29 31 30 25.22 25.22 
119 74 84.5 75.65 119 
18.61 16.8 31 34.9 36.5 
41 35.51 34.9 35.67 14.99 
13.28 14.99 18.9 17 13.6 
59 55 52.64 59 55 
257.44 279 272 285 269.01 
29 26 29 28 26 
15.75 9.99 14.18 39 9.99 
10.58 10.39 17 18 18.45 
89 89.9 81 83.77 81 
39.99 27 29.13 7 40 
16 16.84 12.58 12.99 12.88 
20 16.53 34.18 18 44.28 
13.28 14.99 16 6.53 17.64 
43.45 49.47 49.99 48 53.8 
103 99.9 103.98 105.91 103 
79.99 117.77 108 117.77 109 
52 58 54.08 53.61 52.66 
44.22 42.99 46.3 44 49 
29.99 32 29.99 34 29.99 
146 154.99 148.9 147 159.99 
57.21 52.56 59.13 54 55 
33 28.71 34.18 35 35 
159.99 154.31 148 144.99 145 
129 109 97.14 119 109.99 
5.07 11.99 19.9 9.99 13.28 
19 17 19 24 32.99 
43.35 79.99 57.99 54.99 54.9 
55 44.77 47 69.99 45 
33.99 15.73 15.67 39 18 
88.5 59 56.05 79 51.99 
47.01 39 53 49 45 
56 44.99 49.47 47.5 48.47 
50.06 50 49 49 39.9 
43.67 41.99 44 46 43.32 
54.99 15.01 15 70.11 34 
90.09 99.99 89.99 97 87 
84.79 98.9 99 89.99 99.5 
13 14.99 14.99 13.6 12.58 
80.71 80.71 75.88 77 79.9 
29.99 7.69 25 34.99 6.94 
55.99 54.08 39 49 50 
59.9 48.18 47.01 41.98 43.98 
46.3 45.98 46 53.8 49 
18.49 14.74 33.9 18 15.67 
122.07 114 122.5 119.8 113.53 
40.59 34.99 20.47 12.08 29.99 
80.81 99.99 81 91 92.56 
49 52.93 57 52.93 47.01 
33.15 34.99 32.55 31 33.15 
43.49 29 109 52 49 
32 27.87 34 30.19 38.9 
99.99 79.9 119 129.99 116.53 
42 46 44.5 40 38.25 
59 29.13 66 32 63 
30.99 56.99 49.9 44.9 44.9 
55.02 36.51 48.99 59.9 59 
119 122.5 119.8 113.53 116 
87 89.99 79 81.5 93 
34.18 34.18 28.71 31 39.17 
129 89.99 78.98 69 80 
26 24.75 24.21 29 26 
15.04 18 14.26 18.45 21.99 
42.57 55 49 59.9 48.5 
15.67 35.9 37 20 22.03 
94 88 94 98.43 99 
25.22 31.7 30 24.33 28 
52 39.69 44.99 44 44.77 
22.49 34.9 25 23.39 69.9 
51.54 48.31 54 54 54 
56.99 59.99 60 89 89.9 
44.9 59.99 49.99 19.99 47.52 
34 29.13 51 30.77 29.13 
46.99 39 49 54.08 87 
117.13 109 91.02 59.01 87 
49 43 24.81 34.99 28.04 
24.99 25.52 28.71 27 35.67 
49.89 52 45.85 51 49.47 
59.99 59.99 57.01 49 45.76 
64.18 55.61 69 69.98 54.91 
75 94.9 79 99 80.78 
65.58 60.53 79 56 67.9 
69.99 31.99 79 67.9 29 
38.82 10.49 14.18 38 9.99 
28 31 33.81 63.5 26.57 
19.99 34.99 19 18.99 32.99 
4.99 24.9 34.99 14.91 26.91 
110.28 129.99 109 109 97.14 
19 16 20.52 99 17.9 
59 99 60 62.57 54.33 
59.9 99.99 93.99 69 91 
14.99 9.9 33.9 26.9 26.7 
15.75 9.99 16 9.99 38.82 
21 19.99 30 29 24.9 17.9 17.9 30 25 17 19.99 17.9 21 19 20 25 26 25 19 17 17.9 29 25 19.9 14.97 14.97 30 9.99 19.99 19.99 30 21 30 30 19.99 15 20 30 13 20 18 29 19.99 9.99 30 18 19.99 19.99 21 30 19 30 25 24 30 20.99 26 20 17 17.9 24.9 30 15 17 19 24 24.9 30 15 24 19 20.99 30 15 35 30 19 22 15 13 24.9 13.9 29 15 19.99 24.9 21 35 17.9 20 26 15 30 21 25 19.99 15.99 17 17.9 15.99 30 19.99 22 18 17 15.99 19.9 13 20.99 19 15 19 13.9 19.9 15 21 15 25 19.9 14.97 26 21 24.9 17 24.9 19.9 29 17.9 30 15 23 14.97 30 30 19.99 22 26 26 30 149.99 20 22 20.99 17 24.9 17.9 26 19 12 20.99 19 30 20 30 22 25 22 19 24.9 22 19.9 30 21 15 21 19.9 30 17.9 25 21 14.97 35 9.99 17 30 18 20 21 20.99 19 14.97 29 19.99 9.95 21 15 19 15 17.9 26 14.97 12 9.99 19.99 15 17.9 19.9 30 35 30 20.99 19.99 14.97 17.9 30 19.9 23 20 19.99 13 25 19 15 24.9 17.9 15 13 9.95 14.97 17.9 30 24.9 19 9.99 18 30 21 14.97 20.99 22 30 15 19 15 19.9 17.9 30 15.99 18 30 13 30 21 30 24 26 12 15 17 30 20.99 30 19.99 14.97 19.99 19 17.9 17.9 30 13.9 24 30 14.97 14.97 30 15 30 149.99 26 15 15 19 25 19 30 20.99 17 19.9 17 30 24.9 15 17.9 17 19 30 19.99 19.9 29 13 24.9 20 13.9 29 9.95 22 17 19 20.99 15 18 30 19 13 13 30 20 0 17.9 14.97 15 24.9 20 22 14.97 15.99 13.9 13.9 30 21 17 12 25 21 25 22 15 19.9 30 35 35 24.9 35 17.9 30 9.99 15 15 25 15 20.99 30 21 19.99 13 15 14.97 24 19 14.97 18 13.9 18 14.97 13.9 18 19.9 12 30 13 17.9 21 30 19 14.97 25 15.99 19 19.99 19 25 35 25 13 21 24.9 21 30 24.9 19 30 19.9 22 24.9 19 25 13 24.9 25 15 19.99 25 13 21 19.9 15.99 19 19.99 20.99 15 