5 400
26.9 26 23.63 59 29.9 
54.33 65 58 55.97 69.98 
40.69 36.9 39.99 42 43.94 
23.94 25 28.99 29.99 53 
29.99 43.99 34.99 42 38 
11.9 28 25.9 29 28 
49 49 49 42.57 49.31 
26 25.22 24.33 31 25.22 
17.64 13.6 13.28 13 16 
79 70.99 73 74 115 
11.54 13.53 15.8 17 13.35 
28 29.9 29.99 25.22 26 
22.25 20.76 18 16.9 16.99 
21.99 22.25 25 25 18 
29 27 29 109 48.5 
26 30 31.7 26 28 
15.67 22.03 18.49 16.75 20 
42.99 47.01 55 44.99 51 
67 79.99 58.84 79.99 59 
27 21 31 29.99 24.67 
45.13 47 44.65 47 46.99 
94.5 93.44 86.35 79.99 94 
79 69 99.99 79.9 59.9 
27.68 29.99 45 29.99 41.99 
73.19 49.9 70.36 51 48.31 
15 20.66 27.99 15 18 
9.99 34 22 15.65 19.99 
59 109 99.9 101.97 109 
18 15 18.45 16.9 22.25 
25.74 24.59 50 25.22 34.99 
59 66 58.6 59 29.13 
13 10 10.49 13.28 19.99 
27.84 36.9 27.76 31 32.9 
117 131.32 132.5 34 149 
59.8 48.31 49.9 75.65 73 
18 15.19 18.1 24.99 18.1 
42 43.05 41 48.9 45 
49.08 53.9 55 64 56.05 
34.99 32 19.9 39.99 19.9 
17.9 47 15 13.13 18 
68.99 78.24 51 78 89.99 
18 15 13.46 19.9 19 
13.15 14 39 27.99 12.99 
51 54 51 52.47 51.44 
18 19 19.99 19.99 18 
20 20.2 89.99 15.55 9.99 
49 40.29 46.11 47.01 53.8 
44.99 49 55 53.8 49 
58.18 119.99 37 29.99 37 
42.99 46.9 47.28 46 47.01 
148.99 159.9 179.99 149 149 
26.13 29.99 34.99 29.99 33.9 
47.89 53 51.38 59 66.99 
4.99 20 35.9 7.95 7.33 
122 76.99 90 80.77 123 
29.9 56.43 23.63 26 59 
39 39 18 18 34.18 
9.99 30 29.99 34 49 
49 73.35 78.26 81 82.93 
19 34.63 32.61 51.54 49.08 
33.49 34.99 59.9 34.99 9.9 
45.57 48.5 40.83 49.89 44.15 
49 48.5 59 59.99 49 
69.99 69.99 59 94.99 151 
27.05 29.99 26.85 34 29.99 
19.99 16.9 15 16.99 16.9 
80.71 80.71 87.36 83.77 72.19 
54.08 57 53.99 39.9 47.01 
55.99 56 51 56.05 51 
15 19 17 19.9 39 
17 14.59 18 19 19 
59.9 92.56 86 79 91 
46.99 49.9 59.99 59.99 44 
59.99 89 55.42 66 59.9 
34.99 9.99 11.69 21 19.99 
109.77 119 110 133.99 105 
32.99 34.99 18.99 36.9 19 
93.99 70.73 78.07 73.19 42.9 
17.64 6.01 14.99 4 13.28 
27 34.99 26.89 34.99 34.99 
115.99 184 132.38 129.99 131 
34.99 31 28 29.99 30 
52 51 47.28 47.28 56 
11.12 16.91 59.99 29.99 16.9 
45 43.05 44 48.9 40.76 
53 54.9 49.9 59 52.56 
29 5.94 79 27.05 26.31 
17 13.28 16 24 13.6 
20 18.45 15 17 18 
28.71 34.99 29 27 27.56 
38.25 39 41 34.76 18.49 
39.99 20.76 18 25.99 20 
79 97 81.5 99 93.13 
33.9 34 29.99 29.99 26.73 
9.99 9.99 12.9 5.07 9.24 
72.42 73 72.42 78 77.55 
37.99 69.9 25 36.63 8 
26 19.99 20 34.5 15.67 
34.99 28.74 30 26.74 26.64 
26.74 27.68 29 31.7 29.9 
93 92 84.99 79.39 99.9 
54 51 57 54 51 
49 46.3 42.99 40.92 52 
59 75.99 39.99 54.44 55.44 
16 17.64 9 17 14.99 
4.99 4.99 19.99 7.33 7.95 
19.9 14.06 49.99 14.06 16 
31 26 27.45 31.7 28.74 
16.02 16.49 16.9 18 24.99 
25.22 24 26 32.9 26 
105 73 75.65 110 65 
41.1 49.9 39.68 44.9 59.9 
18 17.64 16 14.99 12.58 
13.34 19.99 13.53 17 20.76 
110 102.09 119 99.63 115 
17.98 39 34.9 22 19 
26.19 59 56.43 23.63 26.9 
106.71 127 99 116 84.79 
36.5 66.36 42.9 34.18 34.18 
10.99 25 18.13 19.16 20.3 
101.99 109.99 79.99 119 104.89 
15.73 33.99 17 19.99 24 
26.05 18 34.18 42.99 39.9 
149 135 119.31 127.59 122.99 
49.9 55 54.99 46.99 54.08 
29.99 21.99 18.45 14.72 42 
31.56 26 31 24.79 29.9 
119.99 29.99 119 114 59 
13.28 17 16 17.64 13.99 
49.99 58.99 69.99 49.99 43.98 
19 19.99 47 39 19 
25 25.22 26 25.22 26 
5.84 14 48.5 56 4.99 
30 33 33.45 32 29.9 
26.91 34.99 26 26.74 25.22 
49 48.89 43 42.99 50.5 
58.74 64.08 55.95 66.99 61 
32 29.9 30 27.87 30.41 
62.99 43 62.99 69.99 69.99 
97.5 62.17 65 99.9 93.69 
26 34.99 34.99 26.5 25.22 
12.15 13.28 18.9 13 13.6 
12 13.99 16 16.84 18.05 
59.18 58 58 64 59.99 
34 64.99 119 59 34.99 
59.99 81.5 55.42 89 18 
50.76 55.99 39.9 54.08 44.22 
31 25.08 26.74 29 28.74 
27.99 20.47 26.73 11.4 29.9 
39.99 30 34 30 39.99 
42.99 34.99 52 53.8 21 
14.99 21 13.6 13 15 
148.9 149 146 149 179.99 
79.99 43 58 58 55.99 
65 34.99 59 26.9 23.63 
40.77 43 38.98 43 64 
34.99 26 24.67 28.99 26 
36.51 40.59 36.5 29.99 39 
55.61 78.24 54.89 73 79.99 
79 80.9 74.18 84.99 89.9 
17 19 19.68 10.39 17.32 
49.99 44 44.9 49 43 
119.99 109.98 109.99 79 70.02 
44.16 66.5 44.58 42.89 49.99 
1.99 71.5 6.94 10 39.99 
118.99 119 124 184 124.67 
26.5 29.99 22 34 29.99 
46.3 49.89 47 49.9 46.3 
29.99 22.95 28.9 31 29.99 
53 55 61.9 34 59 
43 31 28.98 63.5 32 
28.11 40 49.99 56 37.99 
26 26 39 28 25.22 
59 49.9 44.98 41.98 54.5 
61.5 58.74 61.38 61 59.13 
84.99 69.99 65.99 79.95 86 
49.89 52.93 59.99 46.99 39.9 
80.9 82.32 74.18 79 78.9 
14.99 18 16 17 13 
89.37 98.39 103.99 89 103 
49.99 42.99 49.9 45 49.89 
55.61 42.63 54 49.08 41.86 
89.9 99.98 68 59.9 86 
34.63 56.05 79.99 51 19 
9.99 32.37 9.99 19 35 
18.9 19 17 13.28 13 
75.47 76.3 75 74 89.9 
50.29 52 53.8 55 49.47 
16.77 19.99 14.74 19.99 33.9 
55.44 109 53.9 61.9 51 
69 54.99 43.35 62.99 108 
34.99 28 42.63 29 28 
60 34 48.31 55.44 69.99 
29.9 24.59 34.99 35 26.5 
129 129 149.99 119 129 
59.9 49.31 59.99 59.99 59.99 
79.38 88.5 73.8 74 99.99 
29.99 24.69 29.9 26 43 
27 29.99 24.02 28 22.73 
64.28 65 72.5 62 99.9 
34.99 29.99 34.99 26.91 31 
26.74 24.33 25.22 26 25 
9.99 22 19.9 34 15.65 
34 33.9 26.73 29.99 26.13 
25.52 36.5 28.71 26.4 27 
13.5 10.39 22.25 19 15 
14.89 14.89 16 14.59 17 
27 29 32.28 29 27.56 
59.99 52.93 50.76 49.89 52.93 
34.99 26.85 48.99 26 24.79 
30.63 33.3 32 28.98 34.99 
18 17 19.99 20 14.74 
38 18.49 36.78 40 38.5 
37 59 121.45 49.99 37 
10.39 20.76 16.02 16.9 15.84 
53.8 48 48.89 50.5 42.99 
32.9 21 39 49 46.11 
13.28 16 11.99 19.9 14.99 
65 64.08 58.74 67 61 
49.47 49 44.22 47.01 47.5 
59.99 52.99 60 69.99 69.99 
28.99 36.5 40.89 39.99 38.61 
51 49 47.01 49.47 46.3 
29.9 25 20.48 12.08 49.9 
34.99 29 25.22 26.74 30 
49.99 13 38.8 13.15 14 
22.25 19 20 11.69 15 
21 19.99 34.99 19.99 19 
43 32 33.3 35.67 39.99 
15 11.69 19.9 18.45 10.39 
26.8 34 30 34.99 27.56 
59.31 77 44.99 65.99 61 
34.99 20.79 26 19.79 25.22 
29.99 31.89 28.04 24.81 26.9 
129 129 74.99 116 119.99 
58 59.9 50 55.35 50 
44.9 18.99 19 11.69 49.9 
64.99 69.9 55.61 54 55.61 
57.01 49.99 52.47 49.9 54 
9.99 38.82 9.99 9.99 14.18 
24.99 25 26.5 24.99 22 
84 82.93 72.01 75.65 76 
10.39 18 17 19.99 11.69 
43 25.39 28.34 30 32.41 
52.49 51 48.31 54.69 34 
46 43 48 44.55 44.11 
47 44.22 48.89 47.01 51 
55 53.99 49.31 47.01 39 
42.37 34.76 38.99 40 34 
59.99 86 19.99 44.7 19.99 
29 46.43 49.99 48 49.89 
22 26.5 20.67 28.99 24 
47.01 44 29 48.89 49.99 
109.99 109.99 119 117.5 112.99 
55.99 63.36 79 51 59 
54.99 45.58 53.61 59.99 39 
13.28 16 12 16.84 12.99 
33 29.68 33 27.84 29 
33.66 55.61 61.54 39 43 
53.99 47.01 49 49 53 
79.9 79 69 93.99 79.99 
28.58 29.99 24.69 29.99 28 
54.9 73.19 73 75 78 
11.69 18.45 22.25 15 15 
17.9 18 14.1 15.21 13.88 
79 79.9 79 67.8 79.9 
54.9 59.99 54.98 50.76 45 
59.9 55.95 70.11 57.02 60.9 
54.5 59.9 45 44 44.9 
49.99 58.18 114 29.99 29.99 
28.49 32 12.51 10.47 10.43 
67.36 70 64.82 74.32 69 
29 43.79 49 46.3 44.99 
17.79 19.9 17 15 19.68 
100.19 101.97 59 105.93 119.99 
52.93 49 52.93 44.22 49.89 
14.93 18 14.79 20 17 
49 29 34 52 46.75 
22.03 17 39 17 19 
55 34 52 35 46.9 
49.9 59.99 45 54 54.9 
30 29.99 31.88 29 30 
16.02 15 16.99 14.34 20 
139.99 149 139 121.77 123 
36.9 29.99 53.43 29.99 48.76 
55.99 51 56.05 54 51.54 
19.94 59 31.56 23.94 51.22 
49 39 49 65 58.95 
99 104.99 98 98.43 94 
51.54 119.99 52.47 55.61 43 
28.58 28.58 26 34.99 29.99 
16.8 18.91 19 20 19.99 
41 35.79 34 42 49.99 
194 117.77 106.4 115 119 
17.64 13 15 19.9 21 
35.14 29.9 32 27.87 35.5 
38.25 38 17.99 22.15 44.5 
17.64 16 13.28 12.15 14.99 
65.99 59 49 58 44.22 
34.99 28 25.22 27.99 26 
24.33 25.22 28 29 26.91 
18.99 22.25 18 14.34 20.76 
45 49.47 44.87 29 49 
19.9 15 14.12 16 17 
15 14.34 16.99 18.45 18 
39 54.44 59.9 49.99 59 
16.02 22.25 17 14.34 15 
70.87 108 77 89.9 82.93 
51 54 51 62 49.08 
145 149 86 135 140 
84.9 66.33 119 67 64.89 
31 25.22 24.69 29.9 28 
61 51 54 57 56.05 
13.35 11.54 17 15.8 19 
46.9 42 43.05 49.99 43 
49.99 69.99 49.99 49.99 43.98 
59 42.98 43 55 46 
108 107.5 109.99 109 85 
64.9 23.94 27.05 25.9 31 
31 19.99 39.9 35 26.05 
109 99.9 95 99.9 114.12 
55 51 42.99 49 53.8 
24.75 69.9 24.21 34.99 26 
24.69 28 30 35 26.97 
54.74 61 58 69.99 57 
85.5 59.9 49 47.01 59.99 
30 31 29 25.22 26 
20 14.34 49.9 18.45 14.39 
39.9 49 52.93 46.99 44.22 
69.8 39.9 71.7 69.8 63.33 
54.5 59.9 49 41.1 44.9 
19.9 17 15.04 49.99 29 
118 110.7 129 122 129 
48 54 49.99 45 48 
89.99 28.51 26.31 32.9 94.32 
29 25 26 29.9 31.7 
86 20.52 21.99 14.1 17.9 
53 47.89 39 44.72 52.56 
18.45 22.25 16.9 19.99 15 
32.99 12.5 10.47 34.99 19.99 
19.99 19.99 16.02 15 22.25 
74 72.52 89 79 89 
20.76 19 17.9 10.39 19.99 
44 41.59 56 42.57 47.24 
34.99 16.9 28.49 16.91 29.99 
53 24.53 25 29 54 
25.22 26.74 26 29 29.99 
22.78 22 22 34 24.19 
15 16 15 17.99 14.11 
79 92 82.09 84.99 99 
39.9 54 55 49 39 
49 54.5 58.89 56.99 59.9 
89 124.67 131 137.99 94.99 
76.47 65 99.9 97.5 84.6 
15 15 14.89 18 24.9 
16.9 19.99 20.76 14.08 15 
121.77 139.99 129 115 112.9 
40.44 44.9 55 47 47.01 
20.76 22.25 18 19 14.34 
34.06 20 19 39 35.9 
29.99 31 24.79 24.59 29.99 
57 59.9 55.44 55 56.05 
43 66.99 73.9 49.08 69.99 
29 42.99 34.9 45.04 49.99 
10.39 22.25 15 20 14.39 
63.5 44.9 69 60 30.37 
30.75 25.31 33.45 36.5 33.45 
44 46.3 46.3 53.8 47.5 
111.71 109.8 108.92 119 106.17 
44 39.99 49.9 39 41.89 
13.28 11.99 12.15 18.95 18.9 
55.99 58 52.49 55 46.19 
47.01 49 52.93 53 52.93 
79.9 72.5 59 55.45 69.9 
15 125 15.41 9.99 18 
50 34 48 45.99 55 
67.9 69 55.61 56 61.52 
119 119 114.02 121.07 124 
24.99 24.99 24 24.99 20.67 
28.98 31 33.3 35 30.63 
17 18 19.99 15 19.68 
54.99 45 44.58 44.64 44.16 
17.64 13.28 15 14.99 16 
18.45 13.34 13.53 20.76 19.99 
32 30.27 25.31 27.52 29.9 
49 109 51 53.8 56 
14.39 14.34 39.99 18.45 18 
15.67 22.03 18.49 18 19.99 
149 149 154.99 179 146 
45 47 53.8 44.87 47.03 
129 119 125.42 107.49 117.99 
16.9 18.11 19.99 10.39 17 
79.99 62.57 65 54.33 57.75 
43.94 43 37.9 34.99 34.7 
62 54 54 52.59 48.55 
45 37.63 39 34.18 31 
50 49 46.36 49.99 55 
62.85 67 64.89 119 67 
69 14.99 62.99 69.99 63 
33 33.45 32 30 37.99 
25 19.99 30 24.9 13.9 17.9 15 17.9 30 25 30 30 35 30 30 19.9 19.9 19.9 19 19.99 30 19.99 22 19.99 15 30 14.97 24 17 13 15 21 17.9 14.97 9.99 30 30 22 13 9.99 19 24 29 17.9 20.99 14.97 19.99 25 30 9.95 19.9 19.99 29 14.97 149.99 18 22 9.99 30 19 20.99 19.9 20.99 19.9 19 13.9 9.95 26 21 30 19.9 19 17.9 30 30 21 9.99 17.9 15 19 23 25 17.9 21 19 17 18 14.97 15.99 19 26 13.9 15 13 30 30 30 26 22 25 18 9.95 17.9 13.9 35 30 22 17.9 29 25 19.99 13 15 21 30 29 15 26 15 15 25 26 15 19 19.9 30 9.99 15 35 30 28 21 20.99 13 22 18 30 18 14.97 19.99 9.95 19 30 19 25 19 19 25 15 17.9 17.9 12 13 20 25 23 30 24.9 16 29 30 20 14.97 15 21 18 20.99 25 19 21 19 18 17.9 25 15 18 19 20 19 30 18 15 19 17.9 14.97 35 13 30 20 17 21 20 12 17.9 19.9 19 13 21 14.97 13.9 19.9 25 13 14.97 14.97 19.99 29 25 25 19.9 35 13.9 24.9 26 13 30 24 15 19.99 15 19 12 35 30 30 25 17 14.97 19.9 15 19 15 9.95 25 20.99 22 24 20 30 13.9 19 17.9 30 22 17 20.99 18 30 22 19 19 20 19 9.99 30 149.99 20.99 19.9 26 26 26 17.9 18 14.97 19.99 22 149.99 13.9 19 19.99 13 26 15 25 30 149.99 19 149.99 25 22 25 26 35 17.9 19 21 30 20.99 24 9.95 30 20.99 30 22 20.99 25 13.9 9.99 30 15 17 15.99 17.9 15 13 20.99 35 17.9 30 19.99 26 30 9.95 30 19.99 35 30 21 24.9 35 25 17.9 17.9 20 21 29 25 19.9 13.9 17 15 19.9 23 15 18 17.9 15.99 13 29 13.9 29 9.95 19.9 19.99 19.9 20.99 30 17.9 19.9 21 15 14.97 25 14.97 20 29 17.9 13 13.9 30 17 24.9 20 30 15.99 20.99 21 20 17.9 14.97 35 13 17.9 20.99 21 20.99 30 11 9.95 19.9 20.99 9.95 35 30 20 15 35 30 24 149.99 35 20.99 19.99 15 21 24.9 18 14.97 19.99 30 