5 400
55.9 55 49.08 57 60 
86 61 59 53.15 61.5 
82 59 57.16 69 87.36 
31.99 80 63.97 29 69 
33.98 29.99 31.1 35 37.63 
49.9 58.95 39 65 49 
22.94 24.11 26.99 24.11 25 
19 17 14.99 18.1 17.31 
16.75 15.67 19.99 18 39 
20 34.18 34.18 19 23.23 
10.63 19 15 54.99 70.11 
48 41.99 35 53.8 46.89 
33.9 19.99 19 26.7 14.99 
118.99 172 184 132.38 129 
46 41 17.99 44 69.9 
30 39.99 34 28.91 28.91 
48.98 55.99 48.31 51 55.61 
49.99 53.8 45 42.99 39 
24 22.03 20 16.63 15.67 
61.9 51 49.49 34 52.49 
16 13.28 12.58 12.99 19.9 
59 51.54 69.9 54 64.99 
124.67 123 119.99 137.99 76.99 
34.99 32 19.9 19.9 29.99 
54.9 90 49 49 59.99 
88.5 78.26 82.93 84.99 99.9 
95.99 75.71 76.3 90 89 
54.9 89.99 68.99 51 54.89 
33.9 18 17 17 14.74 
15.04 24.99 39 14.06 15 
53 54.9 39 54.9 59.9 
119.62 122 149 129 39 
53.8 40.92 54 49.47 49.89 
18.95 18.9 13.6 16 11.99 
141.81 144.99 144 154 145.07 
46.9 51 46 29 47.28 
31 27 34.99 24.67 34.99 
21.93 27.99 24.8 29.9 20.47 
79 92 104.55 90.78 92.53 
12.15 14.99 15 16 13.6 
17.98 28.71 28.51 39.99 5 
106.91 97.14 119 69 175.89 
10.39 13.53 18 17 17 
53.37 54 51 49.9 48.31 
23.23 39.99 35.67 17.98 29 
56.43 49.08 43 54 52.49 
60 42.99 27.06 39 63.5 
10.39 9.99 16.8 18 15 
129 119.62 122 34 19 
79.99 159 74.98 86 73 
69.99 51 59.99 56.05 51 
108 68.99 111 85 108 
16 13.28 13.6 18.9 19.9 
48.5 49 54.08 53 44.22 
68.99 114.91 96.95 69 119.99 
9.99 12.9 5.62 12.86 34 
17 19 18.45 15 14.39 
78.21 71 84.9 64.89 69 
269.01 279 279 276.17 263.47 
4.99 56 14 34.99 14.01 
49 54.08 55 47.01 59.9 
59 42.98 49.47 46.9 48 
74 73 72.52 72.42 79 
107.49 119 129 119 123 
58.06 66.43 65.22 84.9 67.9 
29 44.99 46.3 43.79 46.3 
15.32 13.11 42.99 34.18 34.32 
54.9 46 49.99 42.33 54.89 
18.9 17.64 13.6 13 24 
36.5 34.18 31 38.1 35 
31 29.99 45 41.99 25.46 
49.99 41.89 39.99 39 44 
30.19 30.41 30 34 38.9 
39.99 40.59 31 39.54 35 
25.22 24.33 27.68 29.9 26 
14.89 20.76 13.74 18 11.69 
52.47 49.08 54 53 55 
26.64 31 26 34.99 30 
19.94 28.99 22.49 25 26.73 
14.99 18.9 17.64 17 16 
53.8 109 39.9 49 49 
12.15 17.64 18 15.99 18.9 
34 24.99 39 29.99 9.99 
42 41 44 45 50.99 
14 14.01 5.84 34.99 56 
57 102.34 59.99 104.94 48.67 
69.9 61.9 59.99 54.69 109 
70.73 68.27 119 78.07 70.73 
99.63 129 119 99.63 99 
119.99 127 98.9 194 116 
56.05 51 35.9 32.61 79 
44.99 49.47 109 44.99 49 
66.43 66.33 67.9 62.85 71 
19.99 14.93 14.79 17 10.39 
55.61 67.9 56 69.9 60.53 
67 62.91 148.9 61.38 69 
51 59 48.31 64.99 51 
43 13.5 18.45 18.99 19 
119 79.99 109 69 104.89 
19.99 22.25 13 11.69 19 
99 93.6 155 159 99.9 
29.99 34.76 38 42.9 40 
34 30.19 32 30.2 38.9 
13.78 17 17.9 35.67 19.9 
59.99 59.99 49.9 54 55.99 
46.6 44.99 49.47 55 43.45 
44.99 42.99 40.44 44.9 43.79 
13.6 17 13.28 17 16 
59.31 55.35 59 77 58 
30 29 31 29 28.99 
41 51 59.99 34.97 51 
31 28.67 29.99 59.9 9.9 
45.85 43 47.01 49 51 
55.99 48.31 56 61.29 43 
34.99 25.22 24.69 29.9 31 
47 43 44 59 86 
52 49 59.99 50.76 53 
49 55 48.5 44.22 49 
48.99 29.99 31 29.99 31.56 
25.57 26 26 31 25.22 
129 129 129 110.7 114 
31.56 29 28 29.43 26.85 
70.87 76 73.35 108 89.9 
18 17.9 18.09 19.68 17 
16 15.21 14.1 18 21.99 
91 82.19 93.69 72.19 90 
65 58 69.9 60.3 69.9 
18.45 17 17 20.76 10.39 
27.72 28.99 25.22 25.78 26 
10.58 17 18 10.39 17 
54.99 54.91 43.35 69.98 55.61 
78 74 51 65 73.06 
24.99 32.98 25.49 25 34 
109 117.77 108 117.77 119 
128.9 149 149 149 147 
59 42.99 53.8 42.98 46.9 
34.99 25.52 29.99 27 27.98 
14.12 4.99 15 17 18.5 
51 55.99 63.36 48.31 77 
51.99 53 57 51 52.47 
22.49 26.73 29 53 29.9 
44.99 46.3 47.01 46 52 
28.58 28.58 34.99 29.99 29 
26.57 30 29 28.49 26 
20.76 16.99 14.34 18.45 18 
17.98 16.8 34.9 18.61 26 
106.4 109 100.4 79.99 108 
137.99 123 94.99 76.79 119.99 
44 46 46.3 46.3 46.3 
29.99 69.99 26.99 25.88 29 
149 179.99 149 149.9 149 
24.81 34.99 22.99 31 49 
18.45 22.25 19 14 18 
59.99 59 59 49.97 50 
12.86 34 5.07 9.99 5.62 
7.71 34.99 39.99 10 1.99 
84 89.9 99.9 81 75.99 
57.99 55.61 108 43.56 54.91 
107 119 85 82 79 
44.99 42.99 51 49.99 47 
18 13.6 16 13.27 17.64 
54 60 44.9 31 30 
43 56 59.99 55.99 57.84 
67 59.9 78.74 75 62.85 
13.99 19 17.9 11.54 15.41 
103 102.09 104.61 115 119 
13.6 16 12.58 13 15 
55 58 54 54 55.9 
90 69.9 95.24 142 77.95 
23.64 24.99 29.99 22 25 
46.3 49.89 49 44.99 46.3 
69.99 92 151 109 94.99 
20.52 17.9 15.21 99 13.88 
51 124 49.08 57 54 
29 26 29.03 30.84 25.24 
42 14.72 17 19.99 18 
66 39.99 58.99 19.99 19.99 
67.9 55.61 69 61.52 62.37 
35.9 19 19 18 15.67 
28 26 31.56 28 24.33 
56.05 57 54 52.32 51 
87.36 90 81 89.98 87 
25 36.63 69.9 18.48 9.78 
57 53 49.08 51 54 
31 34.99 29.7 34.99 29.7 
79 107 82 119 119 
53 38.99 57 49.08 54 
69.99 80 84.99 79.99 87.33 
49 54.98 46.99 45 52 
62 48.31 54 51 54.99 
18 18.45 15 19 9.99 
36.9 24.01 29.99 45.66 27.5 
99.5 116 129 129.99 119 
29.99 26 42.63 41.21 34.99 
129 129.99 125 129.99 44.99 
50.29 44.99 32.5 51 59.99 
89.99 94.32 32.9 26.31 28.51 
47.89 55 49.99 49.9 52.56 
18.45 15 14.34 20.76 18 
19.9 12.58 15 11.99 18.9 
41 39.34 38 38 38.25 
10.58 17 13.53 10.63 10.39 
53 23.94 29.99 19 29.9 
52 39.99 52 49.89 46 
86.35 90 95.24 79.99 94.5 
114.99 99 125.24 230.01 111 
46.12 53 54.9 54.9 52 
45 59 48 49 45 
39 39 66.11 67.31 49 
28.99 35.5 22.49 29 25 
51.38 59 44.72 59 57.99 
28 29.99 26.85 24.59 26 
52 49 42.19 45.13 39.69 
38 24.75 39.34 41 35.32 
28 26 31 25.22 29.99 
10.99 11 19.16 25 10.94 
119.99 132 123 135 125 
20 35.67 19 19 15 
40 36.8 30.99 49.9 79 
26.4 28 9.9 21 29.99 
54.99 57.27 56 56.05 34 
34.18 13.1 30 42.99 31 
77.09 73.42 87.33 84.99 79 
57 59.99 56.35 53.83 104.94 
29.99 35 34.18 39.99 39.54 
69 54.9 43.5 43 46 
42 41 34 41 38 
26.91 27.68 31 24.33 34 
35 32.37 34.44 19 9.99 
19.68 17 13.55 19 19.99 
43 43 46 47 43.67 
46.75 42.99 52 49 34 
19.99 14.1 18.45 11.69 14.34 
78.99 74.93 68.78 89 89 
30 30 30.51 34 30 
109.99 101.99 109 97.14 69 
59.99 38.61 64 51 54 
12.09 20.3 24 18.13 21.22 
15.67 20 35.9 37 14.74 
22.76 29.99 24.99 28.49 24 
39.99 32 49.99 42.93 28.11 
59 79.99 58 62 55.99 
34 35.5 24.58 29.99 9.99 
29 34.99 30 26 26 
276.17 279 246.13 273.06 279 
57 54 45 48.5 52.93 
14.9 34.99 1.99 34 7.71 
15 12.15 16 24.9 14.99 
149 149 128.9 149 149.9 
98.9 98.9 129.99 99 119 
39 38.82 38 9.99 10.49 
57.16 99.99 80.81 87.36 99.99 
49.9 49 44.9 39.68 45 
42 48.5 43.31 42.96 49.99 
15 9.99 20.76 18 17 
29.43 28 24.59 29.01 26 
26 43 26.91 39.99 26 
49.9 52 49 49.99 43.45 
29 49 46.3 46.3 44 
63 58 58 69.99 54.74 
27.86 35 34.99 29.99 29 
79 84.87 48.06 45.69 69.99 
52 84.68 65 52.47 72 
13.28 13.99 16 11.6 19.9 
4.99 14.9 24.9 34.99 34.99 
25 36.5 25 24.99 24.99 
23.64 22 26.5 24.99 20.67 
43 45 46 44.58 54.99 
273.06 269.01 276.17 279 273.06 
89 52.49 51 43 69.99 
16.99 17 16.02 18.45 22.25 
54 45.76 49.9 54.98 54 
25.22 30 27.72 27.68 26 
22 19.9 19.99 9.99 9.99 
14.99 16 14.99 21 17 
18 14.17 15.04 13.65 16.99 
33.9 19 19.99 18 22.03 
17.98 34.18 26 18 38.99 
75 75.47 99.99 71.34 75 
19 19.99 18.89 15 18 
119 59 63 58.35 34 
20.76 22.25 11.54 19 17.9 
50 69.99 77 54.99 59.9 
94.32 89.99 39.99 32.9 29.63 
92 59 69.99 55.37 59.01 
19 122 119 129 149 
54.99 53.61 59.99 45 54.98 
40.69 39.99 34.7 36.9 43.94 
46.99 39.69 47 46.99 53 
29 27.21 65 24.75 59.99 
81.5 88.9 89.99 79 93.5 
104.94 57 109.9 64.9 53.83 
38.58 48.9 41 45 40.76 
66.43 142 64.9 78.74 59.9 
61.5 59.18 55.35 63.36 59 
12.15 6.53 16 14.99 13.28 
64 43 38.98 24.99 41.39 
69 39.51 59.99 69.99 45.66 
33.9 19.99 15.67 15.67 29 
18 17 33.9 19 35 
18 16.53 16.8 5 34.18 
27 28.22 27 30 32.28 
16.8 18 26 34.18 34.9 
123 118 114.84 117.48 108.22 
119.99 128 138 84 90 
43.79 44.99 52 55 42.99 
54.99 46.99 54.98 54.08 53 
98 128.54 119 129 165.7 
251 99.9 111 142 99.9 
23.64 22 23.64 24 21.9 
17.9 17.9 22 39.9 36.5 
77.16 77 79 88.5 79.9 
99.99 91 89.98 80.81 99.99 
34.99 20 19.99 35.9 4.99 
40.89 26.05 38.61 35 40.16 
29.9 19.79 26 20.79 25.22 
13.34 18 17 10.39 20.76 
28.49 29.99 24 26.5 25 
13.28 12.15 17 14.99 18.9 
44.99 48 47.01 52 49.47 
113.52 119.8 117.54 122.07 112 
83.58 57.16 93.99 78.35 56.9 
19.9 22.25 14.49 10.39 73 
28.98 32 38 39.9 39.24 
19 11 10.7 9.99 9.99 
66 89 81.5 55.42 59.9 
13 16 17 12.15 13.28 
34.18 32.09 39 42.99 39.9 
17 16.63 18 39 15.67 
28.67 9.9 34.99 31 9.7 
75.47 89.9 75 74.99 74 
55.61 57.99 41.25 64.18 54.91 
17 16.9 47 69.99 15.49 
51 49.99 48.89 43.79 49.47 
81 108.5 73.7 83 76.99 
59.99 56.05 51 54 49.08 
27.68 26.74 38 24.33 25.22 
25.46 34 45.9 29.99 41.99 
59.99 51 49 47.01 39 
24.67 29 29 26 31.7 
51 56.9 51 53 56.05 
21.99 20.76 24.99 14.34 16.99 
274.99 272 273.06 289.99 319 
59.9 66.33 78.74 67 65.22 
56 41.39 43.05 46.9 45 
31.7 26 25.22 25.22 24.69 
29.99 28.49 29.99 24 29.99 
49 52.93 54 49.31 52 
17 19.9 39 52.45 13.78 
42 19.99 40.89 39 61.5 
59 44.98 47.01 47 41.98 
100 94 90.41 90.41 89 
32.5 19 32.99 19.99 34.99 
24.99 55.99 41.39 38.98 40.77 
26 16.63 16.75 17 36 
32 38.25 40 47.99 48 
87 93.13 93.5 78.99 99.99 
149 117 116.87 119.02 122.81 
61 59 54.74 58 69.9 
49.08 49.08 51 54 48.31 
19.99 18.45 16.02 19.99 21.98 
59.99 89.99 55.42 59.9 18 
37.5 36.78 49.99 34 44.5 
19.99 17.9 14.59 39 17.9 
59 289 62 39 62 
17 20.76 18.45 20 14.39 
119.99 114 119.9 122.07 119.02 
19.99 10.63 18.45 20.76 17 
49 46.3 49 49.47 52 
55.35 64 58 59.18 61.5 
123 119.99 139.99 116.93 123 
26 28 29.99 26.74 26.91 
34.99 7.33 19.99 7.95 4.99 
57.9 69 43 62.99 63 
44.99 47.01 46.9 54 52 
14.99 14.99 13.28 18.9 13 
29 26.29 29.99 29.99 28 
51 57 52.47 51.9 51 
49.99 55 51.6 57.99 49.9 
27.06 31.91 16.04 29.99 39 
29.99 26 43 28 29 
54.99 32.7 48 53 46.6 
12.15 16 13.28 13.78 17.64 
29 49 28.04 31 29 
19.99 49.9 49 40.89 39.63 
55 57.21 59.13 52.56 59 
59.18 98 60.28 59.19 57.26 
18 17 17 16 14.74 
79.99 39.99 61.54 69.99 59.8 
33.9 33.61 39.9 30.44 35 
66.43 66.43 67 67 66.33 
109.9 119 68.27 73 78 
10.39 13.63 19 18.45 19 
34.44 19 34.44 9.99 36.5 
13 18 13.27 11.99 16 
31 26 31.7 25.22 26 
63.52 34 58.35 63 59 
6.99 33.62 9.99 12.67 12.87 
15 15.04 15 19 20.52 
24.02 28.9 27 22.73 29.99 
25 21 29 30 15 24 20 19 30 17.9 30 19 24 20 13.9 19.9 19.99 149.99 22 17.9 30 21 9.95 9.99 15 20 19.99 20 25 17.9 22 19.99 30 30 20 19.99 35 30 29 21 15 24.9 13.9 17.9 19 17 13 17.9 14.97 20.99 30 21 30 15 19 30 13 15 17.9 14.97 149.99 25 9.95 17.9 20 24 30 19 30 22 30 26 25 24.9 17 19 9.95 19 12 19 20 30 30 19 14.97 30 17.9 18 18 24.9 20.99 19.99 24.9 30 19.99 15 30 35 20.99 20.99 21 24.9 30 19.9 19.9 19.9 30 30 25 19 18 9.95 30 30 22 18 19 22 30 14.97 14.97 17.9 19 23 20 19.9 9.95 25 25 30 26 19 14.97 9.95 149.99 18 22 30 19.99 18 25 14.97 15 14.97 15 30 19.9 13.9 29 14.97 9.99 22 20.99 19.9 22 24 17.9 30 25 14.97 15 20 30 17.9 17 23 17 17.9 29 17.9 30 29 22 25 19 30 19.99 30 25 17 30 149.99 25 25 13.9 9.95 17.9 30 9.99 35 21 13.9 14.97 14.97 24.9 22 25 30 24.9 17 19 13 30 30 14.97 21 15 30 30 14.97 20 30 17.9 19.9 19 19 17.9 15.99 15 30 20 19 25 21 12 17.9 24.9 30 24.9 15 13 15 24.9 17 19 13 30 19 20.99 13.9 15.99 30 30 18 19 17.9 14.97 35 19.9 9 30 19 20 17 15.99 14.97 19 12 19.99 20 14.97 9.99 13 17 30 29 17.9 29 22 19.99 15.99 21 30 9.95 19 15 13 29 19 19.9 29 15 15 30 19 21 19 19.9 18 22 15 30 19 21 19.9 17 19.99 19.99 13 21 19.9 19 22 9.95 19 18 19 9.99 24.9 17.9 17.9 21 21 30 12 21 13.9 30 15 17.9 17.9 30 14.97 30 15 24.9 30 30 30 21 19 15 20 35 21 17.9 21 9.95 30 17 30 15 19.99 18 17.9 22 19 19 21 30 19.9 25 21 19.9 15 21 20 21 17.9 17.9 17 13 17.9 15.99 18 20.99 19 22 35 22 17 19 13 22 13 35 17 25 20.99 30 18 18 15 20 19.9 19.99 15 17 20 21 26 19.99 24 30 30 21 25 30 19.9 25 