5 400
50 52 45 54.08 55 
62 69 59.13 58.74 148.9 
29.99 48.5 43 44.9 49.99 
12.08 25 40.59 41.18 29.99 
67 64.54 61 39.99 60 
50 55.35 61.49 65.99 49 
90.66 89 96.69 119.99 91.91 
29 28.71 29.99 29.9 17.98 
34.99 27 26.89 34.99 29.99 
58 57.2 58.53 58 58 
16.84 12 16 13.28 18.05 
71.51 68 67.9 67 142 
114.84 102.76 112 119.99 153 
82 99.99 78.35 90 82 
56.34 29.99 34.99 18.45 34.99 
25.52 31.88 27.98 49 27 
129 79 89.9 80 78.97 
29 26 29 26 26 
119.99 95 89 103.98 100 
158.99 159.9 149 147 159 
49.99 47.03 55 48.9 45.99 
34 46.3 49 49 29 
52 46.36 59.99 53.06 49.99 
59 55 51.6 59 44.72 
38 79 39 49.99 46 
23.94 69.99 19.94 23.94 22.49 
44.99 47.5 47.01 46.9 56 
73.9 67 59.99 65 66.83 
25.22 31 34.99 26 29 
18 20.76 11.54 22.25 10.39 
27 27 34.99 43 30 
69.99 53 51 57 77 
53 51 54 57 51 
48.9 39.9 20 32.67 34.18 
49.08 51 43 54 52.32 
84 85 75.99 99.9 82.93 
16 17.31 17 15.19 18.1 
59 76.48 58 86 59.18 
123 119.99 133.04 139.9 132 
25.64 29.01 65.99 23.23 62 
110 119.99 110.28 105 109 
72.5 55.95 62.86 70.11 64.99 
66.33 71.51 75 84.9 66.43 
51 54 54 59 57 
17 19 18 26 17 
18.45 17.82 15 19.99 22.25 
21.99 15 18 15.04 44.9 
149 132 135 119.99 139.99 
123 84 90 76.99 88 
16 18.9 13.28 18.95 12.15 
55.44 61.9 54 69.99 48.31 
39 31 44.9 60.93 39.99 
95.99 79 88.5 89.9 74 
14 15 18 20.76 9.9 
15 16 18.9 19.9 11.99 
76.05 49 67.82 49.99 28.8 
15 14.11 15.04 15 20.52 
107 82 129.99 109 95.93 
128 116.77 149 118 113.78 
18 44.9 14.34 18.99 11.69 
49.08 32.61 39.99 43 51 
48.92 42.19 49 44 51 
119.99 99.99 87 89 99.99 
25 9.78 43.9 69.9 37.99 
65 23.63 26.9 26 59 
22 20.83 16.53 18 35.67 
45.99 49.89 46 44 46.89 
49.99 19.99 49.99 19.99 59.99 
24.33 69.9 23.94 29.13 27 
79 89 74.42 77 82 
54.89 59.8 51 79 69 
49 76.05 49.99 39.9 73 
17 19 20 16.77 14.74 
49 51 49 49.47 49.99 
20.76 11.69 19 19.99 22.25 
86 79.9 62.37 69 79.99 
25.68 29.99 48.5 25.39 43 
18.45 22.25 19 19.68 17 
65.62 49.99 29 49.99 61.17 
57 59.99 61.01 47 64.35 
69.99 46 41 36.6 44 
133.04 123 123 125.28 123 
54.89 46 49.99 48 45.77 
52.47 59 51 54 55.61 
29 26 28 26.29 29 
24.69 34 29 26 25.22 
79 84.99 82.09 90.78 99 
89.99 99.9 89 87.12 97 
9.9 9.9 19 9.99 34.44 
49 52 49 39.9 51 
25.4 26 26 27.68 25.22 
28.51 94.32 32.9 28.71 29.63 
20 18.45 18 15 16.9 
34.18 40.59 42.99 39.54 29.99 
18 16.9 18 15 19.99 
39 29.99 26 26.91 28 
90.41 94 90.41 99 99 
28 34 34.99 41.21 27.99 
76.48 59.99 58 61.5 64 
58.99 49.99 69.99 44 43.98 
59 60 122 87 86 
149 149 149 179 179.99 
26.99 25.22 29 24.33 24 
4.99 24.9 14.9 8.8 26.91 
33.81 30.37 63.5 42.99 44.9 
53.8 49 47.5 49.98 49.47 
42.9 42 35.99 35.79 40 
22.25 11.54 18 14.49 19 
26 25.22 30.99 26.5 24.59 
27 26.06 34.99 29.99 31 
39.99 60.93 39.99 34.18 42.9 
41 38.25 42.93 38 42 
123.99 99 119.99 90.66 108.5 
31 26 31.7 26 26 
35.67 79.99 19.99 39 19 
57.02 61 62.86 72.5 69.9 
14.99 18.9 17.64 13 13.28 
26.74 26 25.22 24.33 25.8 
25.39 63.97 27 59 29.13 
93.69 82 80.71 80.81 81 
33.49 20 4.99 34.99 7.33 
26 29.99 28.58 29.99 27.68 
39.99 24.02 29.99 22.73 27 
5.94 28 24.79 29 79.99 
25.31 36.5 32 29.99 30 
60 49.99 54.99 58.99 46.18 
36.5 34.18 39 18 16.53 
29 28.71 29 25.68 28.34 
51 69.9 29 51 54 
35.67 30.44 33.61 33 35 
55.99 48.31 56 48.98 55.61 
149 149 159.99 179.99 149 
28 29.43 31 48.99 34 
29.91 31.56 26.31 29.99 26 
19.99 19.99 14.7 19.99 20 
47.01 54 54.99 87 49.31 
59.99 49 60 89 58 
51 44 47.01 49 49.89 
54.7 56.05 59.9 59.99 34 
54.9 45 47.01 54.98 59.99 
141.81 148 159.99 149.99 144 
51.48 65.99 44.22 77 59 
16 14.99 14.89 10.39 19 
10.47 29.99 19.99 33.49 39 
52.47 58.53 63 61 61 
25.85 39.9 36.5 16.8 18 
38 45.99 41 34.76 38 
39 47 49.08 56.05 33.66 
52.32 52.49 51 54.7 61.9 
12.5 10.47 19.99 32.99 10.43 
55 46.3 34 29 51 
129 116.13 98 113 99 
34.76 42.37 49.99 42.9 35.79 
24.75 26 24.21 59.99 29 
29.13 61 59 59 79.99 
29 30 26 28 26.97 
28 25.8 31 34.99 30 
154.31 144 149.99 139.35 149 
30 25.4 29.9 29 26 
26 28 26 113.75 25 
55 55 55.02 48.99 55 
399 229 209 237 249 
20 22.25 15 20.76 19 
47.01 48 48.47 52 49 
40.67 47 45.4 49.9 59.9 
43 45 44.64 46 49.99 
47.01 51 49 47 34.9 
48.31 64.99 52.49 51 57 
49.99 47.88 43.91 55 49.99 
13.6 19 17 17.64 16 
16.9 18 15 18.45 14.34 
129.9 119 119 128.5 125.42 
79.99 79 54.89 49.9 48.31 
14.26 18.45 15.04 17.9 16 
18 22.25 20.76 18 16.9 
89.9 84.99 78.26 85 70.87 
99 91.91 90.41 99 98.43 
29.99 34 29.9 36.9 30.69 
20 19.99 18.89 19 18 
19 14.34 18 15 20 
69.9 29.13 31.9 23.39 27 
19 10.39 17.9 22.25 19.68 
52.99 54.99 52.79 59.99 59.99 
30.63 39.9 28.98 39.99 49.99 
73.7 58.41 90 78.35 83.79 
32.5 24.33 24 34.99 24 
33.81 54 63.5 42.99 27.17 
99.99 97 89 78.99 93.13 
82 99.99 76.99 73.7 108.5 
47 51 46 47.01 49 
51 51 57 51 40.18 
29.99 30 48.76 53.43 27.5 
110 105 70.73 93.99 73 
30.9 49.99 29 15.04 24.99 
59.99 77 55.99 49 54 
44.77 69.99 59.99 46.03 48 
14.79 18.11 20 14.93 19.99 
48.89 52 53 54.99 55 
31 34.99 29 28.99 28 
131.32 124.99 129 116 74.99 
58 79.99 79.99 59 54.99 
59 66.99 59 51.6 52.56 
10.63 15.01 34 15 20.76 
18 29.58 17.9 34.8 20 
119 79.9 119.9 99.99 79.9 
25.22 29 26 30 24.67 
99.99 83 81 82 81 
99.9 103 109 109.38 89.99 
118.08 129 131.32 118.09 116 
20.52 17 14.1 16 15.04 
94.46 89.37 98.39 95 102 
18 13.35 15 13.53 17 
59.99 58 57.03 49 54 
54.44 118.5 75.99 55.44 39 
9.99 17 16.9 17 13.53 
27.5 49.99 27.99 38.8 13.15 
43.79 49 46.3 49.89 52 
75.65 42.9 119 109 93.99 
13.86 34 9.24 5.07 9.99 
113.53 116 129 119.8 119.02 
31 44.55 29.99 41.99 34.99 
27.3 86 62 23.23 27.3 
5.07 10.49 10 13.28 19.99 
30 27.05 25.11 31.56 26 
59 51.54 51 48.31 56 
14.12 11.54 19.9 11.69 18.45 
26.9 29 30 26.9 30 
34 20.67 29.99 29.99 22 
29 29.9 27.68 34 24.78 
27.06 63.5 27.17 69 44.9 
27.21 34.99 24.75 69.9 26.94 
9.99 9.99 16 38 9.99 
47.19 47.19 48 49 46 
69.99 122 86 59 91.02 
54 56 54 51 51 
49 52 50.06 50 54 
79.9 81 57.16 59 99.99 
11.99 19.9 16 12.15 13 
21 17 14.99 17.99 17.31 
78.99 119.99 88.9 99.99 99 
59 69.99 54 58 47.93 
61.18 29 79.99 66 27 
129.9 43 25 22.49 26 
82 93.99 81 99.9 89 
18 13.83 16.02 18 16.99 
14.99 29.99 22.77 29.99 29.9 
13.28 4.7 6.01 14.99 16 
52 49.47 49 50 39 
29 32 30 34 27.87 
79 99 94.9 99.99 87 
19.9 19 10.39 73 15 
25.98 34 26 29 34.99 
26.91 35.5 34 31.5 24.33 
51 49.9 53 45.58 90 
49.99 37.99 42 39.24 32 
24.99 15.19 17.31 16 18 
29 26 21 31.56 27.05 
59 55 49.99 52.56 51.6 
79 60.53 67.9 69 55.61 
109 102.09 109 97.14 129.99 
22.49 64.9 23.94 55.44 25.9 
49.08 69.99 43 56.05 77.99 
52 49.47 47 49.99 49.89 
54.99 57 59.9 59.99 52.99 
39.99 56 26.31 28.51 29.15 
61.01 69 79.99 55.43 47 
15.04 44.9 20.52 16 14.11 
18.45 20.66 19 14.89 15 
73.7 82 91 76.99 108.5 
50.8 56.05 49.08 57 54 
19.99 39 39.63 40.89 40.89 
54.49 62 59 289 59 
32.11 35.67 35 20.83 29.99 
26.01 25.24 26 29.03 29.03 
22.25 19 15.41 20.76 23 
129 94.44 109 89 98.06 
18.45 14.26 15.21 14.1 17.9 
49 54.89 49.99 52 49 
25.22 31.7 38 26 29.99 
18.45 13.5 43 19 10.39 
289.99 299.99 263.47 289 279 
39.99 60.93 34.18 42.9 36.5 
36.5 33.95 35.67 32.98 25 
61.9 60 55.9 58 59 
42.57 47.24 49.99 43 42.96 
79.99 73.42 159 78 73 
59.99 47.01 45 59 54.9 
43.31 42.96 42 41.39 47.24 
105 103 129 119 95.91 
30.77 34.99 29.13 51 25.39 
49.47 41.99 35 49 53.8 
47.01 54 49.47 54.99 42.79 
47 54 56.05 51 49.08 
25 16.99 22.25 19.99 19.99 
49.2 39 32.5 48 52 
114 99.9 103 103.98 95.68 
31 51 57 56.05 55.61 
50 54.99 39.99 43.95 44.95 
81 79.9 77 75.88 80.71 
49.9 49.08 51.54 48.31 57.84 
24.59 29.91 29.99 29.9 28 
116.87 116.77 122.81 149 115 
69.99 43 63 57.9 63 
54.99 79 49.99 69.99 57.27 
28.49 28.49 26 26.46 28.58 
52.47 51 53 54 51.54 
14.34 18.99 20 22.25 29 
39 117 39 119.62 149 
13.29 11.69 19 18 20.76 
45 49.99 47.01 53.8 47.01 
205.9 237 229 220 209 
49.9 19.99 18 13.13 29 
79.9 95.99 68.84 77 72.74 
89.9 84.99 78 74.18 82.32 
98.9 89.99 119 114 99 
49.89 52.93 52 49.31 52.93 
48.9 38.58 43.05 50.99 41 
56.46 59.8 64.54 67 64 
35.67 34.18 35 39 33 
149 179.9 149 149.9 128.9 
76.4 59.99 45.82 56 69.99 
104 114.99 114.12 103.32 125.24 
67.35 65 88.5 94.99 67.36 
11.69 13.21 19 17 18 
46 48.47 44.99 42.33 49.99 
14.1 86 19 17.9 16 
29.9 29.91 31 29.99 26.31 
69.9 43 55.99 38.98 43 
69.99 65 59.99 69.99 60 
89.9 78 80 74.18 79.46 
16 13.28 12.88 12.99 16.84 
59 54.99 54.99 57.27 57 
84.99 99 99 90.41 100 
59 43.98 49.07 49.9 47.01 
14.99 17.64 14.99 18.9 17 
47.01 50 45 52.93 44.22 
26 28 29.9 29.99 29.99 
86 90 79.9 72.74 88.5 
69 30 27.06 39 29.52 
19 18.45 20.76 19.99 15 
21.22 10.99 11 20.3 12.09 
29 42.99 50.5 47.5 48 
49 49.9 46.99 45.58 45 
41.25 108 69.98 70 62.99 
25.22 113.75 31.7 25 29 
56.05 34.99 49.08 57 39.45 
109 107.05 100.4 115 79.99 
87 99.5 99.99 86 80.78 
18 19.99 17 15 16.99 
43 42.9 37.9 34.99 34.7 
61.17 76.05 49.99 39.9 49 
20.52 14.11 15.04 38 17.99 
54 58.99 49.9 58 52 
31.91 33.95 34 27.06 39 
13 17.64 7.9 13.6 17 
69.99 19 15 39 17.9 
16.35 19 17 19.99 20 
29.99 28 28.9 24.75 22.73 
19.9 11.6 12 12.99 13.28 
29 51 57 51 56.9 
26.73 24.8 11.4 20.47 21.93 
29 25.22 34.99 25.22 29 
87.36 82 75.99 81 87 
59.99 59.9 59.99 59.9 54.99 
13.28 18.9 13.78 13.6 16 
49.9 54 27.06 44.9 42.99 
11.69 20.76 18.99 39.99 18.45 
20.76 15 17 18 19.99 
19 35.99 22.03 19.99 17 
24.9 8.8 14.91 34.99 26.91 
36.78 29.98 42 46 47.99 
26 16.53 19 17.98 36.5 
39.87 62 77.9 49.99 45.82 
22.03 17 16.63 17 15.67 
21 28.99 34.99 24.67 27 
36.5 34.18 39.17 28.71 35 
39 52.77 52.77 54 49 
21.99 18 44.9 15.04 15 
41 40 38.99 49.99 35.99 
49 47.01 52 49.89 49.99 
69.99 65 58 62.9 58 
65 69.9 59 79.9 69.99 
51.54 51.44 51 51 54 
29.99 34 22.68 29.99 22 
39.9 49 45 50.76 55.99 
18 16.75 14.74 19 17 
42.99 25.85 23.23 44.28 35 
30.9 51 19.9 39 15.04 
28.51 29.63 28.71 32.9 26.31 
59 59.99 59.9 54.99 59.99 
29.99 28.71 39.99 26 32.11 
35.51 31.07 14.99 41 35.5 
12.51 34.99 19.99 10.43 12.5 
59.13 69 55.99 142 57 
83.66 85 109 119.99 99.9 
107 95.93 129.99 82 78.99 
26.14 27.86 31 29.99 28.3 
54 54 54.9 54.98 46.16 
64 63 57.9 63 43 
22.25 13.74 15 15 14.99 
30 15 19.9 15 22 22 17.9 35 14.97 17.9 20.99 14.97 149.99 25 14.97 21 15 22 20.99 149.99 9.95 149.99 19.9 15 17 14.97 25 15 12 17 21 22 13 20 25 19.99 17 15 17 13 20 20.99 24.9 35 12 35 19 17 24.9 30 20 20.99 30 15 30 13 20.99 12 19 30 17.9 17.9 21 13.9 21 19.9 18 14.97 14.97 17.9 19.9 24.9 20.99 20.99 29 26 15 13 30 24.9 15 17 22 26 30 17.9 18 14.97 13 30 19.9 29 25 20.99 19 19.9 24.9 19.9 30 19.9 25 29 24 24 17.9 19.99 19.99 30 35 35 14.97 17.9 19 17.9 29 19.9 17 17 24 18 13.9 19.9 19 17.9 29 14.97 15 14.97 13 30 19 20.99 30 30 21 13 35 19.99 9.95 26 30 17.9 15 21 30 19.9 12 17.9 17.9 30 17.9 26 19 17.9 19 18 30 20.99 30 19 13.9 19.99 15 22 17.9 21 17 19 17 15 13.9 20.99 17.9 25 24.9 30 20 24.9 30 30 19 15 13.9 17.9 18 20 18 19.99 22 19 17 14.97 9.95 19 13 24 25 21 20 19.99 19 13 19.99 19 19.9 30 18 19.9 30 19 20.99 24 19 29 25 17.9 30 9.95 15 11 19 15 20.99 20.99 19 15 17.9 17.9 21 18 9.95 13.9 21 19 20 22 19.99 30 30 17.9 25 9.95 12 14.97 25 13 17 19.9 30 25 17 21 19.99 19.9 12 20.99 17.9 30 25 19.99 14.97 19 29 9.95 30 26 20 14.97 22 19 12 25 25 19 20.99 15 20 29 13 13 19 15 25 25 14.97 20 13.9 30 14.97 13 24 13.9 19 35 20 26 22 19.99 21 13 14.97 18 30 18 18 19 15 14.97 24.9 22 26 24 20.99 20.99 19.9 26 20.99 19 15 11 15 19.99 35 30 30 21 17 20.99 19 20.99 30 13 24.9 14.97 15 20.99 17.9 15 24.9 25 15 19.9 25 25 20.99 25 22 30 21 30 20.99 30 30 30 15 21 19 25 30 17.9 30 22 12 29 35 17.9 17 13 21 14.97 22 30 26 17.9 19.99 15.99 21 20.99 19.99 19 22 29 18 17.9 13.9 30 19.9 21 24.9 13.9 25 19 21 25 15 14.97 29 25 21 19.9 