5 400
34.99 30 27.29 29 25.52 
18 42.99 20 32.9 36.5 
87 113.65 94.99 89 91.02 
34.9 29 47 49 49.99 
53.8 29 47.01 52 48 
13.95 13.74 14.89 16 14.05 
23.23 20 18.91 9.99 19 
14.9 39.99 1.99 10 34 
22 23.64 22 25 24.99 
16 21.99 14.11 17.99 15.04 
14.1 19.99 19.9 11.69 20.76 
56.05 52.32 48.31 52.47 54 
34 9.99 9.99 13.86 9.99 
31 33 19.99 26.05 32.09 
26 30 24.69 31 26.97 
17 18 20.76 15.41 17 
57.16 91 87.36 92.56 82 
102.09 95.91 99 109.77 105 
16.8 17.98 29.9 34.18 34.18 
19 19 16.3 39 19.99 
59 54.99 49 54.9 59.99 
34 49 42.42 44.5 54.5 
52.9 34.99 56 59.99 43 
54.33 55.99 84.99 65 54.99 
39 16.77 17 17 19.99 
19.9 29 15.49 19 35.67 
132.5 122 34 131.32 149 
18 13.28 17 12.15 16 
30.67 31 29.99 24.99 9.9 
179 199.99 209.9 229.99 177 
99.9 90 89 81 62 
36.5 34.18 35 17.9 20 
19 18.45 14.1 21.99 13.88 
67.82 49.99 73 49 69.99 
119.99 112 119.9 108.86 106.32 
19 19 15 14.89 17 
22.25 54.99 15 70.11 10.63 
273.06 344 299.99 257.44 269 
44.22 53 85.5 45.73 49.47 
43 55.99 41.39 64 69.9 
30 29.99 24.69 29.99 26 
82.19 90 72.19 93.69 89.9 
122.81 107.37 117 116.77 113.78 
56 79 61 69.9 62.37 
16.04 31.91 29.99 25 33.95 
11.69 15 18 14.99 13 
57.75 39 59 59 60 
17 11.54 24.9 18 15 
27.68 25.46 30 24.09 29.99 
29 29 28 26 26.91 
24.33 26 26 29.9 26.74 
47.01 45 59.99 57 39.9 
54.5 49.99 59.9 52.89 58.89 
34 35 47.01 47 53.8 
14.93 17 17 18.11 16.9 
114.99 113.52 114.99 119.9 116 
47.19 47.19 43 40.16 44.55 
20.76 22.25 15 15 11.69 
114 114.02 124.99 139.99 121 
89 99.9 87 72.19 82 
38.61 40.89 26.05 42 44.28 
10.39 22.25 17 19 20.91 
32.99 18.99 19.99 36.9 19 
25 27 19 69.9 23.94 
49.08 55 54 51 56.05 
89.99 119.99 98.9 99 98.9 
49.99 29 35.32 56.9 49.99 
20 18 16.02 17 20.76 
7 29 9.99 29.99 27 
102.09 129 109 109 69 
26 34.18 18 35.67 20.83 
29.7 31 38.9 29.7 34.99 
33.99 15.67 17 18 15.67 
12.51 19.99 19.99 12.5 34.99 
28 64.9 26 31 28 
18.1 16 17.99 21 18.1 
28 56 24.36 26.5 25.22 
59.13 55 56 52.56 59 
49 47 46.3 42.9 49.99 
17 39 17 18 22.03 
43 47 49 42.4 49.99 
114.91 108 139 109 108 
43.05 59 46.03 43.99 48 
25.22 26 28 25.22 24.69 
35.5 14.9 29.13 40 29.99 
35.67 36.5 39.9 35 31 
69.99 45.66 38 41 142 
72.42 73 78.99 73 69.6 
38 41 36.99 49.99 34 
43 19 15 19.99 22.25 
39.99 27.5 29.99 55.99 29.99 
140 159.99 149 135 149.99 
22.57 16.53 39.9 18 25.85 
18 18.45 13.63 19 19 
49.99 46.3 29 49.47 52 
102.66 119.99 104.89 110.28 98.6 
115 66.55 70.01 79.9 119 
84.99 82 80.71 89.99 79 
93 78.99 90.82 88.9 99.99 
89 95 75 79 86 
70 48.31 78 73 79 
48.31 69.9 29 51 59.9 
69.9 54.74 58.53 69.9 59 
19 32.67 22 23.23 26.05 
44.99 49.47 52 49 45.9 
135 149.01 129 179 149 
99.99 74.99 89.9 73.8 79 
26.99 28 26 30 20.79 
47.01 43 49 46.3 44.22 
54.5 58 55.97 39 54.49 
80.71 79.9 77 75.88 80.71 
55 47.01 49.99 48.47 46 
77 99.9 81 85 84 
25.22 29 25.98 29.99 31 
20.52 18.5 17 18.45 19 
13.28 13 10 10.49 19.9 
49.89 55 47 52 50.29 
18 19 23.23 16.8 34.18 
60.22 87 59.01 59 91.02 
45.73 47.01 50.76 49 53 
55.99 51.9 54 51.9 56.05 
26.89 31 28.35 34.99 34.99 
14.99 22.77 29.9 9.9 29.99 
28.91 29.99 29 30 33 
29.91 28 27.05 24.59 29.99 
17 22.25 13.34 19.99 10.39 
34.99 26 26.97 27.72 26.74 
58 50 44.22 61.49 49 
18.61 26 16.8 18.81 17.98 
19.99 34.18 19 29 16 
125.28 119.31 128 125 135 
17 18 18.9 13 14.99 
29 27.45 34.99 28.74 31 
34.99 34.99 25 25.22 31.7 
117.77 108 100.4 194 109 
26.99 29 24.78 31.7 34 
29.99 21 34.99 31 34.99 
81 80.81 92.56 89.9 67.8 
115 26 29 26.91 39.99 
26.9 65 34.99 59 56.43 
19.99 19 22.25 18 14.34 
14.49 11.54 15 10.39 19 
74.18 82.32 81 85 79.46 
39 16.9 15 19.9 17 
59.9 79 79.9 46.24 69 
39 44.08 43 49 43.5 
116.13 129 129.99 113 89 
32.99 30.9 24.99 28.71 36.5 
26 26 25.9 79.99 5.94 
27.05 31 31.56 51.22 56.18 
34.99 63 63.52 119 34 
74 79 78.99 74 72.42 
26 31 29 29.9 34.99 
4.7 18.9 13 11.99 17.64 
22.25 17 20.76 15 14.34 
109 109.99 110 110.28 97.14 
79 72.42 69.9 74.93 77.55 
16.9 18 16.99 14.99 18.45 
76.77 121.19 88 140.99 124.67 
29.99 9.9 29.9 22.77 34.99 
128 116.77 122.99 149 116.77 
99.99 74.42 82 75.74 78.65 
26.73 29.9 24.8 21.93 11.4 
49 43.84 47.9 44.5 34 
41.99 49 49 52 53.8 
31 31 34.99 28.99 34.99 
26.91 56 4.99 24.9 34.99 
106.52 103 99.63 119 99.63 
16.84 12.58 16 19.9 12 
22.03 24 33.99 17 19 
29.99 38 38 42 39.6 
18.45 21.99 4.99 19.9 17 
99 88.43 87 86 94.9 
13.6 14.99 16 13 17 
44.9 46.3 55 44.99 35 
59.99 45.82 64.35 49.99 39.87 
44.9 27.06 26.57 27.06 63.5 
46.9 52 46.89 49.47 47.01 
23.23 17.9 18 34.8 17.9 
26.91 26 28 29 113.75 
77.16 75.7 86 75.71 68.84 
81 80.81 91 78.35 92.56 
118 129.99 120 124.67 119 
49.48 108 47.74 45.69 79 
114.99 125.24 105 95 112 
71 51.99 33.66 51 54 
19 18.09 17 29 18.45 
17.98 22 18 18.61 38.99 
53 55 57 61 51 
47.01 39 44.22 52 49 
51 47 49 44.99 34.9 
18.1 17 17.99 18.1 16 
17 17.9 15.8 18 11.54 
20 17 18 35.99 18 
29.99 29 77 35 26.14 
51 54.98 59.99 53.61 58.99 
55.61 56 54 59 51.54 
65 89.99 54.9 73.19 89.99 
19 39 20 32.99 15.59 
61 63.33 61.01 70 59 
43 29.99 29 30 24.33 
39.99 14.34 19 19 15 
99 89 99 126 128.54 
15 18 21.98 19.99 20.76 
49 29 52 34 44 
17 18 17 18.49 26 
42.19 45.13 39.69 47 46.99 
16.9 30.67 31 28.67 34.99 
49.89 49 49 49.47 43 
40.29 39 42.99 49.99 53.8 
49.08 51 40.18 57 55.99 
65 89.99 70.36 78.24 79.99 
22.73 24.02 29.99 39.99 29.99 
46.6 49.2 52 34 49.99 
57 54.99 59.99 59 59.99 
78 74 70.99 89.99 79 
32 33.81 31 26.57 44.9 
49 44.65 48.92 44 52 
49.99 49.47 43.91 59.99 44.99 
17.98 36.5 18 34.9 16.8 
68.9 60.35 63 69.99 58.47 
54.74 58 52.47 69.99 61 
46 44.99 49 49 47 
38.9 29.7 30.99 29.7 34.99 
91 19 9.9 26.4 21 
35.67 39 25 25.49 36.5 
117.54 119.9 103.94 114 119.99 
33.95 29.99 34 31.63 29.99 
24.69 28 25.22 25.22 26 
76.48 77.95 55.35 61 58 
30 34.99 31.89 26.9 27.37 
16.74 13.6 18.9 27.06 18 
13 16 13.6 11.99 18.9 
52 40.44 47 49 42.99 
16 11.99 18.9 13.28 17.64 
184 125 118.99 118.99 126.96 
25 43 39.99 19.99 19.99 
49 43.79 47 47.01 51 
14.74 35.99 17 18 19 
25.22 26 25.8 29 25.22 
75.64 79.99 72 69.99 84.99 
77 52.49 49 45 59.99 
59 94.99 117.13 113.65 151 
26 31 26 26 28 
31.7 30 29 26.97 31 
40.99 45.77 44.99 56 46 
44.16 43 48.67 66.5 46 
21.99 14.26 15.21 17.9 18 
34.99 26.91 34.99 14.9 14.91 
32.99 34 27.87 30.51 39.99 
18.49 43 38 39 41 
25.52 35.67 32.99 36.5 28.71 
59.9 59 49.9 47.01 46.99 
24.33 26.99 26.99 26.91 29.99 
49.99 39.99 39 44 39.99 
127.27 123.51 74 44.99 129.8 
45.29 45 34.99 47.01 21 
49.08 48.31 55 56.05 57 
38 37.5 46 38 45.99 
44.99 59 43.6 43.5 49.99 
62.99 62.99 43 64 14.99 
17 24.99 15.41 14.34 19 
72.5 55.45 65.08 56.04 41.72 
19 13 19.99 9.9 10.39 
24.04 26 29.9 30.71 59 
57.21 59 56 142 55.99 
69.6 73 72.42 72.42 68.78 
149.99 144.99 146 153 145.07 
40.92 49.89 53.8 49 52 
119 109 99.9 95 104 
19.99 25.9 17.82 20 15 
51 59.99 59.99 38.99 51 
34 9.99 13.86 9.99 11.38 
58.99 60.07 55.97 60.07 60 
83 87 91 73.7 99.99 
18.9 17 18 17.64 13 
33.45 33.45 32 25.31 30.27 
13 18 27.06 17 17 
99.9 98 92 90.78 79.39 
20 28.51 39 36.5 20 
69.9 69.9 9.13 36.63 43.9 
14.99 12.15 17.64 16 13.6 
32.99 17 20 19 15.59 
18 18.45 13.53 17 18 
20.76 17 14.49 17 18 
34.18 34.18 39 36.5 33 
26.29 28.99 35.99 34 29.99 
34.99 29.9 31 29 34.99 
129.99 109.99 115 114.99 106.17 
59.99 39.51 69 45 142 
15.21 20.52 17.9 15.04 17.9 
110.16 105.52 107.5 68.99 111 
108 118.5 129.99 89 107 
28 29.99 43 29 39.99 
44 17.99 9.99 36.6 69.9 
19.99 16.99 22.25 25 19.99 
53.8 48.89 49 52 42.99 
19 18.45 19.99 14.34 9.99 
29.99 12.08 21.93 49.9 41.18 
31 13.1 34.32 18.5 13.11 
25 28.99 23.94 22.49 24.33 
30 26.29 39 28 24.33 
59 62 84.99 60 59 
34.18 31 20.83 22 29.9 
29.03 29.03 29 25.24 26 
51 44.99 53.8 55 52 
54.99 46 42.9 39 86 
36.63 25 43.9 37.99 9.78 
34.99 34 27 25.76 24.67 
59 63 34.99 58.35 34 
72.42 69.9 74 72.52 72.42 
79 81.5 93.13 99.99 99.99 
46.3 29 44.99 47 51 
34 34.99 34.99 29.99 22.95 
19 13 17.64 17 16 
73 93.99 109 119 110 
13.6 17.64 17 18.9 18 
99 99.99 79 52.96 80.78 
9.24 9.99 13.86 9.99 11.38 
18 55 14.72 18.45 16.02 
59 59 58 49 50 
19 19 10.39 11.69 13.29 
46.9 35 52 49.47 46.89 
18 17.9 13.88 18.45 17.9 
29 26 24.75 29 26 
19 14.1 20.52 21.99 15.04 
16 17 18 18 18 
26.29 26 29.99 28 25.22 
13.55 15.66 17 19.9 19.9 
99 109.9 99 84.99 98 
116.13 128.54 89 99 99 
14.99 15 13.28 11.99 13.6 
54.49 59 58.84 54.33 58 
18.05 16 12.99 15 19.9 
46.9 49 44.22 29 51 
14.99 64.93 69 79.99 63 
39.9 29.99 28.71 31 36.5 
79.99 99.98 95 99.99 79 
49 49.99 77 39 65 
34.99 10 71.5 7.71 39.99 
51 51 51.9 48.31 52.32 
109 109 98.6 175.89 129.99 
9.99 29 29.13 14.9 27 
31.01 55.99 49.08 55.61 54 
53.06 54.9 67 54.99 39 
89 98.43 90.41 100 119.99 
17 16 18.1 19 15.19 
99.99 99 43 83.43 39 
149 179.99 179 149 149 
49.47 49.89 47 53.8 46.3 
59.99 55.99 48.31 59 43 
44.22 52 52.93 55 39.9 
69.99 34 51.99 56.05 54.99 
65 67 57.75 54.33 39 
119 109 110.84 105.93 101.5 
49.08 53 51 51 57 
55 51 70.99 70 78 
42.37 49.99 41 40 34 
60 58 69 56.99 77 
44.99 47 48.92 53 42.19 
42.57 52 49.47 52 55 
77 55 55 57.9 59 
70.36 78 51 82 73.19 
11.29 37.63 39.54 35 42.99 
69 35 42.9 54.99 44.9 
52 34 47.01 44.99 44 
49 52 54 54.99 45.73 
26.74 26 24.33 26.91 29 
29.9 50 36 30.99 28 
49.99 29 51 49.47 49.89 
28.22 27.56 34 32.49 25.76 
45 54 77 55 54.9 
55.9 55 61.9 51 54 
27.9 56 49.89 44.99 27.7 
109.99 109 136.99 119 109 
33.9 17 19.99 39 16.3 
25.68 26.99 27 29.99 29 
13 16 14.99 14.99 9 
89.99 28.71 28.51 29.63 94.32 
50 49 55.35 59.31 77 
49 77 55.45 89.9 52.46 
44.99 34 46.99 49 44 
19.9 13 11.99 13.28 16 
31 36.5 18 39.9 22 
18.45 11.69 15 18 19 
36 22.03 16.63 37 15.67 
39 57 55 51 49 
15 17.9 16.99 19 13.26 
18 17 18.09 14.7 19.99 
46 39.34 22.15 36.78 39.99 
71.51 67 69 66.43 66.43 
44.22 47.88 55 45 49.99 
47 18.45 15.04 15.21 16 
52 49.89 44.99 48.47 54.89 
31.56 28 31 24.79 29.99 
57 54.99 59.99 59.9 59 
59.99 119.99 64.9 69.99 65 
16.02 16.9 17 16.99 22.25 
59.01 113.65 89 69.99 91.02 
26.5 23.64 23.64 29.99 24.19 
14.97 19 20 13.9 13 24 14.97 19.99 21 17 29 17.9 13 15 25 22 18 19 18 17.9 19.99 30 19.9 15 14.97 15 19.99 30 13 13 18 19 15 13 30 19.9 19.9 18 22 21 13 20 21 21 14.97 19 19.99 24.9 19 19 21 26 21 18 25 15 20 13 17.9 17.9 14.97 19.9 13 19 17.9 20 25 13 14.97 25 29 13.9 19.9 9.99 18 15 21 30 14.97 30 17.9 21 19 17.9 24 13 13 18 13.9 19.99 19.9 19 15 15 17 24.9 26 22 26 18 24 22 30 17 30 9.95 19.9 20 22 19 17.9 35 17.9 19.99 13 13.9 20 20.99 20.99 12 20 35 25 25 19 19 17.9 29 25 21 29 17 20 19 20 22 13 149.99 19 24.9 13 20.99 21 28 25 25 14.97 21 25 22 13 30 13 17 15 15 17.9 19.9 19 20.99 18 15 15 20.99 149.99 14.97 24 19.99 21 17 24.9 15 13.9 35 17.9 30 20 35 15 20.99 21 9.95 20.99 15 25 30 15.99 13.9 13 17.9 22 15 24 22 19.99 35 17.9 21 9.99 30 17.9 24.9 26 21 22 26 12 30 30 35 18 18 15 15 26 20 20.99 12 20 17.9 19 14.97 19 19.99 21 29 17.9 14.97 12 20 18 15 35 18 15 19.9 9.99 22 14.97 24 20 19 25 30 13 17.9 30 15.99 16 17.9 17.9 13 13 21 15 20.99 17 12 29 35 30 15 13 24.9 24.9 20.99 9.95 26 14.97 25 30 19 15 18 25 30 20 19 9.95 21 26 15 18 21 13 12 19 30 18 19 25 19.9 30 17 25 30 18 30 14.97 30 15 19.99 18 20 19 19.9 20.99 30 19 13 17.9 9.99 30 29 17 19 17 25 22 25 22 24.9 12 25 17.9 29 17.9 14.97 15 21 14.97 30 13 21 20 22 15 19.99 19.9 30 22 25 19.99 30 20.99 30 21 21 149.99 12 19.99 22 30 9.95 30 15 30 19.9 20 17 149.99 24.9 15 30 14.97 22 30 17 19.9 17.9 17.9 13.9 17.9 22 29 26 17.9 14.97 9.99 9.95 30 19.9 19 20.99 15.99 22 19 29 29 17.9 17.9 19 15.99 17 17.9 21 19 13 13 19.99 
