5 400
99 142 104 98 114.12 
51 49 29 34.9 46.3 
18 18.45 17.9 15 39 
122.5 119 119.8 103.94 119 
16.8 34.9 16.53 26 20 
45.66 24.01 55.99 30 53.43 
63 52 65 72 63 
59.99 61.29 34.99 34 29.99 
28.22 27 29 27 31.9 
9.9 9.9 34 28 26.4 
44.28 16 18 20.66 18 
49.99 45 47.03 49 44.87 
129 106.52 104.61 109.77 133.99 
55 44.22 59.99 52 52 
20.3 25 10.94 21.22 10.99 
24.75 17.99 39.34 22.15 29 
129 125.73 139.9 128 119.99 
52.49 51.54 56.05 109 53 
34.18 18 23.23 20 44.28 
78 75.64 79.99 73 79 
13.28 12.58 13.6 18.9 15 
63.99 79.9 73.9 63.59 75.5 
44.99 49.47 51 42.99 47 
69.9 69.99 58 62.52 59 
80.77 119 83.69 89 90 
27.17 28 54 39 32 
24.09 26 45.9 41.55 45 
18 39.9 16.53 17.9 20 
59.8 61.54 59.8 64.99 60 
99 39 60 58 54.33 
40.92 35 34 49.47 42.99 
56 61.29 43 59.99 56 
45 37.09 49.99 29.99 49.99 
18 39.9 31 35 34.18 
65 28 24.75 29 26 
51 52.32 49.08 51.54 49.08 
40.76 45 48.9 38.58 50.99 
99.9 269.99 129.99 93.69 76.47 
108 89 129 85 109.99 
29 24.21 26.46 24.75 26 
44.22 47.01 49.47 55 51 
49.99 46.11 43.71 34.99 32.9 
38.58 43.67 44.08 43 42.9 
74 129.8 108 129.99 129 
122.81 116.77 117 115 115 
17 18 18.1 17.31 19 
25.08 26.64 34 29 113.75 
65 119 42.9 119.9 75 
34.9 34.99 34.99 24.33 39 
49.99 36.99 42 38 42.93 
18.11 14.79 16.9 10.39 17 
52.49 57 49.08 69.99 58 
106.17 135 119 65 109.8 
68.99 70.36 51 79 73 
279 279 276.17 263.47 282 
48.5 27 29 29.99 25.39 
21.99 16.9 29.99 18 16.9 
14.12 17 15 11.54 16 
34.99 30 25.46 31 29.99 
39.9 39 39.54 36.5 36.51 
34.99 33.49 29.9 29.99 24.99 
34.9 45.04 47.5 54.99 49 
52 55 35 46 52 
44.99 49.9 30.99 44.9 40 
49.47 29 47 53.8 46.3 
29.99 28.58 28.49 28.58 29 
18 19.99 18 18 16.63 
19 11 7.36 8.25 9.99 
19.16 25 21.22 12.09 24 
19.9 13.66 16 14.06 21.99 
67.31 65 49.9 49 77 
30.67 29.9 16.9 59.9 9.9 
18 22.7 20.76 16.9 18.45 
32.99 10.47 34.99 12.51 10.43 
51 52 42.4 49 44.99 
48.5 47.01 40.83 46.75 47 
69.99 59 55 57.9 114 
71 66 59 32 29.13 
13.6 15 18.9 13 24.9 
54 53 55 56.9 57 
29 49.99 73 49 28.8 
62 48.67 52.9 56 29 
60.35 64.46 69 59.99 68.29 
71.5 10 14.9 7.71 34.99 
59 69.99 57 56.05 48.31 
12.9 17.9 9.99 12.86 5.62 
30 26 24.62 27.68 29.99 
57.9 43 69 14.99 69.99 
34 49.2 49 42.99 49 
12.15 13.27 13.28 19.9 18 
24.99 28.9 34 24.75 34.99 
18 13.6 16.74 17 27.06 
26 25 26 24.33 25.22 
25 21.93 20.47 33.9 24.8 
118.99 129 139.9 129 119 
93.44 142 95.24 69.9 94.5 
13.6 13 17.64 17 16 
43 66 25 19.99 19.99 
25.64 65.99 27.3 27.3 73 
19.9 10.49 9.99 19.99 11.99 
19.99 34.99 9.99 32.5 32.99 
31.56 28 31 28 25.11 
18.9 17.64 13.28 16 13.99 
83.66 130.5 105.52 109 108 
122 119.62 131.32 39 34 
139.9 129 129 119 117.79 
49.48 57 79 56 66.99 
115 73 69 78 55 
41.53 26.05 23.23 31 19 
121.45 49 37 29.99 37 
18.1 16 15.19 17.99 19 
31 34.99 26 26.74 31.7 
76.3 74 75.71 86 95.99 
17 16 15.21 17.9 21.99 
44 46.99 47 47 34 
118 109.8 108.22 108.92 112 
21.99 14.11 44.9 18 16 
49 49 52 43 59.99 
73 49 28.8 29 49.99 
34.99 25.22 34 29.99 26 
137.99 135 119 80.77 89 
18.45 23.23 11.69 9.99 15.32 
43 69 65.58 69 33.46 
59.9 59 49.9 48.18 59.9 
27.99 29 34 27.56 30 
79.9 69.9 57.02 64.9 55.95 
139.99 133.04 127.59 116.93 119.31 
24 33.9 19 17 16.77 
19.9 19 18.45 19 22.25 
149 159.99 149 179.99 149 
119 68 84.9 59.9 66.33 
38 42 22.15 36.78 29 
15 15 22.25 20.76 17 
49.99 49 55 44.99 49.98 
79 77 88.5 79 81 
13.34 13.53 18.45 20.76 22.25 
16 11.6 19.9 13.28 16.84 
55.61 75.65 78.07 70.99 89.99 
39 39.99 36.5 42.9 34.18 
47.93 69.99 61.9 48.31 49.49 
49.2 49.2 32.7 43.45 34 
47 47.01 49 52.89 54.5 
64.99 51 51.44 51.44 48.31 
34.18 43.98 39.9 29.99 40.59 
17 17 18 35.99 16.35 
102 104.24 103 103.98 98.39 
43.95 44.95 77 39 52.93 
51.54 57 51 54 48.31 
14.99 29.99 22.77 9.9 4.99 
39.99 41.89 39 39.99 49.9 
148.99 149 159.9 145 179.9 
21.98 18 19.99 19.99 15 
159.99 149 149 149 149 
47 49.07 44.98 47.01 49.07 
26 29 28 29 26.9 
16 18.45 21.99 17 14.12 
5 32.9 20 28.51 18 
39.99 18.04 9.99 15.65 18 
109.99 159 179 150 87.99 
29.9 34.99 26.19 27 26 
29.9 26 29.99 43 31 
49 49 55 49.89 44.22 
123.51 129.99 74 129.8 129.99 
45.77 46 52 52 55 
25 16.02 18.45 25 14.52 
58 57 61 69.99 57 
54.99 57 59.99 59.99 59.9 
26 27.8 26.91 29.99 29 
79.99 79 89.99 75.65 74 
29 26.74 25.22 30 26 
92.29 39 99.99 99 83.43 
52 57 87 54 53.99 
74 70.73 119 109.9 70.73 
115 26 31.7 29 29.99 
29.99 34 33.9 62 29.99 
26.19 27 59 29.9 26.9 
19 32.61 51 54 39.99 
58.41 59 81 83.79 81 
33.61 35.67 39.9 43 33.9 
99 79.99 79.99 58.84 79.99 
110 115 112 106.32 109.99 
116 129 124.99 119.99 131.32 
104 99.5 99 98.9 89 
52.47 54.98 39 59.99 49.99 
52.47 51 53 55.99 49.08 
49 28 20.79 26 31 
55 50.76 49 39.9 49 
25.22 30 29 34.99 26.91 
34.9 49 59.99 53.8 45.85 
53 56.05 55 51 62 
109 83.66 80.99 109.99 108.22 
99.99 87 99 93 99.99 
39.99 26.31 32.9 29.63 28.51 
29 25.22 29 31 30 
18.05 11.6 19.9 16 16 
15 14.34 18 14.08 20.76 
19.99 16.02 14.34 22.25 19.99 
42 43 46 79 38.25 
129 165.7 99 129.99 128.54 
30 41.55 45 45.9 31 
54.99 55 49 42.79 49 
17 19 13.34 22.25 18 
22.57 17.9 20 23.23 19 
31 29.99 34.99 30.67 9.9 
26 26.99 27.68 28 25.22 
34 64.99 59 59 59 
15.55 89.99 9.99 9.99 20 
55 50.29 34 46.6 48 
47.77 63.5 53.57 55 36.51 
73 79.99 75.9 49.9 59 
34.44 9.9 9.9 9.99 34.44 
78 64.9 55.9 69.9 119.99 
122.39 119 89 116 84.79 
75.59 74 84.99 72 86 
90.78 93 92.53 82.09 99 
54.99 55.99 59.99 50 43.95 
14.59 10.39 17 18 18 
45.58 55.99 45 54 39 
24.75 69.9 24.75 34.99 34.99 
54.5 49 42.42 78.72 47.9 
49 44.99 42.98 52 42.99 
40.5 47.24 42 49.99 49.99 
24.8 26.73 33.9 11.4 27.99 
110 129.99 102.09 119 109 
24.75 49.99 44.5 42.93 17.99 
34.18 36.5 39.99 42.9 34.18 
59 65 62.52 58 77 
129.9 119 123 119.9 118.36 
100 89.37 103 104.24 95 
31.7 26.9 26.29 26 26 
119.9 116 113.52 119.02 113.53 
27.4 30.75 33.45 33 32 
31.5 24.58 34 31.9 9.99 
18 18.49 22.03 15.67 16.63 
16.75 18 17 20 39 
19.99 17.32 14.7 18 19.99 
59.99 39 52 54.08 49 
79.99 59 43 55.99 58 
25.39 25.88 43 28.71 29 
26.06 31 34.99 21 34.99 
49.84 43.74 48.94 53 54 
17 22.25 18.45 15 20 
56.05 52.47 54 54 62 
82.87 59.99 45.82 70 56 
13.28 18.05 12.99 12 16 
41.25 54.91 69 70 69.98 
26.93 31 9.9 28.74 30 
50 24.36 29.9 24.59 28.99 
42.98 42.99 47.5 48 46.9 
16 17 11.54 20.52 11.69 
52 27.7 27.9 44.22 44.99 
30 33.45 36.5 32 37.99 
11 19 10.7 18.99 7.36 
109 111 119 114.99 95 
15 19 18 17 14.89 
13 12.15 19 17 13.6 
17.98 19 29.99 39 18 
34.18 19 18 18.81 18 
15.04 18.45 17.9 16 14.1 
17.9 17 20.52 21.99 14.26 
19 20.76 18.99 15 11.54 
35 33.61 43 39.9 34.99 
99.9 62 99.9 69 72.5 
18 18.45 22.25 22.7 20.76 
54 49.31 49 52.77 53 
9.24 5.07 9.99 13.86 9.99 
14.89 19 15 19 14.59 
29.99 25.22 26 29.99 29 
44 44.99 55 47.01 53.8 
25.74 24.93 39.99 29.9 34.99 
62 64.08 148.9 64.08 59 
39 19 49.9 19.99 16.9 
56.05 52.32 49.08 51.54 39 
79 26 11.9 26 29.9 
145.07 144.99 129 151.4 146.31 
119 74.99 79 115 86 
64 59.8 39.99 60 64.99 
77 52 48.99 54.9 59.99 
28 63.5 29.52 33.81 31.1 
70.73 109.9 119 73 78 
44.22 51.48 61.49 59.9 59.99 
26.5 25 29.99 24.99 29.99 
89 116 128 84 119 
105.91 99.9 103.98 108 99.9 
74.42 89.9 88.5 77 77.2 
39 35.67 29.19 36.5 33 
52 52 52.93 54.08 48.5 
28.35 34.99 31 34.99 26.89 
61 65 61 61.38 59.13 
13.28 10.49 10 19.99 5.07 
54.99 56 57 69.99 88.5 
34.99 34.99 38.9 29.7 29.7 
52 44 59 46.99 59.99 
42.9 68.27 93.99 109.9 119 
22.25 19 43 20.76 10.39 
51.9 51.9 56 56.05 52.32 
51 56.43 59.99 69.99 51.8 
45 49.9 44 29 59 
28 24.69 34.99 26 26 
79 59 65.08 79.9 69.9 
59 59 34.99 34 64.99 
272 279 344 279 279 
44.22 39.9 59.99 52.93 55 
27.98 25.52 34.99 31.88 27 
52 65 84.68 52.47 51.36 
64.18 43.35 54.91 55.61 108 
21.99 20.52 18.45 19 15.04 
34 25 26.99 31 30 
45 59 43.05 84.99 46.03 
17 15.99 18.9 17 13.6 
109 175.89 129.99 129 119.99 
18 39 19.99 16.3 33.9 
59.99 52.9 34.99 43 59 
59.9 58 59.9 59.31 49 
69.9 69.99 65 65.08 65 
28 25.9 25.9 26 29 
55 59.99 45.04 43 47.5 
124 49.08 59.99 53 49.9 
44.22 43.49 51 49.89 39.9 
39.99 55.99 54.99 50.76 49 
18 19 19.99 14.34 15 
20.76 11.69 18.45 18 15 
119 95.93 104.99 89 103.15 
94.9 79 93 99.99 99 
26.94 26 28 29.9 34.99 
29 59.99 52.47 69.9 55 
15 13 16 12.58 11.99 
79 47.01 54.08 49 54.9 
59.99 57 51 40.18 53 
31.56 26 11.9 25.9 24.79 
126 119 129.99 116.13 99 
69.99 56.46 69.99 64.54 79.99 
122 139.99 114 115 114.02 
26 19.94 59 27.05 51.22 
15 19 13.89 11.69 18.45 
45 44.99 45.04 41.99 43.32 
19.9 24.99 13.66 14.11 15.04 
99 108 99.63 104.61 110 
68 91 79 81 69 
44 17.99 36.6 36.8 41 
26 26.99 25 31 34 
77 58 89.9 60.32 52.46 
15.67 19.99 33.99 18 19.99 
45 49 44.22 44.98 47.01 
9.9 28.78 35 34.44 9.99 
24.33 29.99 28 26 29 
69.99 69.99 65 52.99 60 
119.99 119.99 114.99 112 108.86 
59 72.5 69 99.9 41.72 
72.19 83.79 79 52.9 89.99 
48.06 47.74 49.48 69.99 79 
27.06 17 14.59 13 16.74 
42.63 55.61 51 106 54 
15 22.25 20.76 19 10.39 
69 74.32 89.99 69 70 
20.52 21.99 15.04 15 44.9 
11.69 14.79 18 19 11.54 
41 44.28 40.89 39 40.16 
98 60.28 104.72 59.18 60.28 
49.47 46 46.9 44.99 29 
22.25 18 16.8 20.76 18.45 
81 73.98 89 89.9 77 
55.99 53.06 53.06 46.36 49 
82.93 81 70.87 77 75.99 
109 94.96 52.44 104.72 98 
45.99 41 34.76 36.99 38 
12 16 16.84 13.99 18.05 
57 59 61 69.99 58.53 
29.99 24.62 34.99 29.99 27.68 
27.5 12 14 38.8 12.3 
59.99 55.43 44.11 45.82 44.99 
75.7 72.74 79 86 79.9 
18.45 17 15 15 22.25 
59.9 49.31 39 49 54.9 
63 64 69.99 62.99 63 
20.76 18 18.09 20 19.68 
45.04 49.89 49 43 51 
26.8 29 27 27.99 32.28 
46.3 46.3 42.99 52 44.22 
18 17 18 18 16.8 
49.99 52.89 47.01 59.99 58.89 
89 89.99 81.5 55.42 18 
14.3 20.76 17 19 15 
19 32.5 9.99 34.99 18.99 
84.99 54.33 59 79.99 62 
59 75.99 99.99 108 81 
108 109.98 69 109 108 
19.9 15.49 19.99 18 30 
13 13.6 15 14.99 24.9 
16.99 16.9 18.45 15 18 
11.81 39.9 38.8 13 12 
26.91 34.9 30 34.99 34.99 
49 49.47 41.12 49 51 
65.08 55.45 56.04 65 62 
55 129.99 149.99 81.15 103.15 
59 59.9 61.49 59.31 58 
31 30.37 44.9 63.5 31.1 
26.05 31 44.28 35 28.71 
19 13.46 13.78 52.45 19.99 
35.79 38.99 39.6 42 34.76 
30 24 25 30 13 14.97 13 13 19.99 29 18 25 19.99 19 15 13 20 21 30 20.99 30 29 24 19.99 19.99 29 19 13 30 13 9.99 30 30 15.99 19.99 30 20.99 21 21 17.9 30 20 29 24.9 18 35 30 29 19.99 12 19 18 19.99 26 17.9 29 30 15 19.99 19.9 13 22 15 24.9 17.9 19 19 14.97 15 15 19.99 21 15 15 19 19.9 30 19.99 21 22 21 30 15 30 19.99 14.97 19 14.97 30 35 9.95 25 13 29 29 30 21 19 13 14.97 24 15 15 25 14.97 25 30 15 29 14.97 30 17 35 21 17 24 35 17.9 25 25 22 25 13 21 35 13 18 26 15 26 18 17.9 30 19.9 15 21 19 19 19.9 12 24.9 15.99 13 15 30 20 12 21 24 26 15 14.97 149.99 30 17.9 30 21 14.97 13 21 19.99 26 29 17.9 9.99 9.95 24.9 22 25 13 26 13.9 17.9 30 19.9 30 13 24.9 15 19.99 35 13 14.97 9.99 19.9 17.9 26 20.99 22 22 18 21 19.99 25 17 35 15.99 30 29 19 19.9 15.99 29 13 22 30 30 13 24.9 17.9 24.9 14.97 20 21 21 25 13 25 19.99 30 19.9 20 24.9 19 30 21 13 14.97 20 30 17.9 18 24.9 30 149.99 24.9 17 25 25 35 21 13.9 17.9 30 19 29 30 17.9 29 15 12 29 30 14.97 17 15 29 15 29 15 15 15.99 24.9 15.99 12 14.97 15.99 13 21 14.97 19 13 17.9 24.9 20.99 20.99 21 9.95 12 17 14.97 9.95 19 30 18 15 21 14.97 19.99 14.97 19.99 13.9 30 19.99 15 17.9 26 15 17.9 15 19.99 19 30 19 15 15 29 19.9 20 15 30 17.9 13.9 149.99 15 17.9 30 19.9 25 25 19.9 20.99 21 20.99 20 14.97 30 22 17.9 30 25 17 30 12 21 19 21 18 22 25 17.9 9.99 19.9 17.9 15 19.99 19 35 14.97 14.97 30 30 17.9 13.9 30 21 20.99 35 15 9.99 15 21 20.99 24.9 18 19 35 9.95 19.9 24.9 19.9 30 24 19.99 19.99 13.9 19.99 21 15 20.99 15.99 13 22 14.97 30 12 18 12 15 30 25 14.97 20 29 20.99 26 15 22 9.95 22 