5 400
28 28 27.05 24.79 5.94 
113.75 29 30 26.64 26 
54 59 66.99 34 54.99 
44 46.3 49 43 42.91 
34 10 6.94 14.9 71.5 
17.99 36.8 41 9.99 69.9 
25.52 24.67 30 30.9 27 
51.9 51 51 56.05 55.99 
79.99 58 58 59 57.75 
64 61 62.71 69 59 
41.99 30 29.99 24.09 41.55 
75 70.36 73 51 49.9 
179 179.99 150 99 159 
55.35 55.99 59.9 49 61 
20.76 13.88 14.99 24.9 10.39 
21 27.05 28 31.56 26 
145 129 154 153 146 
49.9 54 39 52.47 57.01 
55 45.85 51 43 49 
86 109 113.65 59 117.13 
49 49.47 46.75 47.01 29 
29 29 26 28 27.68 
29.99 26 28 24.33 26 
6.99 12.87 9.99 13.9 11.53 
19 10.39 29 14.34 22.25 
63.47 69 79.99 69.99 79.9 
69.99 57.9 62.99 64.93 79.99 
9.9 36.5 34.44 19 9.99 
97 89 89.99 93 87 
80.71 87 82 99.9 72.19 
80.19 66.99 53 49.08 69.99 
53.06 44.99 53.06 50.7 52 
16.99 19.99 20.76 18 18.45 
59 79 62 69.9 72.5 
29 31 27.56 26.8 25.76 
73.19 119.9 74 110 105 
139.99 121 112.9 114.02 124.99 
69.99 109.9 102.34 104.94 48.67 
51.54 52.47 54 119.99 66.99 
49 55 51 53.61 54.98 
117 116.77 113.78 116.77 149 
24.59 25.22 28.99 29.9 25.22 
44 53.8 44.22 47 49 
39.99 70.9 64.27 64.28 61.96 
116.13 89 165.7 129.99 98 
18 13 16.74 10.39 14.59 
16.02 18 20 18.45 15 
52 72 63 65.82 63 
29 29 25.22 26 28 
54.08 53.61 58 59 58.99 
14.99 13.28 14.99 18.9 13 
39 53 59 54.9 59 
29.99 26.74 28 28.99 25.98 
13 16 13.28 18 24 
179 140 159.99 151.4 149.99 
149.01 146 159.99 148 135 
55 59 52.56 59 54.9 
118 122.99 128 119.02 116.87 
60 54.99 49.99 49.99 58.99 
22.25 18.45 13.89 10.39 19 
42.37 40 38 40 49.99 
44.9 16 14.11 15 15.04 
52 53.61 54.98 49 46.99 
70.99 48.31 73 115 79.99 
49 41.31 56.99 43 44.9 
9.99 15.6 9.99 17.9 17 
39 32.9 47.01 44 21 
49.9 51 44.99 52 59 
59.99 59.98 120.86 69 49.99 
72.5 41.72 65 62 55.45 
58.06 66.33 75 64.89 67.9 
48 50.11 46.14 53 77 
19 18 25.99 13.47 19 
99 18 17.9 15.21 17 
69 47 57 55.43 62 
19 9.99 8.25 9.99 11.46 
49.89 49.47 46.89 59.99 46 
16.3 19 19 19.99 22.03 
35.67 65 34 33.15 36.5 
95.68 103 105.91 104.99 109 
75.47 89.9 71.34 74 71.34 
42.33 47.01 47.5 54.89 49.47 
99 104.99 90.41 99 91.91 
9.99 14.9 29 29.99 39.99 
34.9 49.47 51 43.79 47 
14.79 18.11 20 17 14.93 
59.99 49 59.99 59.99 45 
33 34.99 33.61 43 39.9 
18 19 18.99 11.54 19.9 
24.53 19.94 23.94 29.99 25 
69 62 41.72 64.28 99.9 
36.78 37.99 49.99 49.99 38.25 
299.99 279 319 344 279 
54.9 53 59.99 49.9 59 
13 14.99 18 15 17 
18 34.18 20 44.28 18 
49 19 39.9 49.99 61.17 
279 285 289 281 257.44 
118 126.96 118.99 184 119.9 
79 71.46 88.5 72.27 142 
15.64 9.99 9.99 22 15.65 
58.53 59 57 54.74 69.99 
26 26.9 26 30 29 
45 55 59.99 49 59.99 
54 49 47.01 54.08 59.99 
82 90 99.99 59 99.99 
15.99 18.45 15 15 17.9 
29.99 31 22.95 24.99 28.9 
22 24 24.99 25 24.99 
77 53 59.99 59 48.5 
15.03 17 13.54 18.45 17 
16 14.11 15 15 21.99 
33.49 10.43 10.47 32 39 
49.89 42.99 46.3 34 47 
44.5 78.72 43.84 47.9 54.5 
127.9 116.53 118.2 79.9 125 
93.69 97.5 84.6 62.37 269.99 
54.99 59.99 57.45 57 59.99 
108.22 139 96.95 80.99 106.95 
25.99 15 19 16.02 20.76 
47 42.19 42.99 45.13 49 
38 142 39.51 45 59.99 
34.18 35 18 34.8 20 
99 99 116.13 119 126 
59.99 51 54.99 45.58 53.61 
67.82 39.9 29 19 76.05 
14.9 9.99 40 29 27 
17.98 16.53 35.67 18 34.9 
61 77 61.49 59 44.22 
66.5 42.89 49.99 49.99 46 
150 99 99.9 179 155 
87.12 83.99 92.9 97 108 
29.99 28.49 28.58 27.68 26.46 
109.98 117.05 70.01 86 70.02 
16.9 17 16.02 16.99 14.74 
29 30 69.9 29.13 23.39 
17.9 15 18.45 15.99 18 
119 115 117.05 109.98 79 
18.95 13.6 13.28 16 18.9 
106.95 83.66 129 139 99.9 
29 17.32 20.76 10.39 17 
142 59.9 75 78.21 67 
18 29.99 39.99 39 22 
43 27 35.51 31.07 39.49 
105.37 69.9 86.07 86.35 90 
29 59 49.08 57 59.9 
119 115.99 129.99 172 118 
18 15.84 15 16.02 19.99 
89.99 93.13 99.99 99.99 93.5 
54 49.08 51 53 38.61 
15.19 21 18.1 19 17.31 
42 39.99 35 36.5 39 
111 130.5 109.98 89 109.99 
109.38 103.98 109 114 105.91 
17 22.03 18 33.9 19 
34 22.94 28.99 26.99 25 
9.99 18.9 10.39 12.15 16.74 
119 64.89 67 67 66.33 
41 36.78 39.99 56.9 49.99 
17.98 18 34.18 36.5 16.8 
49.9 46.6 34 49.47 54.99 
52.93 49.47 77 54.08 53 
79.99 51 51 56.05 43 
15 38 44.9 17.99 20.52 
18 15 18.45 14.34 16.99 
24.11 24 28.99 22.68 24.11 
59.99 55.35 61 64 59.18 
36.5 43.98 39.9 39.54 39.99 
29.99 25.22 30 29.9 26 
26 27.21 34.99 26.94 24.21 
90 75.71 72.74 77 88.5 
19 14.74 17 18 16.77 
16.04 9.99 29.99 32.99 34 
29 30 26.05 42.99 18.5 
18.99 18.45 20 19 16.02 
16.9 13.83 16.02 20.76 18 
59.99 36.33 45 69.99 34.38 
49.49 57 51 59.99 51 
29 29.99 54 24.53 23.94 
31 31.7 26.74 24.69 26 
35.9 56.05 34.63 51 54 
49.47 47.01 49 44.22 49.99 
51 49.47 46.3 44.99 51 
19 20 10.39 16.9 17 
37.5 40.69 43.94 43 42.9 
117.54 119 114 113.52 119.9 
34 26.73 39.99 29.9 24.93 
59.99 51 56.05 54 55.99 
121.77 114.02 139.99 121 114 
46 36.99 38.44 38.5 40.59 
39 18.49 17 15.67 19.99 
62 58.84 59 84.99 79.99 
39.99 20.76 10.39 15 20 
63.52 59 59 59 64.99 
48.18 49.07 54.5 59.9 49.9 
49 37 114 43 119.99 
27 48.5 32.41 30 28.71 
47 44 46.99 39.69 42.19 
130.5 107.5 108 109 108 
69.99 54 56.05 86.9 49.08 
26.74 29 26 26 26 
30.9 29 27 27 29.99 
15 18.45 13.89 14.34 11.69 
30.77 29.13 25.39 34.99 19 
119 118.2 99.99 116.53 79.9 
56.9 58.41 89.98 80.81 79 
172 119.9 123 119 129.9 
98 98 104.72 60.28 94.96 
37.61 41.18 21.93 12.08 34.99 
31 37.63 11.29 39 35.67 
51 47.01 53.8 34.9 47 
29.99 27.52 33 36.5 37.99 
69.99 73.9 66.83 58.47 65 
29.99 34.99 30 24.33 26.99 
44.99 52 53.8 55 49.47 
53.43 39.99 29.99 29.99 55.99 
34 31.56 24.59 24.79 29.01 
18 17 20 17.9 19 
18.49 19.99 16.63 18 19 
26.5 34 29 29.99 31.63 
51 115 73 67.5 69 
31 31 27 34.99 34.99 
78.72 42.42 34 43.84 44.5 
40.59 35 39.54 39 34.18 
38 34 34.76 42 42.37 
43 58.84 59 62.57 79.99 
54 47 39 33.46 56.05 
28.71 34 26.8 27.99 29 
62.35 55.35 44.99 51.48 44.22 
57 51.44 54 53 54 
47.01 52.89 49 49.99 54.5 
20.78 20.76 16.99 24.99 24.99 
24.33 24.58 29.99 31.5 31.9 
16.02 18 18 24.99 15 
53 54 47.01 52.77 54 
13.99 13.6 17.64 7.9 16 
39.9 61 32 69.8 63.33 
65.9 64.08 61.5 61 55.95 
106.52 104.61 105 108 133.99 
29 26 28.49 26.46 34.99 
89.99 20.2 19.9 15.55 9.99 
31 33.15 39.9 32.55 34.99 
25.22 25.22 31.7 26.74 34.99 
24.75 31 29.99 24.99 22.95 
52 49 49 45.46 34.9 
67.82 67 76.05 73 49 
85 99.9 89.9 84.9 84 
119 172 115 129.99 119 
12.15 13.28 18.9 13.27 11.99 
8 69.9 8.25 37.99 9.13 
19 14.99 13.88 10.39 15 
88.9 94.9 99 89.99 89.99 
119 64.99 43 109 99.9 
39.9 51 54.08 54 49 
39.99 29 29.99 30.69 34 
77.95 55.35 58 59 59.99 
13 15 11.99 17.64 13.28 
69 53.74 62.71 59.2 58.99 
116 119.99 119 98.9 99 
28.51 31 18 22 20 
93 88.9 89.99 99.99 89.99 
11.6 16 16 13.28 12.99 
129.99 119 123 126.96 124.67 
46.3 47 49 49.99 51 
13 5.07 19.99 10 9.99 
20 35.99 22.03 18 17 
14.99 35.67 39.49 35.51 27 
48.31 52.49 77.99 86.9 89 
59.99 59.99 46.19 58 59.99 
57 69.99 53.83 102.34 129.99 
30.9 27.29 29.99 30 49 
19.79 24.69 31 28 29.9 
21 24.9 17.31 18.1 17 
47 52.45 15 15 18 
88.5 79.38 75.47 71.34 73.8 
58 54.99 52.46 89 89.9 
16.9 19.99 16.02 18.45 16.49 
69.9 95.9 77.95 93.44 86.07 
44.99 52 49.99 54.9 49 
38.5 36.78 38 79 40.59 
25.49 24.99 39 25 32.98 
13.6 17 13 14.99 13.28 
45.73 50.76 47.01 43.32 49.47 
25.22 26 27.68 25.22 34 
79.99 56.05 51 51.44 51.44 
17.64 13 12.15 13.78 13.28 
11.69 23.23 15 18.45 22.25 
61 58 57 63 69.9 
17 18.1 17.31 18.1 15.19 
17.99 17.31 19 14.99 17 
26.9 26.19 34.99 23.63 59 
22 25.85 22.57 18 42.99 
119 126 113 99 98 
25.22 113.75 26 28 25.22 
52 49.99 49.89 49.9 46 
30 34.9 34.99 39 34.99 
52 41.99 54.08 49 55.99 
47.01 44.22 42.9 49.47 47.01 
129.99 110 109.8 119.99 109.8 
60.3 59.99 52.46 59 69.9 
107.5 83.66 69 119.99 108 
60.3 58 69.9 79 52.46 
49.99 38.25 56 28.98 30.63 
16.99 14.52 14.34 25 18 
26.64 25.08 28 30 29.99 
49.47 49 48.89 55 49.9 
49.9 45 40.67 44.4 44.9 
69 51 56.05 69.99 53 
123 139.99 129 122.99 128 
119.62 132.5 34 117 129 
31 28 26.29 29 25.11 
129.99 39 39 49.99 49 
58 62 65 58 54.5 
72.99 89.9 73.8 79 79 
19.9 14.06 29 30.9 14.11 
48.18 43.98 47 59 47.01 
73 74.93 89 78.99 74 
42.99 49.9 44.9 30.37 69 
42.57 45 49.99 44 56 
44.9 14.34 22.25 14.39 18.99 
55 42.99 42.99 51 48 
19.99 33.49 32 20 29.99 
34 36.5 35.67 25 24.99 
13 17.64 19.9 12.58 11.99 
79.9 92.56 68 91 81 
24.33 30 34.99 26.99 26.99 
399 219 209 206.5 229 
69.99 107 89 81.15 89 
18.9 16 17.64 13.28 16 
90 81 99.9 89 83.77 
50.8 57 55 54 49.08 
26 29.99 30 45.9 31 
16.75 22.03 15.67 19 17 
43.99 40 40 38.99 42 
26 27.72 30 26 26.97 
49 51 44 43.79 46.3 
60.28 57.26 60.28 105 98 
79 87.99 160.16 159 179.99 
46.3 59.99 44.99 49 46.3 
42.99 49 52 47 52 
14.1 15.04 16 15.21 86 
29.99 28.99 26.99 29.99 25 
117.54 122.5 119 119.02 112 
27.68 28.49 26 29 28.58 
79 81 72.27 89.9 89 
76.99 81 79.9 99.98 67.8 
78.07 79.99 69 79 75.65 
109 29 25.68 28.71 69.99 
34.99 59.9 31 24.99 31 
39.99 11.69 14.34 18 10.39 
47.19 46 40.16 49 48 
15.04 15.04 24.99 14.11 19 
22.03 19 16.63 20 19.99 
42.9 39 47 86 44.9 
54.9 49.99 55 59 51.38 
44.22 44.99 52 43.49 49 
25.22 26.74 26.97 26 30 
15 17 19 17 11.54 
12 13.28 16.84 19.9 11.6 
9.9 26.64 27.45 26 26 
27.37 30 22.99 29.99 34.99 
29 31.7 25 28 34 
72 47.36 63 65.82 84.68 
151 69.99 89 91.02 60.22 
49 53.8 46.9 49 55 
51 51 52.32 55.99 48.31 
41 34 40 37.5 46 
19 32 17 18 19.99 
18.9 14.99 17 13 14.99 
30.44 33.9 33.61 33.61 33 
35.67 29.99 11.29 34.18 31.1 
114.84 119 119.9 110 114.99 
46.89 55 44.99 52 40.92 
53 56.05 33.46 51 51 
16.8 39.9 34.18 35 26.05 
29.99 26 30 26 24.69 
119 75.65 73 42.9 70.73 
15.67 32 34.06 15.67 17 
46.3 42.99 43.79 49 44 
41.34 86 43.05 49.2 45 
59.99 77 55.99 59.99 46.19 
99 90.41 90.41 100 99 
19 23 17 20.76 19.99 
75.59 79.95 65.99 73.42 84.99 
30 24.33 34.99 39 34.99 
18.81 16.8 34.18 20.83 31 
251 99.9 109 111 99.9 
24.62 29.99 24.69 29.99 34.99 
39 35 34.18 26.05 36.5 
27 32.41 34.99 29 43 
19 49.9 29 17.9 13.13 
18 13.54 17.9 18 10.39 
17 29 19.99 13.13 35.67 
59.9 45.92 47 49.74 56.99 
48.92 49 39.69 49.99 52 
20 11.69 18 14.34 20.76 
72.99 99.99 69.52 79.38 73.8 
53 51 59 39.45 41 
19.99 86 44.9 49.99 19.99 
119.99 100 90.41 99 90.66 
21 21 9.95 19.99 19.99 15 21 17.9 9.95 17.9 24.9 22 30 30 14.97 30 20 30 13 21 18 21 22 24.9 13 19.99 30 30 29 24 18 19.9 35 25 24.9 17.9 21 19 13.9 149.99 25 19.9 22 22 26 15 14.97 25 17.9 19.9 19 24.9 18 35 18 30 24.9 18 19.9 21 25 19 9.95 25 13.9 15.99 20.99 15 19.99 15 19.9 22 19.9 13 20.99 13.9 30 149.99 30 20 14.97 29 25 17.9 17 35 12 15.99 20.99 21 13.9 9.95 20.99 12 19 30 19.9 24 20 14.97 24 14.97 19.9 22 22 19.99 15 19 19 22 15.99 20 19.99 18 20.99 25 30 29 21 19.9 30 30 24.9 26 19.99 12 19 24.9 18 19.9 24 20.99 13 14.97 19 17.9 12 21 15 30 15 25 19 12 15 24.9 19.99 17 26 17 21 15 30 17.9 19 9.99 25 15 19 17.9 19 15 18 13 17 19 25 22 17.9 17.9 17.9 17.9 14.97 24.9 30 24.9 30 20 13 17 16 19 22 24 15 11 19.99 19 30 19 30 17.9 15 30 13 30 14.97 15 25 24.9 18 14.97 21 17.9 25 21 15 25 14.97 20.99 30 13 30 19 30 14.97 17.9 35 13.9 20.99 29 9.99 15.99 24.9 21 19.99 20 14.97 19.9 18 14.97 15 21 14.97 30 17 30 20.99 17.9 19.99 13 15 13 19 15 21 30 15 15 29 15 26 30 149.99 19.9 30 30 30 14.97 30 25 15 23 22 20.99 20 19.9 19 19.99 14.97 35 30 15 9.95 15 24.9 15 35 25 13.9 29 19 26 17.9 22 15 13.9 17.9 35 30 21 25 29 30 20 9.95 13.9 17.9 17.9 30 20 25 13 15 15 30 30 9.95 19 9.95 15 30 30 26 15 13 24.9 12 19 24 18 21 30 20.99 19 9.99 149.99 12 19 14.97 19 9.95 20 21 17.9 21 18 29 20.99 14.97 20 15 18 22 19.99 149.99 17.9 25 25 21 22 13 13 17.9 25 17 20 24.9 15 15 30 30 18 25 22 17.9 17.9 26 35 19.99 35 19 9.99 13 17.9 22 13.9 17 18 15 19.99 21 24.9 20.99 19.9 15 19.99 19.9 24 19 21 15 15 15.99 30 15.99 19.9 9.95 13 20 
