5 400
33.66 69 55.61 61 43 
13.53 9.99 14.93 10.39 17.9 
149 179.99 149 159.99 149 
21 80.99 28 19 28.16 
11.69 14.34 14.49 10.39 15 
25 33.9 26.73 24.8 20.48 
59.9 54 54.99 47.01 45 
26 28 24.33 34.99 26.64 
42.91 52 49 43 49.89 
44.99 49 41.99 49.47 50 
54 57.21 69 59.13 55 
53 53.37 124 56.05 51 
19 18 19.99 17 16.9 
49.99 49 58.95 49.9 66.11 
69.99 58 61 61 58.53 
35 44.99 42.99 47.01 40.44 
31 26.05 16.53 17.9 18 
55.99 39.9 49 59.99 53 
30.51 79 28.91 30 30 
19 17 14.69 19.68 20.76 
79.9 99.99 75 81 91 
54.08 53.61 54.99 46.99 51 
59.01 89 60 92 60.22 
54 31.01 56 48.31 51 
43 79 57 69.9 48.31 
28.74 29 29 26.93 26 
64.35 44.11 61.01 49.99 62 
27.3 65.99 27.3 86 23.23 
62 58.74 66.89 59.13 69 
89.9 75.7 89.9 95.99 72.74 
59.18 94.96 57.26 60.28 98 
28 29 26 26 31.7 
29.99 30.75 37.99 29.9 25.31 
120.86 69 98.72 49.99 59.99 
109 82 119 89 108.56 
40.92 29 46.3 44 52 
9.9 9.9 28 34 26.4 
32 10.43 10.47 20 19.99 
79.99 61 64.54 60 67 
27.99 28 26 41.21 26 
15.41 16.02 15 18 24.99 
66.9 65 62.37 62.17 76.47 
62.99 63 64.93 14.99 57.9 
49 47.5 47.01 46 49 
42.99 30.69 34.18 35 31 
49.9 49.99 46.6 50.29 32.5 
29.99 29.69 34.99 34.99 29.9 
30 35 26.05 39.9 31 
13.63 22.25 18.45 19 16.02 
49.9 29.99 37.61 20.47 34.99 
52 49 46.99 39 53 
66.99 148.9 58.74 61 65 
19.99 22.25 15.84 20 18 
119.62 131.32 34 39 132.5 
26 30 25.22 29.9 31.7 
42.19 44.99 52 44 39.69 
13 13.28 17.64 13.78 17 
49 52 44.22 47.01 42.99 
20.76 18.45 20 15 18 
67 59 55.99 99 84.99 
73 74 79 73.19 55.61 
34.18 16.8 38.99 34.18 19 
24.58 9.99 34 35.5 24.33 
119.99 86 66.55 79.9 119 
24.69 29.99 29.99 28 26.5 
34.32 31 19 42.99 13.35 
20 16.9 22.25 16.99 20.76 
30.41 38.9 34 32 27.87 
49.47 50 44 49 52 
19.9 16 13.6 13.28 13 
20.48 40.59 20.47 37.61 49.9 
34.99 33.61 35.67 43 39.9 
16.02 18 19 13.63 29 
18 79.99 19.9 29 19.99 
48.31 51 49.08 51.54 49.9 
22.25 19.99 18.45 14.34 26 
27.76 27.76 33 36.9 33 
23.94 54 29.9 29.99 53 
30.77 34.99 51 56.05 29.13 
19.99 20.76 18.45 19 11.69 
44.28 34.18 35 29.58 34.18 
54.5 52.89 47 45.92 47.01 
74 89 76.3 88.5 90 
47 49 44 49.47 50.29 
106.22 118 119 118 99 
29.99 33.95 31.63 34 29.99 
34.06 16.63 37 14.74 18 
43.6 44.99 54.99 35 43 
39.99 19 18.45 20.76 19 
49.89 50.76 55.99 52.93 59.99 
19.9 13.74 15 10.39 14.05 
19 15.67 16.75 17 15.67 
86 54.9 43.6 47.36 44.99 
41 39.24 40.76 42 48.9 
29.99 20.67 22 23.64 22 
9.13 69.9 37.99 9.78 69.9 
17 18.45 11.69 11.54 16.99 
25 6.94 19.99 20 9.9 
69 69 65 62.91 66.89 
74 119 93.99 73 70.73 
54.5 59.9 49.74 52.89 56.99 
58.84 58 60 55.99 84.99 
20 19 19.99 17 14.74 
49.99 39.99 39.99 41.89 44 
110.84 43 101.5 105.93 109 
19 18 20 22.03 15.73 
199.99 189.99 179 229.99 179 
39 35 28.71 31 37.9 
27 25.39 32.41 26.99 34.99 
109 109 111 99.9 142 
55 65 73.06 74 55.61 
15.03 10.58 18 18 10.39 
19 19 16.63 18 22.03 
39 79.99 99 59 84.99 
9.9 9.9 91 34 80.99 
154.99 149 146 147 149 
113.53 129 122.5 119.8 119.02 
15.67 17 26 16.77 16.63 
47 46.3 42.99 42.9 49 
13.1 30 34.18 30 18.45 
65 59 69.9 60.3 59.99 
46 48.67 54.99 43 66.5 
55 53 54.99 52 32.9 
23.76 26.7 9.9 19 19.99 
78.26 81 75.65 99.9 75.99 
69 29.13 61 43 69 
49 44.65 42.19 34 44 
52 44.99 29 44.99 51 
35 33.61 35.67 34.99 36.65 
47.01 48.47 45.77 55 56 
93.99 89.9 108 80.71 93.69 
19 20.66 15 13.95 18 
79.9 64.99 61 70.11 59.9 
39 22.57 22 17.9 17.9 
43 79.99 69.99 14.99 57.9 
34.99 48.5 5.84 4.99 34.99 
18.13 24 11 10.94 20.3 
19 19 18.45 18 24.9 
18 15.41 19.99 19 17 
29 49 25.52 29.99 27 
79 72.5 69.99 65 55.45 
13.28 17 17.64 24 18.9 
67 67 68 59.9 142 
16 15.19 18.1 21 17 
116.13 126 129 113 128.54 
64.9 48.67 65 57 109.9 
44.9 59.9 44.4 59.9 49.9 
13 18 16 17 13.6 
42.89 44.58 43 46 43 
31 29.99 26.5 25.22 24.69 
79.95 79.99 65.99 79 78 
49.89 46.3 55 44.99 47.01 
57.75 54.99 79.99 62.57 84.99 
34 117 132.5 131.32 39 
54 57 51 59 64.99 
22.03 20 16.75 39 17 
69 69 62.99 41.25 69 
46 46.9 44.99 49 46.9 
30 26 24.69 34.99 25.22 
28.78 32.37 34.44 9.9 36.5 
55.37 109 69.99 89 94.99 
19 11.54 19.99 9.99 19.99 
54 55.9 56.05 34 69.99 
49.99 69 55.43 45.82 45.82 
9.99 9.45 17 10.39 16.9 
109 94.96 59.18 104.72 98 
47.01 44.22 49.47 49.99 42.99 
25.22 26 31.7 26.91 24.33 
69 39.87 64.35 49.99 61.01 
35 40.44 44.9 47.01 49.47 
64.9 58.06 71 119 66.43 
37.63 29.99 45 11.29 35.67 
26.99 24.11 26.5 22 28.99 
39.68 40.67 47 44.9 59.9 
76.99 137.99 119.98 123 94.99 
33.9 43 33.61 35.67 33.61 
109 104.99 108 99.9 95.68 
51 48 44.99 49.47 32.7 
17 33.9 35 14.74 19 
55 47.01 49.99 44 29 
59.9 67 142 75 68 
79.99 58 39 79.99 58 
54 52.59 54.99 51.54 54 
26.99 30 34.99 34.99 26.99 
13.28 18.9 17 18 12.15 
27 34.9 41 35.5 35.67 
79.9 79 79 81 89 
46.18 40.17 49.99 69.99 49.99 
64.18 43.56 55.61 44.99 69.98 
13.53 9.99 17.9 16.9 9.45 
29 28.49 28 30 27.68 
55.61 60.53 62.37 69.9 67.9 
18.45 19 18 10.63 10.58 
20.76 18.45 15 16.02 20 
58.35 59 63.52 59 119 
199.99 189.99 179 179 179 
28.99 21 31 26.06 29.99 
51 46.75 49 47 49.47 
33 43 33.61 35.67 34.99 
42 44.28 35 36.5 41 
54 52.32 49.9 39 39.6 
16 13 19.99 16 19.9 
149 149 149 149 179.99 
16.77 19.99 17 15.67 18.49 
105 102.09 109.99 104.89 119 
34 34.99 71.5 10 1.99 
47.99 39.24 36.78 40 37.99 
9.99 9.9 9.9 36.5 19 
65 63 67 64.47 68.29 
44.22 49 49.99 49 48.9 
39.69 45 51 44 34.9 
19.99 14.89 18 17 18.99 
16 12.15 17 18.9 13 
51.54 55.99 57 56.05 59.99 
79.9 73.9 69 67 75.5 
26 24 34.99 26 26.99 
12 27.5 12.3 49.99 13.15 
100.19 43 119.99 64.99 101.97 
69.9 36.63 25 69.9 18.48 
81 81 80.81 99.99 82 
56.05 52.47 51.54 57 51 
229 219 399 220 237 
29.99 34.99 28.99 31 31 
89 119 104.99 108.56 109 
114 113.53 119.9 103.94 113.52 
79 88.5 79 89 76.3 
104 117.04 129 99 89.99 
73.35 77 78.26 76 81 
26 26.74 25.22 29.99 24.33 
49 46.89 45.57 49.89 35 
54 71 59.99 57 52.47 
17 20.91 17.99 17 19 
74 86 159 77.09 65.99 
52.46 77 89.9 69.99 60 
12.58 14.99 13.28 18.9 17 
26 34.18 29.99 26 32.9 
47.19 47.19 46 43 40.16 
46 44.11 48 47.19 48 
54.9 51.38 55 51.6 66.99 
82.19 44.99 99.9 52.9 109 
49 40.89 19.99 39 49.9 
17 16.02 14.74 22.25 20 
11.54 17 14.99 24.9 11.69 
12.58 14.99 15 11.99 17.64 
70.36 69.99 73 78 70.36 
24.19 23.99 29.99 29.99 22 
57.99 66.99 49.99 59 47.89 
47 46.3 49 49.47 49 
24.11 26.5 22.68 26.99 24 
42.57 41.39 44 47 49.99 
51 62 55.99 54 51 
47 42.99 34.9 52 53.8 
44.5 38 34.76 42 36.99 
77 57.84 56 51 51 
47 38.58 44.9 46 43 
26 26.91 29 30 26 
53.74 58 62.71 61 59.2 
35 44.28 39.17 34.18 28.71 
22.76 29.99 29.99 24.99 28.49 
79 67.91 89 79 74 
14.99 22.25 18.45 13 18.99 
79 89 107 81.15 55 
49.99 52.47 59.99 54.9 59.99 
28 25.22 28.99 36 29.9 
54.98 44.22 49 39 39.9 
52 49.47 47 41.12 47.01 
57.81 61 69 64 62.71 
64.99 55.95 64.9 61 59.9 
67.47 70 69.8 61.01 69.8 
53 24.53 19.94 31 26.73 
47.01 55 47 49 51 
51 51 42.63 31.01 54 
100 98.39 102 89.37 103.99 
44.9 14.34 19 18.45 18 
40.59 29.99 28.71 35 39 
44 54.99 69.99 49.99 40.17 
179 189.99 179 209.9 229.99 
52 47.01 53.8 46.9 49 
49.47 45.9 52 59.99 47.5 
24.69 26 34.99 29 29 
4 6.01 4.7 17.64 16 
53 43.74 119.9 56 48.94 
59.99 53 54.08 59.9 54.9 
24.67 30 25.22 26 26 
35.67 35 32.9 33 28.71 
23.36 27 28 24.75 29.99 
59 75.65 78 55.61 73 
27 35.67 24.99 30.9 26.4 
49 47.01 49.47 47.01 42.9 
35.67 24.79 34 32.98 31.91 
39 67.31 77 49 65 
42.63 34.99 34.99 28 29 
75.99 99.99 81 85 73.35 
69 55 73 73.06 89.99 
59.8 69.99 55.61 78.24 69 
18 15.59 22.03 18.49 20 
15 21.99 26 19.99 18 
15 16.9 19.99 22.25 20.76 
94.32 32.9 39.99 56 28.71 
135 125.28 119.99 116.93 132 
19.9 19 19 52.45 30 
119.99 100.19 99.9 99.9 105.93 
19.9 18 14.05 13.74 19 
66.36 42.9 39.99 34.18 31 
47 43 42.9 86 54.99 
69.9 69.99 25 23.94 29.9 
108 111 95 108 108.22 
18 15.67 17 19.99 20 
40.59 29.99 34.18 39 39.54 
47.01 45.29 49 49.89 49.99 
49 43.91 29 47.5 49 
51 53 43 48.31 111 
54 50.06 52.93 57 45 
40.89 35 39.99 38.61 42 
18.9 13.28 11.99 13 19.99 
44.99 51.43 57 57.27 69.99 
18 20 44.28 19 34.18 
10.39 10.63 13.53 18 18.45 
38.58 43.05 47.24 45 43.31 
15 17.32 17 15.66 19.9 
27.05 26 28 29.01 24.79 
89 82 44.99 62 80.81 
31 34.99 26.91 34.99 34.9 
19.68 14.3 20 17 17 
14.99 15.19 16 17.99 21 
17.9 34.18 18 20 28.51 
50.7 44.99 37.99 52 47.8 
18.48 9.78 69.9 43.9 69.9 
48.55 54 54 52.59 54 
39.9 42.99 23.23 44.28 22.57 
15 19 13.26 15 16 
29 24 32.9 29 24 
49.9 49.9 41.5 44.9 40 
49.99 79 41 34 46 
19 67 61.17 49 49.99 
21 13.28 17 13 7.9 
27 26.9 56.43 23.63 29.9 
25.22 30 26 29.9 29 
88.5 77 70.89 79 75.74 
9.9 34.99 34.99 29.9 28.67 
17 17 14.69 20.91 10.39 
78 87.33 79 73 79.99 
60.91 75.99 79.9 69.9 70.11 
15 14.17 16 16.99 13.65 
12.99 16.84 16 16 12.58 
79.99 16.9 13.78 39 19.9 
61 75.99 64.99 57.02 62.86 
44.99 42.98 52 51 48 
17 14.35 13.28 12.15 16 
18 16.63 34.06 35.9 39 
106.22 108.22 118 106.32 129.99 
122.99 133 116.93 125.73 139 
44.28 39.9 20 34.18 19 
205.9 206.5 220 199 219 
119 29.99 48.5 37 43 
17.64 13.28 16 17 13.6 
20.76 16.02 18.45 15 14.34 
49.08 39.6 51.54 52.32 62 
51 55 69.99 49.08 49.08 
93.44 94 95.9 105.37 94.5 
17.64 18.9 17 17 16.74 
29.69 29.9 34 30.69 34.99 
34.99 49 24.69 34.99 28 
73.9 58.47 68.29 68.9 69.99 
14 13.15 38.8 12.3 15.75 
79.9 63.48 69.99 86 69.99 
55.61 78.07 70 78 79.99 
48.89 52 52.93 55 44.22 
26 19 9.99 23.23 20 
13.6 13.28 13 16 14.99 
49.31 44.22 52 50 52.93 
28.71 32.11 25.8 34.18 26 
26.89 34.99 29.99 27 24.67 
103 109.77 99 95.91 110 
29.99 25.31 37.99 32 30.27 
34.99 34.99 26 129 41.21 
159.99 149.99 154.31 153 145 
49.08 51 48.31 51 52.47 
74 99.99 74.99 75 88.5 
9.99 8.25 9.99 11.46 19.9 
14.99 14.99 9 18.9 21 
26.99 19.99 29.9 31 25.22 
99 117.04 99 127 89 
48 50.11 54 53 47.12 
34.99 19.99 19.99 21 11.69 
64.9 25 23.94 27.05 19.94 
116.77 149 116.77 116.87 128 
10.47 33.49 32 39 20 
13 17 16 13.78 17.64 
53 42.19 42.99 44 46.99 
51 34.9 42.9 42.99 46.3 
14.99 22.25 17 24.9 19 
21.99 15 18 14.11 15.04 
59.13 61 65.9 59 148.9 
50 50 49.47 50.76 39 
52 59.99 49.31 49.89 47.01 
58.74 67 65.9 69 61.38 
24.53 31 53 23.94 54 
24.67 34.99 31 34.99 26.06 
84.99 90.41 100 91.91 94 
19.9 20.99 24 29 13.9 15 13 17.9 21 19 30 22 24 15 35 17.9 30 29 19.9 15 19 19.9 19.9 19.99 9.95 19 20.99 30 17.9 15 19 18 15 30 19 17 19.99 14.97 25 19.9 14.97 21 20.99 29 15 9.99 29 19.9 30 14.97 25 9.95 13.9 9.95 25 17.9 15 20.99 15 25 19 30 19.9 9.99 13 17.9 30 21 17 30 29 19.9 30 15.99 17.9 19.9 29 25 17.9 21 24.9 19.9 20 24 15 13 20 29 15.99 35 29 25 18 17.9 9.95 15 19.9 14.97 19.99 29 19 19 17.9 14.97 24.9 17.9 149.99 20.99 21 14.97 28 20.99 22 15 19.99 25 13 30 30 30 26 19.99 18 14.97 24.9 17 25 17.9 15 19.99 26 13.9 21 18 22 19.99 30 18 22 17.9 13.9 30 20 15 24.9 19.99 19 19 30 22 21 19 30 20.99 19.99 149.99 9.95 19 18 30 19.99 14.97 9.95 24.9 20.99 20 15 30 13 30 20 20.99 19.9 20 26 19.99 20 29 17.9 30 30 19.99 13 19.9 30 9.99 149.99 14.97 21 25 17.9 19.99 25 30 25 20.99 19 12 15 15.99 29 15 15 13.9 19 14.97 14.97 20.99 9.99 17.9 19 30 21 21 20.99 21 29 24.9 15 21 18 149.99 13 25 26 19.99 26 17.9 30 17 12 13 24.9 19 35 25 17.9 35 20.99 20 14.97 13 20 35 15 20 30 17.9 22 19.99 30 17 19 19 17.9 18 20.99 35 9.95 18 14.97 15 30 30 149.99 25 30 15 22 15 19.99 19.9 9.95 15 24.9 30 19.9 12 25 19 17 15 13 20.99 17 19 17 21 9.95 14.97 19.99 26 30 9.95 25 30 29 15.99 30 26 12 9.99 14.97 19.9 17.9 13 19.99 17.9 24.9 20.99 9.99 19.99 19 13.9 21 9.95 30 29 21 35 19.99 15 30 21 15 25 35 29 30 35 29 19 21 19 21 19.99 17.9 19 24.9 14.97 25 25 13.9 15 20.99 12 13 26 15 19 15 26 15 29 15 19 29 30 21 19.9 17 25 24.9 30 25 9.95 17.9 19 30 30 22 13 15 17.9 30 17.9 18 25 30 15 14.97 17.9 29 13 21 30 30 21 30 17 14.97 17.9 15 25 30 13.9 20 29 17.9 20 
