5 400
32 67.47 61.01 39.9 69.8 
58 58.84 65 59 69.99 
109 118.39 97.5 119 108.56 
124 57.84 51.54 56.05 59.99 
57.99 59 66.99 39 55 
40 39.99 27 14.9 9.99 
45.57 51 44.15 49 46.75 
43 42.89 45 41.22 66.5 
103.94 122.5 113.52 117.54 116 
23.94 69.9 31.9 35.5 69.9 
22.25 19 10.39 16.02 19 
257.44 272 279 279 273.06 
59.99 52 49.99 49.99 44.9 
31 34 36.5 32.55 34.99 
29.9 27.21 24.75 26 69.9 
78.07 54.99 73.06 79 55 
70 69 72.91 67.35 67.36 
19 19.99 16.35 19 18 
14 22.25 14.34 19 9.99 
25 20.47 26.73 11.4 29.9 
17.9 18.45 18 17 10.39 
55.99 59.99 59.99 52 45 
28 29.99 27 22.73 29.99 
29 30 28.71 28.22 32.28 
13.9 11.53 12.48 9.99 20 
31 39 36.5 34.18 37.9 
55 55 59 39 66.99 
43.4 49 44 39.24 40.76 
17 17.64 17 27.06 17 
47 44.65 46 44 42.19 
129 119 119 129.99 115 
15.09 14.17 16 16.99 19 
40.89 26.05 39.99 36.5 35 
26 26.74 24.33 29 29 
177 219 179 209.9 179 
34.99 29 25.68 26.99 28.71 
17.64 11.99 4.7 14.99 19.9 
20.52 11.54 18.45 16 14.12 
42 49.99 36.78 38 56 
19.49 23.64 24 34 26.5 
18.1 18 15.19 18 24.99 
56.05 57 49.9 49.08 51 
15 19 18 19.99 19.9 
69.9 58 59 62.52 62.9 
20.52 16 17 21.99 11.69 
49.47 49 49.99 47.01 44.22 
17 17.64 21 16 9 
69.9 58.84 59 77 58.43 
54.98 59.99 59.99 51 53 
115 70.02 70.01 119 119 
69 55.61 61 33.46 39 
18 15 19 18 16.8 
27 29.99 30 27 28.71 
52 49 48 49.89 47.01 
20.76 18.45 19.99 16.02 19.99 
18.09 15 14.3 18 19.68 
27 26.9 26 56.23 56.43 
37.99 27.52 30.27 36.5 33.45 
49.47 53.8 52 48 55 
46.11 45 39 53.8 21 
17 17 18 14.59 13 
49 49.99 45.99 48.9 44.99 
106.4 109 100.4 111.15 108 
34.9 49.9 49.99 49.99 47 
55.61 56 59 51.54 54 
34.99 49 28.04 31.89 43 
16 14.99 14.99 17 17.64 
54 54 50.8 59.99 55 
32 79 39.99 32.99 30 
53.8 34.9 47 49 49.99 
28 129 28 26 25.22 
59.99 27.86 34.99 26.14 29 
129.99 129.99 129 129.8 44.99 
53 52.93 52.93 59.99 48.5 
113.52 119 119.99 122.5 117.54 
51.06 56 55.99 31 56.05 
29 54.89 55 56 46 
13.53 11.69 22.25 10.39 18 
18 13.6 13 12.15 18.9 
22.25 18 19.99 24.99 16.02 
20 44.9 15 39.99 18.99 
57 48.67 53.83 119.99 129.99 
31.91 27.06 39 29.99 24.99 
22 19.99 9.99 15.64 9.99 
78 70.73 74 109.9 42.9 
26 34.99 26 28 24.33 
39 33.46 61.91 43 61 
24.33 26.74 25.22 39 25.22 
46.99 49 52 49.47 50.06 
41.72 79.9 69.9 72.5 79 
81.5 99.99 78.99 99 99.99 
21 18 17 17 18.9 
41.89 39 49.99 44.9 44 
27 29.99 29 30 25.88 
26 26.46 28 65 24.75 
79 79.99 28 26.31 26 
19 22.03 16.63 20 17 
35.5 14.99 27 35.67 31.07 
83.69 116 89 90 119 
36.5 38.61 40.16 40.89 44.28 
69.9 8.25 9.13 36.63 37.99 
18.49 17 17 16.75 15.67 
29 34.99 43 62 52.9 
21.9 20.67 29.99 24.99 22 
51 54 55 49.99 61 
12.15 16 18.9 13.28 14.99 
43 69.9 124 55.9 64.9 
42 40 40.59 36.99 49.99 
54.99 54 54 45.76 39 
57 60.3 55.45 59.99 59 
51.43 59 55 57.9 55 
94.99 72.91 88.5 67.35 74.32 
34 71.5 14.9 1.99 10 
69.99 36.8 44 46 36.6 
47 49 51 49 51 
21.99 18 14.34 25 19.99 
59.9 71 67 64.9 78.21 
64 61 62.71 53.74 69 
28.71 26.31 32.9 56 28.51 
49.2 55 84.99 49.99 86 
69 49.08 54 51 56.43 
94.96 104.72 94.96 59.19 98 
56.04 59 62 41.72 69.99 
24.9 15.18 21 19 17.31 
99.63 104.61 95.91 105 110 
43.98 49.99 46.18 49.99 44 
29 26.99 30 25.88 25.39 
58 53.15 59 55.35 77.95 
35.67 34.18 32.11 34.18 26 
30 31.9 24.33 24.58 29.99 
12.15 16 18.9 13.6 13.28 
49.99 49 48.5 44.9 29.99 
54 51.06 54 59.99 119.99 
35 39 39.54 39.9 40.59 
29.52 33.81 27.06 44.9 39 
51.99 71 33.46 33.66 51 
49.9 29.9 12.08 21.93 20.47 
22.03 18 18 17 17 
67.31 67.31 129.99 58.95 49.9 
49 47 40.89 39.63 61.5 
74 74 129 139 108 
14.9 29.99 40 7 29 
1.99 14.9 7.71 10 34.99 
20.52 19.9 16 14.11 18.45 
209 219 205.9 199 229 
43 46.3 49.47 50.5 47.01 
52.32 39.6 51 51 49.08 
52 45 49 55.99 49 
29.9 34.99 24.33 26.99 26.91 
103 119 104.61 115 99.63 
16 13.28 18.9 11.99 15 
26 26 29 25.22 25.57 
62 79.99 79.99 59 58 
65 26.9 29.9 24.04 23.63 
46.3 49 42.91 49.47 46.3 
157 149.99 151 189.99 159 
114 108 108 99.9 109.38 
30 28.99 27.68 26 27 
36.5 18 31 41.53 32.67 
19 18.89 18 19.99 18 
29.99 26 24.59 26.85 24.59 
99.99 82 93.99 84 78.35 
47 42.19 46.99 48.92 44.77 
21.99 20.52 11.54 17 11.69 
86 159 84.99 72 79.95 
78.99 89.99 87 93 99.99 
54.99 49.99 49 55 46.6 
29.99 26.14 29.99 29.99 28.9 
117.48 153 129.99 108.86 109.8 
129.99 115.99 119 119 118.99 
25.9 27.05 55.44 64.9 28 
49 48.92 47 29 49.89 
52 41.99 34.9 49.89 51 
52 49.99 48.47 55 49.89 
14.72 16.02 16.9 18.45 16.9 
55 38.61 54 49.08 51 
30.99 36.8 49 37 44.99 
16.02 19.99 20.76 18.45 21.99 
16.84 12.58 18.05 16 13.28 
159.9 159 149 179.99 149 
76.77 94.99 80.77 131 137.99 
54 59.99 48.31 51.9 59 
52.47 119.99 66.99 51.06 54 
43.56 55.61 79.99 54.91 43.35 
42.99 46.9 48 42.99 48.89 
14.99 18.9 16 16 17.64 
46.99 49 59 53.61 54 
49 66.11 67.31 77 49 
13.28 21 18.9 12.15 17 
9.99 19 16.8 18 18.91 
19 122 39 34 117 
76.4 70 59.99 82.87 69 
129.99 79 149.99 89 79.9 
38.99 29.99 38 34.76 34 
19 9.99 10.39 15.6 9.99 
25.22 26.74 26 26.97 29 
145.4 159.9 159 149 158.99 
88.43 86 94.9 99 79 
29.99 27 34 34.99 26.89 
18.45 17 22.25 10.63 10.58 
55.61 51 89.99 48.31 73 
39.99 45.66 27.5 24.01 36.9 
14.39 15 17 18 19 
23.94 23.94 19 29.9 24.53 
52.9 43 48.67 29 53.85 
27.76 31 27.76 32.9 36.9 
69.52 89.9 74 72.99 89.9 
17 19 16.75 37 16.63 
55 48.31 54 52.32 59.99 
52.32 109 59.99 52.49 61.9 
85 79 81 75 89.9 
26.99 29 24.33 26.74 25 
14.99 9.9 22.77 22.57 34.99 
62.17 99.9 99.9 129.99 76.47 
49 55 44.99 55.99 54.9 
34 29.9 26.53 29.99 25.74 
13 24 14.99 18.9 14.99 
154.99 149 149 147 146 
33.9 19.99 17 14.74 17 
47.8 53.06 52 50.7 54.99 
25.22 25.22 30 26.74 34.99 
34 42 46 46 40 
54.99 69 59 43 44.9 
279 289.99 344 276.17 263.47 
16.75 33.9 18 17 19 
36.8 17.99 46 41 9.99 
45 42 49.99 43.05 42.57 
24.99 16 49.99 15.04 29 
21 26 24.79 26 29 
34 39.99 15.64 18 9.99 
16 18.1 14.99 15.19 18.1 
55 16.02 16.99 20 17 
16.9 18 17 42 18.45 
69.99 56.46 64.54 39.99 59.8 
33.81 44.9 54 60 27.17 
17 22.03 18 14.74 39 
99 99 98.43 95 90.41 
29 32.9 43 26.99 109 
14.12 20.52 17 11.69 21.99 
24.69 26 42.63 28 25.22 
27.84 31.6 33 29 33 
9.45 19 17.9 16.9 15.6 
51 56.43 62.9 109 69.99 
116 129 119.8 117.54 119.02 
29.99 24.79 26 28 28 
50 49 50 55.99 59.9 
100.4 106.4 119 120 117.77 
26 32 19 36 34.06 
13.86 9.99 9.99 9.99 12.9 
15 18 13.95 13.74 15 
49.99 55 42.9 47.01 45 
79 69.9 78 67.91 72.42 
66 61.18 69 58.6 29 
112.9 124.99 139.99 118.38 115 
129.99 79.9 89 118.5 119 
19 15 19 10.39 18 
98.39 103.98 94.44 97 99.95 
12.15 16 17 13 15.99 
35.9 34.63 35.5 39.99 56.05 
78.97 89.9 89.99 79 78.98 
79.9 99.99 79.9 118.2 119.9 
59 69 66.89 64.08 55.95 
44 45.4 47 49.9 59.9 
39 26.05 28.71 37.9 34.18 
49.9 43.98 49.9 49.07 49.07 
22 25 22.68 22 29.99 
16 13.6 19.9 12.15 13 
98 165.7 119 126 99 
24.75 28 29 26 59.99 
29.99 35.67 45 31 11.29 
44.65 48.92 44 49 44 
50 54.9 39 59.99 55.99 
18 20.76 19.68 10.39 16.02 
18 15 19 17.9 20 
55 58 60 69.99 55.9 
141.81 146.31 154 154.31 153 
49.99 49 49 46.3 44 
89 69.99 49.08 43 55 
49 49.99 49 29 53.8 
72.74 90 89 86 77 
49.08 57 56.05 51.54 52.32 
29.99 29.99 22.73 29.99 28.9 
17 14.98 14.99 9 14.99 
149 149 149.9 147 128.9 
194 114 98.9 104 119 
28.49 29.99 29.99 34.99 28.58 
24.81 27 26.9 22.99 30 
29 61.17 49.99 69.99 76.05 
25.08 9.9 29 26.64 26 
49.99 54 49.99 55.99 46.16 
116 84 94.99 88 124.67 
17.9 18.5 3.9 17 14.11 
49.99 38.58 47 42 56 
32.99 43 28.91 30 39.99 
16.53 20 32.67 26.05 36.5 
10 10.49 19.9 5.07 9.99 
19 13.99 16 17 7.9 
49.89 39.99 55 77 59.99 
85 80.9 79 82.32 78 
13 13.6 14.99 18.9 14.99 
29.99 24.99 28.49 26.5 22.76 
18 17 17 13.21 11.69 
59 55.61 79 48.31 79.99 
15.04 15.04 20.52 14.11 21.99 
44.99 123.51 74 74 127.27 
219 229 220 206.5 199 
34 25.76 34 34.99 29 
69.9 51.54 59 54 59 
65 62 55.95 67 61 
20 34.18 16.8 20 34.18 
61 64.54 60 79.99 79.99 
44.22 39.9 52 43.49 52 
49.99 19 73 61.17 67.82 
66.9 93.69 97.5 269.99 129.99 
59.99 49.99 54 39 46.16 
62.37 63.48 57 86 69 
28.9 29.99 31 26.14 26.5 
13.53 13.54 18 10.63 17 
59.99 52.49 52 54.98 49 
26 19 9.99 20 14.34 
19 14.34 9.9 22.25 15 
30.37 39 69 30 27.06 
34 42.63 34.99 29 129 
142 93.44 69.9 77.95 90 
18 17 17.71 20 17 
49.47 40.92 34 46.9 55 
52.32 31 55.99 31.01 54 
54 53 48.31 51 51.54 
58 62.57 43 59 54.99 
9.9 9.9 9.99 9.99 32.37 
26.05 18 20 42.99 35 
39.17 34.18 35 26.05 36.5 
29 26.5 29.99 29.99 33.95 
15 13.78 19.99 69.99 15.49 
50.43 50 55 49 59 
28.74 29.99 31 34.99 26.64 
17.64 19.9 6.08 19.99 12.15 
48.5 29.99 43 119 59 
51 46.3 47 49 49.89 
40.83 53.8 44.15 49.47 52 
16.9 16.9 22.99 19.99 24.99 
61 66.99 65.9 64.08 61 
31 63.5 33.3 43 39.99 
34 45.9 31 41.55 25.46 
39.87 69 47 44.99 45.82 
49.99 43.45 49 50.29 52 
55.61 42.63 31.01 106 31 
65 39 79.99 59 59 
27 23.39 22.49 29 25 
25 39.99 39.99 19.99 39.99 
61 48.31 51 56.05 55 
54.99 46 44.16 42.89 45 
78.74 64.9 142 65.22 67 
24.78 24.33 25.22 27.68 31.7 
29.9 29 53 28.99 23.94 
34.99 29.99 26 31 26 
30 19.99 18.5 13.11 30 
61 61 58 69.9 57 
17 13.39 20.76 15 10.39 
12.15 17 12.99 13.6 17.64 
15.67 18 19.99 15.67 16.63 
49 51 44 53.8 49 
34.99 35 29.99 29 26.14 
79 90.09 78.99 94.9 99.99 
64.28 85.96 89 80.05 70.9 
34 27.56 34.99 31.9 32.28 
59 79.99 79.99 59 58.84 
24.33 31 26.91 34.99 29.99 
55.44 39 75.99 39.99 118.5 
31 23.94 28 25.9 28 
23 13.55 15 19.9 17.79 
24 25.22 25.8 26 24.33 
9.99 14.18 39 34 38 
11.54 15 19.99 14.89 14.99 
54.99 59 51.99 48.31 49.48 
92.9 99.99 108 89 83.98 
20.66 18.45 17 13.74 15 
14 34.99 4.99 6.26 14.01 
50.8 49.08 59 57 52.47 
22.25 18.45 17 14.34 15 
39.99 28 27 24.02 24.75 
38 36.78 49.99 39.99 29 
93.69 62.37 65 84.6 99.9 
15.75 49.99 38.8 11.81 13 
18.9 16 18.95 13.28 16 
69.99 79.99 63.47 86 79.9 
59.99 54.08 49 79 59.99 
29.99 29.99 27.86 28.3 31 
116 113.52 122.5 122.07 119.99 
17 19.99 19 18 17 
29.99 22.68 26.5 29.99 24.11 
25.99 14.34 18 22.25 19 
59.99 54.08 59 49 46.99 
32.9 32.11 35.67 26 29.99 
20 13.83 16.9 22.25 16.02 
9.9 19 32.37 28.78 34.44 
49 31 26 19.79 34.99 
184 131 115.99 126.96 125 
18 16.99 19.99 20.76 18 
99.9 86.72 93 99.9 90.78 
9.95 30 19 19 15 14.97 17 18 25 17.9 25 24.9 14.97 19 14.97 21 30 21 30 15 13.9 22 15 29 14.97 35 23 30 19 13 9.95 24.9 30 30 13 19 19 35 18 13.9 15 22 12 19.9 15 21 15 25 17 13 19.9 13 29 19 9.99 24.9 13 21 21 22 30 19.9 30 30 9.95 20 30 25 17.9 17.9 20.99 14.97 19.99 15 15 19 13 30 15 15 30 14.97 30 9.99 17.9 22 13 19 19.99 13 18 15 26 15 17.9 30 17.9 9.99 30 15 15 149.99 19.9 30 17.9 15 9.95 19.9 149.99 19 29 26 13 15 12 15 17.9 20.99 9.99 15 24.9 17.9 9.99 35 25 9.99 25 15 19 29 19 19.9 9.95 19 20.99 20.99 15 18 30 35 24.9 19.99 13 15 25 13 17.9 26 19 20 30 35 19.99 9.99 30 20.99 21 35 15 15.99 18 18 13 15.99 22 19.99 13 19.9 9.95 9 18 19 19.9 19.99 24.9 17.9 24.9 15.99 30 9.99 19 22 17.9 24.9 13 19 13 15 19 35 26 15 30 14.97 13.9 13 149.99 25 21 24.9 18 21 24 29 20.99 19 20 17 9.99 13 19 21 29 19.99 13.9 19.99 35 19 18 25 17.9 19 17.9 17.9 17.9 24.9 14.97 19 22 30 15 22 12 19 25 25 19 13 35 19 19 15.99 30 11 18 26 19 21 19.9 15 149.99 30 25 23 25 25 17.9 15 18 21 21 24.9 35 22 26 9.95 15 30 22 13.9 17 24.9 17 23 19.99 19.99 20 19 25 35 13 15 14.97 9.95 19 19.9 13 25 30 19 19 22 18 30 25 13.9 21 13.9 18 19 9.95 29 20.99 17.9 20.99 24.9 24.9 18 19.9 15 19 25 19.9 19.99 19 13 13 29 9.95 19 15 17.9 20 19.99 13.9 18 19.99 19 12 15 22 35 30 15 17.9 30 30 14.97 35 19 13 20.99 12 30 9.95 17 20 17.9 21 14.97 20 21 26 21 12 9.95 13 17.9 24.9 14.97 17.9 17.9 30 9.99 30 25 12 19.99 14.97 19 12 20 21 29 21 13 25 13 19 29 21 13.9 21 14.97 19 25 24.9 9.95 20.99 30 30 13.9 22 15 15 20.99 17.9 149.99 14.97 24.9 
