5 400
19.99 69.99 19 39 18 
34.99 31 34.99 26.5 29.9 
60.93 99.9 64.28 58 72.5 
33 30 43 28.91 34 
34.9 18.61 16.8 35.67 16.53 
54.99 49 55.99 48.5 52.93 
179 149 149 179.99 148.9 
26 29.99 24.79 24.59 29.99 
58 59.99 54 57.03 77 
59 59 58.35 63 34.99 
40.92 55 46 49.89 46.9 
42.79 44.22 45 51 47.01 
59 49.08 49.08 54 34.99 
101.97 109 99.9 64.99 110.84 
29.99 43 49.99 49 44.9 
89 87 99 100 99.99 
47.01 43 49 49.99 49 
82.09 104.55 90.11 86.72 79.99 
19 9.99 15.6 14.93 10.39 
14.99 14.99 17 16 15 
32.09 36.5 34.18 19.99 26.05 
32.9 26 20.83 28.71 35 
26.5 29 34.99 34 29.9 
55 53.57 47.77 63.5 59 
18.45 17 18 17 15.03 
51.99 56 119.9 54 43.74 
9 16 17 14.99 14.98 
18.89 15 20 19 19.99 
49.9 43.6 54.99 42.9 43 
18.99 36.9 34.99 9.99 32.99 
52.47 51 69.9 59.99 59 
45 25.46 44.55 29.99 45.9 
41.59 45 41.39 46.9 40.5 
19 67 76.05 49.99 73 
18 15 14.99 24.9 10.39 
34.99 34.99 48.5 5.84 6.26 
59.99 49.99 45.85 47.01 51 
35.51 43 14.99 34.9 27 
122.07 122.5 119.99 119.8 119.9 
25.22 27.68 29.9 30 29 
69.98 43.35 69 57.99 69 
49 39 67.31 67.31 49.99 
57 53.9 53.37 51 49.08 
26 29 30 26.29 31.7 
69.98 62.9 60 59 55.97 
69 119 109 109 119.99 
55 63.5 59 48.99 47.77 
29.99 49 32 34 34.99 
19.9 34.99 33.49 29.99 34.99 
34.99 34.99 14.01 14 6.26 
30 15 13.13 19.9 19 
53.85 52.9 59 48.67 62 
25.22 26 31.7 30 26.5 
39.45 59 49.08 51 38.99 
19 14.74 18 33.9 19 
25.31 36.5 32 30 37.99 
49.47 47.01 59.9 57 43.32 
43 47.19 46 40.16 44.55 
49.08 49.08 54 48.31 62 
39 14.18 38.82 9.99 9.99 
15 44.9 15.04 14.11 15 
44 47.01 47.01 52 50 
52 54.98 139.99 55 53.61 
55.61 51 57 51 54 
42.33 46 49.99 52 56 
20.52 21.99 13.88 18.45 15.21 
73.19 70.73 78 105 73 
9.9 9.7 29.9 59.9 28.67 
21.99 14.1 86 19 16 
124 172 129 126.96 119 
30 31.7 26.91 39.99 26 
55 55 59 69.99 77 
38.58 49.99 44 40.5 43.31 
28 25.22 29.99 41.21 34.99 
18.45 19 20.76 18.99 11.54 
229.99 219 179 189.99 179 
97.5 95.93 103.15 85.9 129.99 
28.71 94.32 29.63 32.9 89.99 
47.01 48.47 56 46.9 49 
100 95 99 98 99 
12.15 13.6 13.28 17 16 
133 127.59 119.31 139.99 123 
62.91 61.5 66.89 65 58.74 
46.9 40.92 55 53.8 52 
28.49 32 16.9 11.12 19 
17.9 17 14.1 19 15.21 
89.99 114 99 99 106.71 
51 68.99 73 55.61 74 
18 16.99 15.09 15 14.17 
34.99 27.68 30 31 25.22 
49.9 49.99 39.99 44.9 39 
52 47.8 54.9 57.01 50 
34 48.99 24.59 24.59 29 
269.99 129.99 93.69 97.5 76.47 
56.9 29 39.34 42 36.78 
34.9 39 31 34.99 34.99 
10.39 19 18 11.54 17.9 
104.24 129.99 98.06 102 97 
57.27 52.64 55 55 57.9 
61 69.8 70 70 71.7 
58 54 49 59.99 52.49 
49.08 35.9 79.99 56.05 35.5 
52 54.9 54 53.61 54.98 
116.87 119.02 122.99 123 107.37 
27 25.74 19 30 28.99 
79.99 57.75 65 59 79.99 
54.99 39 46.36 50.7 49 
160.16 87.99 99.9 99 159 
64.99 60.91 61 75.99 62.86 
17 19.99 22.25 15 21.98 
20.47 29.9 40.59 41.18 12.08 
14.52 14.34 19.99 22.25 26 
119 34.99 59 63.52 64.99 
13.99 10.39 13.54 18 15 
12.15 18 18.9 15.99 17 
11.99 14.99 18.9 16 13 
41 43 40.59 49.99 40 
69.9 86.35 79.99 142 94.5 
289 276.17 282 285 279 
43.05 45 42 41 50.99 
24.69 28.58 29.99 26.46 28.49 
12.99 12.3 27.99 13.15 39 
45 54.08 50.76 49 46.99 
18 15.67 16.63 32.99 20 
28 22.49 51.22 28 27.05 
53.85 43 62 34.99 52.9 
62 72.5 56.04 59 41.72 
54 56 73.9 54 51 
59 51.48 61.49 44.22 59.9 
65 55.45 52.46 59 57 
19.99 18 18.09 17.32 19.68 
19.99 10.47 28.49 34.99 32.99 
17 17 10.63 10.39 19.99 
42.89 46 45 49.99 46 
107.37 116.77 118 149 128 
15 18 18.91 20 15.32 
62.71 53.74 64 57.81 62.71 
34.99 39.99 29.9 29.69 29 
45.85 49 47.01 49.89 49.47 
18.9 18 17.64 7.9 16 
51 59.99 66.99 59 43 
73 74.98 79.99 87.33 79.95 
62 99.9 59 58 72.5 
17 20.76 29 17.9 22.25 
34.99 36.9 30.69 29.9 29 
25 6.94 9.9 34.99 20 
27 30.77 25.39 34.99 29.13 
55 39 57.01 37.99 52 
18 19.99 19.99 18.49 39 
58.06 84.9 142 64.89 65.22 
49.99 49.99 19.99 44.9 44.7 
13.11 34.32 31 30 18.5 
19.99 19.99 15.67 22.03 20 
44.99 67 54 52 37.99 
58.53 54.74 59 69.99 69.9 
30.9 25.52 29.99 24.67 27 
29 30 34.99 29.99 30 
49.99 49.99 43.98 44 40.17 
20 17 22.03 15.67 29 
25 32.98 34 24.99 25.49 
15 17.64 21 18.9 14.99 
64.99 51 59 57 69.9 
29 13.78 39 19 17 
24.99 35.67 39 34 32.98 
21 17.64 13 13.6 16 
17 14.74 35 19 19.99 
48.55 54.99 51.54 54 62 
57.2 58 52.47 54.74 58 
89.9 72.99 74 99.99 72.99 
56.05 53.37 38.61 53 57 
18 20 20.83 18.61 34.18 
25 29.13 19 23.94 34.9 
16.9 18 15 14.99 22.25 
55.44 56.18 25.9 23.94 43 
44.99 69.99 55 57.27 52.64 
20.76 16.02 15 19 18 
19.99 14.52 21.99 16.02 25 
17.9 14.26 17.9 14.1 15.04 
133.99 106.52 119 129 110 
29 28 25.9 29 28 
18.1 24.9 18.1 17 17.31 
81 99.9 44.99 81 83.77 
119 124 117.99 119 125.42 
52.9 53.85 56 43 34.99 
99.99 77 81 78.65 79 
22.25 16.49 24.99 25 16.99 
63 68.29 68.29 65 64.46 
49.99 43 45 42 41.59 
29.9 30 35.5 32 30.19 
11.69 19 15.03 20.76 17 
44 46 44 42.19 44.99 
39 59 54.49 62.9 69.9 
49.99 32.9 34 50.29 42.99 
20 17 17.9 22.25 17 
110.7 139.99 118 129 121.77 
39 16.63 18.49 15.67 14.74 
59 55.97 62 58 58 
18 15.67 14.74 29 16.63 
51.54 56 48.31 59.99 51.9 
121 112.9 129 110.7 106.3 
20 18 16.75 39 15.67 
44.99 47 45 49.99 44.22 
15 79.99 69.99 17 13.13 
16.9 14.74 20 16.99 19.99 
19 18.1 16 17 18.1 
25.22 29 26 25 29 
52 42.33 46 44.99 49 
34.99 23.63 26 56.23 59 
43.05 41.59 47 42.57 40.5 
27 29.9 30.71 56.43 26.9 
20 19 18 18 18 
26.31 29.99 29.99 29.91 31 
26 26 25.22 34 28 
39 33.95 34 25 24.99 
39.99 40.92 47 49 47.01 
27 24.99 27.17 36.5 25.52 
39.9 34.99 30.44 43 36.65 
48.5 44.95 54.98 46.99 52 
5.07 19.99 13 9.99 10.49 
27 27.56 32.28 34 29 
18.9 13.99 17.64 13 16 
34.99 28.34 69.99 27 27 
40 38 39.99 32 36.78 
19.99 9.99 9.99 13.28 10 
34 28.99 22 25 29.99 
17 13.28 18.9 12.15 17.64 
33.49 29.99 20 32 39 
34.18 42.99 34.18 40.59 45 
51 57.84 124 64 53 
85 84.9 99.9 70.87 82.93 
57.2 58 63 57 52.47 
19.99 20 14.7 17 19.99 
56.23 28 59 26.9 29.9 
29 26 26 29 29.99 
45 54.9 49 45.73 57 
49.99 111 52.49 56.05 49.08 
48.92 42.19 45.13 44 47 
39.99 24.02 28 23.36 29.99 
59 49.2 43.05 44.77 49.99 
25.22 26 29 25.22 25 
49.99 47.01 49.89 42.99 47.01 
49.98 53.8 47.88 49 49.47 
17 18.49 18 19.99 14.74 
52.49 56.05 54.69 53.9 69.9 
50 61 77 59.31 50 
79 55.61 77 48.31 129 
15.04 14.1 21.99 17.9 19 
59.99 39 49 53.61 49.9 
16 18.5 16.9 34.18 29 
119 119.9 119.99 119 109.99 
109.99 119 119.9 65 153 
69.99 109 59.99 51 51.8 
87.36 73.7 69 87 85.19 
59 64.99 63 58.35 34 
119.99 84.99 90.41 90.66 99 
29.99 24.33 26 34.99 39 
29.9 26 34.99 25.22 30 
38.99 42 35.79 49.99 34 
15 14.34 20 21.99 19.99 
19.9 34.99 34.99 33.49 29.99 
78.74 65.22 66.33 64.9 142 
41.99 45 24.09 34 26 
54 62 56.05 52.47 54 
29.99 42 21.99 16.9 17 
19.99 29.19 32.09 26.05 35.67 
49 52.93 54.99 49 49 
55.35 63.36 61 77.95 59.18 
33.45 30 37.99 30.27 33.45 
14.99 15 13.74 17 14.89 
43 29.99 28.91 27.87 34 
25 24 22.78 26.5 23.99 
58 62 62.9 62.52 77 
4.99 7.95 35.9 20 33.49 
78.99 119 108.56 79.99 85.9 
56.05 51 19 39.99 34.63 
53.74 57.81 64 59.2 61 
15.41 22.25 13.99 11.69 13.53 
99 99 90.41 99 100 
51.9 51 52.32 51.54 59 
34.99 65 26.9 26 23.63 
81 69.16 99 74.42 70.89 
34 39.99 25.74 29.9 29.99 
45 49.99 47.01 52 49.99 
29.91 27.05 29.9 26 29.99 
17.9 39 41.53 17.9 31 
129 104.24 94.44 89.37 95 
43 51 46.3 46.3 47.5 
99.99 58.41 83.79 57.16 87.36 
19 21 9.99 19.99 19.99 
71 56.05 59.99 51 58 
67.31 49 49.99 49.9 67.31 
99.99 129.99 79.9 118.5 125 
24.59 29.99 29.91 31 28 
24.53 54 29.9 29 29.99 
13.35 11.69 19 17 11.54 
48.92 44 49.99 41.99 51 
56 34.99 8.8 26.91 34.99 
49.84 49.84 48.94 43.74 56 
76.79 88 135 76.77 140.99 
43.56 64.18 54.9 70 69 
24.99 64 69.9 55.99 40.77 
13 13.6 14.99 18.9 17.64 
154.31 149 154 144 146.31 
19 35 22.03 33.9 18 
39.9 54 49.31 48.89 48.5 
57.21 59 59.13 57 55 
94.5 93.44 86.35 94 105.37 
269.01 246.13 289 289.99 263.47 
16.02 22.99 16.99 19.99 25 
42 18.45 18.99 16.9 17 
52.59 54 54 54.99 51 
22.25 16.02 16.9 16.9 14.08 
21.99 42 17 18 18.45 
19 20.83 16.8 34.18 18 
49 47.01 59.99 44.22 57 
34.44 9.99 34.44 19 9.9 
69.9 55.61 61.52 61 69 
19.9 33.49 19.9 39.99 29.99 
131.32 39 149 19 129 
54 34 54 57 59 
35.67 54 32 49.9 60 
36.78 38 39.99 38.25 49.99 
65 65.9 67 61.5 61.38 
59.99 58 61 58 86 
90.66 94 99 105 108.5 
29.13 23.94 24.33 29 31.9 
79 89.9 77 76.3 77.16 
54 51 54 56 69.99 
13.54 20.76 22.25 19 18 
49.47 44 43.79 46 46.3 
31 16.53 22 18 23.23 
39 92.29 91 83.43 99 
34.99 29.99 59.9 9.9 29.9 
34.9 46.3 51 47.01 46 
12.15 13 11.99 17.64 13.6 
61 69.99 60 69.99 59.8 
18.99 15 15 13.5 20.76 
49.08 49.08 55.44 59.9 29 
29.99 29 24.33 29 26 
59.99 53 40.18 59 34.97 
95 89 81 85 46.24 
63 65.82 84.68 51.36 52.47 
41.12 52 55 44.99 51 
16 11.6 12 19.9 13.28 
49.08 51 40.18 51 34.99 
44.12 46.14 47.12 56.99 77 
55.99 49.99 49 49.99 54.99 
106 41.86 57 42.63 52.32 
43.31 42.96 43 49.99 48.5 
58.06 67.9 67 66.33 64.9 
42 46.9 38.58 41.39 47.24 
45.57 46.89 46.9 46 35 
19 29.99 80.99 9.9 26.4 
98.02 150 109.99 99 179 
17 17 16.74 17 9.99 
18.95 13.28 17.64 18.9 16 
65 79.99 78 55.61 73 
17 19 18 17 17.99 
49.99 49.47 45.9 49.98 47.88 
13.6 17.64 13 18.9 13.28 
22.25 18 20.76 19.99 20 
21.99 15 15 20.52 15.04 
119.99 139.99 133 128 125 
34.99 29.7 34.99 38.9 31 
51 44.99 40.44 49.89 47.01 
12.09 19.16 10.99 18.13 20.3 
19 26.4 29.99 28 91 
32.99 26 29 29.9 27.68 
25.98 29 27.72 29.99 26.74 
59 51 31 51.06 55.61 
49.08 62 49.08 51 57 
129 135 146.31 151.4 179 
55.97 65 54.49 60.07 58.43 
54 49.47 50 59.99 44.22 
46 46.89 46.89 42.99 44 
105 57.26 104.72 52.44 60.28 
129 106.71 129.99 99 99.5 
29.99 29.99 53.43 36.9 45.66 
18.9 13.28 15 13 19.9 
12.15 14.99 17.64 16 13.6 
26.91 30 34 25.22 24.78 
13.1 16 13.11 19 13.35 
51.6 49.9 53 44.72 39 
49.47 50 49.89 49 49 
69.99 59.01 86 60.22 60 
27.05 28 31.56 29.99 34 
69 69.99 50 86.9 54 
34.99 14.99 29.99 4.99 22.77 
36.99 42 39 79 40 
9.99 9.99 38 38.82 9.99 
59.99 59 52 58 45.73 
115 105 103 95.91 99 
98 60.28 57.26 59.19 109 
139.99 116 129 106.3 121 
81 84 99.99 59 108 
41.89 39 44 44.9 49.99 
37.61 29.99 41.18 40.59 29.9 
49 43.45 46.6 49.99 49.9 
23.23 22 36.5 42.99 17 
17.9 17.9 17 16 18 
15 19 35 20 15.99 25 29 14.97 30 25 19 24.9 13 21 14.97 19 15 19.99 35 17.9 15 30 17.9 15 22 30 15 14.97 19.9 15 17.9 21 30 12 35 21 9.99 13.9 11 30 24.9 9.95 17.9 19 19.99 19.99 19 15 13 12 25 19.99 30 19.9 14.97 30 29 20.99 17.9 15 15 149.99 13 22 24 19 13 14.97 15.99 30 20 25 21 18 35 149.99 25 19.99 19 30 19 18 13.9 17.9 14.97 19.99 19.99 21 21 17.9 26 9.99 17.9 21 13 19.99 13.9 20 19.99 17.9 30 14.97 25 22 17.9 19.9 149.99 9.95 30 30 29 19.9 13 13.9 15 15 25 15 17.9 17.9 13.9 17 19.9 17.9 30 13 9.99 17 18 19 30 13 22 25 25 29 18 25 13 17 13.9 29 35 15 25 14.97 17.9 15 18 30 20.99 25 14.97 24 21 14.97 17 35 17.9 15.99 15 17.9 24 15.99 15 17 21 30 30 19 19.9 29 25 17.9 30 30 15.99 20 22 17.9 30 149.99 19.9 19.99 15 17 20 13 29 21 149.99 18 19.99 35 23 21 19.9 19.9 30 9.99 30 30 23 25 17 19 15 17.9 17 25 20 18 18 24.9 14.97 29 19.9 24 14.97 14.97 14.97 19.99 30 20.99 19.99 35 19.99 15.99 18 17.9 17.9 30 20 22 28 30 12 24.9 15 17.9 17.9 22 17.9 17 17.9 19.9 15 24.9 13 19.9 25 19 30 13 19.99 30 21 22 29 19.9 11 19 13 29 17 19.99 19.9 21 25 19 19.99 19 13 19.9 20 20.99 30 17.9 20 13 19 13 17.9 17 25 26 22 25 30 21 19.99 24.9 21 19 30 149.99 30 30 24.9 20.99 23 21 19 14.97 19 15 14.97 17.9 29 9.99 20 25 15 20.99 19.9 20.99 14.97 19.9 13 15 25 13.9 19.9 17.9 17.9 17.9 19.9 19 15 17 17.9 21 24.9 30 17 9.95 15.99 24.9 20 19.9 19 19.99 30 19 25 24.9 17 30 30 30 18 24 12 13 19 21 19.99 24.9 24.9 19 17 15 25 9.95 15 15 13.9 17.9 21 30 30 23 19.99 30 19.99 30 19 30 15 19 24.9 13.9 24 30 21 21 19.9 19.9 29 15 29 19.99 18 26 18 29 24.9 15 19 19 