5 400
90 79.99 75.59 79 79.99 
24.21 24.75 27.21 24.75 59.99 
79 87.33 73.42 75.59 86 
27.06 27.17 27.06 29.52 30.37 
26 28 28 29.99 29.99 
55 69 80.19 89 51 
52.49 56.05 53 54 49.99 
18.45 20.76 13.34 17 10.58 
54.99 59.99 49.99 46.16 55 
67.5 55 48.31 74 78 
46 43 18.49 41 40 
119.99 99 100 94 99 
57.26 98 52.44 98 98 
49 55 49.47 45.85 44.99 
24.59 26 28 24.79 24.59 
29.99 29.9 21.93 49.9 40.59 
17.9 20 20.76 14.3 22.25 
29 29.9 26.99 26 31 
34.76 79 41 46 34 
22 29.99 28.99 25 24.11 
29 27.87 32.99 30.51 43 
149 154.99 148.9 149 149 
47.01 59.99 54.9 45 47.01 
117.77 120 100.4 79.99 115 
19.99 19.99 49.9 39.63 40.89 
149 147 149 149 149 
17 10.39 13.53 14.93 17 
73.7 57.16 99.99 75.99 81 
34.99 40.18 51 41 40.18 
29.99 26 26 34.99 29.99 
58 62.71 64 57.81 59 
30 31 29.99 26 28 
29.99 27 31 26.06 21 
69.9 24.33 25.74 29.13 29.13 
87 91 76.99 82 73.7 
45 54.98 50.76 59.99 54.08 
138 89 119.9 76.77 119.99 
109 109.99 69 109 114 
118 118 106.22 115 65 
29.9 24.33 26.74 113.75 29 
69 55 70.99 67.5 70 
38.82 9.99 9.99 16 14.18 
12.58 11.99 15 16 19.9 
34.99 30.69 29.69 29 34 
46.9 47.5 47.01 54.89 49 
219 179 177 179 189.99 
32.99 18.49 18 18 17 
19.9 13.89 22.25 14.34 15 
18.9 18 17 17.64 16 
34 63.52 59 34.99 58.35 
17.64 13.28 14.99 16 24.9 
19 19 39.99 43 11.69 
73 73 72.52 79 73 
35 33 39.9 29.19 26.05 
19 16.8 18 34.18 16.53 
99 99.95 89.37 104.24 104.24 
15 18 17 20.76 17 
34.99 14.9 24.9 34.99 26.91 
34.99 29.99 19.9 34.99 39.99 
20.76 20.91 19.68 17.71 19 
279 263.47 289.99 272 279 
79 64.99 51.44 52.49 43 
49 55.35 44.99 59.9 61.49 
10.39 19 22.25 17 14.39 
43 27 27 34.99 26.9 
51.54 51.44 57 56.05 51 
49.99 13.15 12.3 11.81 12 
53.8 47.01 40.99 49.47 49 
103.94 114 114.99 119.9 119.8 
7 25.39 29.99 35.5 29 
59 43 49 119 37 
64.27 89 141.5 39.99 85.96 
128 139.99 129 133 133.04 
49.9 49.9 49.07 48.18 47.01 
19.99 16.75 16.63 15.67 18 
55 56 49 44.99 49 
18.1 15.18 21 16 24.9 
32.9 26 29.99 26 32.11 
98.9 89 84.79 117.04 114 
18 16.3 14.74 17 19.99 
59.99 79.99 44.11 77.9 45.82 
59 59 65 58.43 59 
44.9 19.99 44.7 86 47.52 
107 83.66 109 68.99 108 
75.74 74.42 77 74.42 78.65 
79 89 97.5 107 119 
16 19 17 17.64 18.9 
79 119 89 82.34 149.99 
49.9 79 55.61 78 73.19 
29 29.99 25.9 26 29 
20.52 11.54 17 19.9 15 
88 90.41 99 99 89 
19.9 12.88 12.99 13.28 18.05 
16 15 14.17 15.09 17.9 
90 99.9 99.99 73.7 81 
30 29 24.33 34.99 26 
118.99 107.49 114.02 123 119 
9.99 9.99 9.99 38 39 
29.9 30.2 32 38.9 30.41 
59.99 53.9 51 52.49 56.05 
25.22 26 29.9 31.7 25.22 
34.99 26 26 31.7 30 
91 85.19 83.79 57.16 58.41 
16.02 13.83 18 14.99 15 
49 46.3 45.46 46.3 52 
83.43 99.99 99.99 39 43 
59.9 69.9 70.11 57.02 72.5 
28.71 24.99 26.4 27 36.5 
19 18 10.39 10.63 17 
44.65 47 53 44 42.19 
47.01 44.15 29 49.47 53.8 
49.08 51 51 51 62 
38.99 35.99 35.79 40 42.37 
115 124 119.9 129.99 119 
39 34.18 19 17.9 22.57 
25.22 39 38 30 26 
13.6 16 12.15 18 19.9 
41.39 42 40.5 38.58 46.9 
56 49 49 52 49 
51.54 52.47 54 59 49 
26.99 32.9 30 26 39.99 
80.99 110.16 129 105.52 89 
55 43.71 34.99 49 49.99 
51 29 48.89 48 47.5 
18 13.63 20 20.76 10.39 
44.9 15 16 20.52 15 
49.99 45.29 34.99 45 40.29 
55.45 49 89 89.9 54.99 
12.15 18 17 13 14.99 
47 34.9 43 47.01 44.99 
9.99 5.62 13.86 5.07 9.24 
119.99 69.9 129.99 69.99 102.34 
79.99 142 69.9 90 93.44 
28.98 39.9 38 35.67 39.99 
26.06 26.8 28.22 27 34 
32.99 19.99 18 39 17 
6.53 14.99 16 4.7 16 
146 149 159.9 158.99 159 
28.71 29.9 34.18 39.99 19 
26.91 24.33 34 29.99 31.9 
52.64 49.99 57.27 59 51.43 
13.28 16 14.99 14.99 17 
108.86 109.99 109.8 109.8 153 
17 17 19 15.03 10.39 
98.02 179 98.01 150 99 
59 55.61 77 79 79.99 
31 27 34.99 28.35 34 
49 59 54.9 54 59.99 
44.98 47.01 49.99 49.99 49.89 
123 129.99 118 184 119.9 
59 57 69 55 52.56 
17.71 20.91 22.25 20 17 
15 19 18.45 3.9 18.5 
25.85 16.8 18 22 18 
99 99.99 72.27 74.42 77.2 
20.52 18.45 17.9 86 15.04 
14.49 22.25 20.76 14.34 18 
57.21 55.99 59.13 142 55 
52 50 50 45 49.47 
12.87 33.62 13.9 20 12.67 
79.99 79.99 69 74 55.61 
114 84.79 99.5 129 119 
40.59 29.99 11.29 39.54 37.63 
13 17.64 12.15 14.99 17 
118.5 89 119 104.99 119 
62 54.33 58 59 69.98 
56 61.29 43 59.99 55.99 
29 26 26 25.22 25.22 
106.91 109 69 109 104.89 
45.4 59.9 45 54.5 49.9 
70.73 68.27 109 78.07 78 
51 57 54 51 52.47 
69 72.91 70 69 67.35 
18.99 19 9.99 8.25 11 
27 26.08 29 27 30 
110 93.99 109 119 73 
49.08 57 53 51 54 
48.98 56 51 52.32 54 
49.99 69.99 73 49.99 65.62 
36.5 38.61 40.16 35 44.28 
159 159 149 157 159 
16.53 18 20 18 16.8 
46.9 49 44.99 48.47 49.99 
55 52.32 54 34 51 
25.9 23.94 51.22 56.18 55.44 
17 19.99 17 15.67 18 
33.95 25 31.91 36.5 34 
34.99 26.89 34.99 31 34.99 
22 29.99 24.11 28.99 34 
108 83.77 82 44.99 99.99 
19 16.9 14.93 18 10.39 
74 72.42 89 74.93 79 
36.78 49.99 38 41 22.15 
54 33.46 51.99 71 47 
24 16.63 18 19.99 22.03 
105.93 110.84 119.99 101.97 43 
34.99 21 34.99 28.99 31 
15 11.54 18 11.69 17 
119 79.9 119 119.99 115 
15.75 9.99 9.99 34 9.99 
16.02 19 29 18.45 22.25 
119.9 68.27 119 73 78 
26 29.99 27.8 29.99 43 
16.9 14.93 17 10.39 19 
46.89 49.47 49 52 47.01 
22.25 16 14.89 15 20.76 
43.9 9.13 25 36.63 37.99 
108.5 80.81 82 83 99.99 
39 39.99 59 59.99 52 
34.18 31 30.69 29.19 35 
42.99 59 42.98 47.5 50.5 
55.45 60.3 52.46 69.9 59 
26 31.7 29 30 34.99 
45 45.66 34.38 38 59 
34.32 30 13.35 34.18 25.99 
27.8 31.7 26 26 29.99 
30 27 29.99 34.99 31.89 
73.9 79.9 67 78 65 
39.9 47.01 52 49.89 46.99 
59 151 69.99 117.13 59.01 
56.9 51 55 57 69.9 
74.99 131.32 124.99 119.99 118.09 
11.46 7.36 19.9 9.99 19 
49.99 52 49.47 43 44.87 
59 55 52.47 53 59.9 
49 51 46.3 34.9 46.3 
48.18 59 59.9 49.9 41.98 
17.64 12.15 18.9 17 13.28 
20.76 19 13 9.99 18 
57.27 49.99 56.05 51.99 57 
39 47.99 18 18 34.18 
269.01 273.06 274.99 257.44 299.99 
73 75.65 89.99 78 69.99 
20.76 25 22.99 14.52 19.99 
24.75 65 28 24.75 26 
109 130.5 108 85 69 
36.78 30.63 32 33.3 42.93 
34.32 25.99 18.5 19.99 34.18 
69.9 64.9 119.99 43 124 
49.89 44.22 49 52 49.47 
23.76 29.03 25.24 30.84 29.03 
26 25.22 26.91 25.22 29.9 
48.99 34 26 29.01 29 
61.96 89 85.96 39.99 80.05 
111 89 130.5 107 69 
44.99 45 52 49.99 47.88 
49.31 54.99 54.08 52.93 39.9 
9.99 14.18 10.49 38 9.99 
23 15.41 18 19 22.25 
26.74 31 26.99 26 30 
34.99 34.99 19.79 19.99 25.22 
89.99 89 119 98.9 99 
79.9 77 80.71 80.71 75.88 
9.99 16 34 9.99 15.75 
57.99 55 59 52.56 66.99 
91 89.98 81 80.81 81 
15 17.9 39 18.45 15.99 
34.18 16.8 36.5 31 34.9 
35.9 34.06 19 20 26 
27 30.9 49 86 30 
59.99 49 59.99 52 77 
14.34 19 19 18.45 23.23 
57 129.99 56.35 48.67 53.83 
17.9 15 15.99 18 18.45 
35 20 34.18 17.9 39 
127.9 125 116.53 129.99 119 
35.51 35.67 41 27 39.49 
34.99 43 34.99 34.99 29.99 
29 34.99 52.9 56 59 
13.28 11.6 16 12.99 16 
56 34.99 26 25.22 36 
42.9 51 46.3 47 49.99 
28 26 31 39 29.99 
141.5 64.27 61.96 70.9 39.99 
26.9 28 26.29 29 26.9 
27.45 34.99 26.74 113.75 28.74 
19 19 18 19 14.34 
55 60 51 49.49 48.31 
51.38 59 59 39 57.99 
54.99 46 49.99 43 44.16 
58 58 52.47 69.9 58.53 
59.99 49 50.7 37.99 54 
56.46 59.8 64.99 60 67 
30 32.99 43 39.99 28.91 
9.99 31.91 32.99 33.95 34 
17 19.99 11.69 13.39 20.76 
119.99 137.99 89 121.19 132.38 
17.64 18.9 12.58 13.6 13.28 
44 45 34.99 42.99 47.01 
26.74 29 26.64 26 26.64 
13.99 17.64 13.6 12.99 19.9 
89 108 89 106 83.98 
11.69 18 17 11.54 17 
34.99 34 25.76 32.28 30 
25 24.78 29 29.9 24.33 
63 64.93 69 62.99 69.99 
28.51 19 39.99 29.99 32.9 
17 10.39 18 14.39 19 
38.25 46 38.5 39 36.99 
24 33.99 18 15.67 39 
57 51 56 51.9 48.31 
34.9 49 55 51 44 
17.9 22.25 18.45 17 17 
63 66.83 65 68.9 68.29 
49.99 40.92 29 46.3 49 
92.56 82 78.35 58.41 99.99 
59 49 53.61 51 52.66 
44.99 48.92 44 42.19 39.69 
76 99.9 82.93 84 72.01 
32.99 25.22 27.68 34.99 26 
16.02 15 18 18 20 
28.16 34 91 26.4 80.99 
17.64 11.99 13.6 13.28 18.9 
17 17 18.11 14.93 10.39 
54.99 46.77 39 54.9 53.61 
12.15 6.08 16 17.64 16 
29.15 94.32 28.71 26.31 39.99 
89 82 108.56 78.99 107 
80.81 91 44.99 89 109 
179.99 149 179 154.99 149 
30.67 16.9 29.9 34.99 33.49 
80.78 99 99.5 75 79 
10.47 19.99 29.99 20 39 
18 24 19 39 16.77 
48.5 42.99 49.47 47 55 
26 29 11.9 25.9 29 
59.9 89.99 59.99 18 81.5 
18.45 14.12 21.99 11.69 17 
28 34.99 26 25.78 29 
124.99 129 131.32 74.99 118.08 
17 18 19 35 19.99 
19.68 17.79 19.9 19 13.55 
49 54.08 43.32 47.01 50.76 
69.99 59.99 60 69.99 69.99 
31.7 25.22 30 26.29 26 
16.8 29.99 17.98 20.83 19 
279 279 281 289 279 
20.3 11 24 25 10.94 
117.54 114.99 116 103.94 119.99 
29.99 40 49.99 35.79 34.99 
65.58 33.46 61 55.61 43 
34.99 24.99 30.67 29.9 33.49 
29 52 32.9 43.71 49.47 
119 125 119.9 118.2 129.99 
88.9 90.82 78.99 89 93.13 
18 17 29 15.49 13.46 
54 44.22 48.5 49.31 45 
24.33 29.99 34.99 26.99 29.9 
20.52 16 11.69 18.45 14.12 
23 17 20.76 13.55 19 
28 24.02 29.99 28 23.36 
51 109 34 54 54.7 
48.31 43 59 61.29 56 
69.9 59.9 48.31 53.9 34 
51 44.99 53.8 45.57 49.89 
12.58 13.28 12 19.9 16 
26.99 26 26.74 30 26 
151.4 149.01 148 135 145.07 
11.69 49.9 20.76 18.45 20 
53 69.9 56.05 54 54 
18.9 17.64 13.99 13 16 
34.99 34.9 30 26.91 39 
69.99 72 79.99 159 84.99 
129.8 74 127.27 44.99 129.99 
34.18 36.5 28.71 35 37.9 
29.99 39.99 34 29.13 29.13 
36.5 17.9 39.9 17.9 31 
19.99 19.99 14.74 17 39 
149 179.9 148.99 149 149 
29.99 29.99 29.99 27.86 29.99 
44.22 49 51 47.5 49.99 
179 177 199.99 189.99 219 
13.6 12.15 17 16.74 9.99 
55 59.13 69 142 55.99 
25.22 29 26.29 30 29.99 
19 18 19.99 19.9 14.34 
50 39.99 49 44.95 43.95 
24.99 18 20.76 22.99 16.9 
100 108.5 123.99 104.99 119.99 
25 20.67 24.11 28.99 25 
54.9 52 49.47 47.01 45.77 
34.18 29 30 34.32 34.18 
17.64 13 14.99 18.9 12.15 
129.8 74 123.51 74 127.27 
49 54 46.19 59 59 
59.9 39.99 54.44 55.44 39 
74 69.6 73 78.99 74.93 
43 33 39.9 33.9 33.61 
57.2 69.99 57 69.9 59 
56.05 39.45 34.97 49.08 53 
117 122 19 129 34 
18 17 22.03 39 17 
55.61 74 48.31 70.36 79.99 
9.45 14.93 16.9 9.99 13.53 
49.99 69 120.86 98.72 97 
23.94 23.94 29.9 19.94 25 
14.89 16 14.59 19 19 
28 44.9 54 63.5 39 
32.99 29.99 34.99 25.4 26 
19 14.06 14.11 19.9 15.04 
19.9 18 30 15 30 19.99 17 22 19.9 25 30 21 17.9 12 9.99 25 15 9.95 25 17.9 17.9 9.95 30 18 12 29 15.99 15 22 19.9 18 18 19 15 9.95 19 19 19.99 19.99 30 17 14.97 30 25 24 24 19 13 14.97 25 15 13.9 24.9 30 22 19 30 14.97 19.9 29 19.9 17.9 15 15.99 20 17 18 18 17.9 14.97 20.99 19.9 17.9 13 21 149.99 15 19.9 9 14.97 29 25 14.97 17 15 14.97 15 25 26 19.99 19.9 9.99 17 19.9 14.97 22 15 13.9 20 13 17.9 30 30 19.9 15 19.99 35 19.9 29 18 17.9 13 30 17.9 30 19.9 30 17.9 24.9 9.95 17.9 25 35 26 29 30 15 26 15 17.9 30 9.95 29 19 19 30 15 9.99 14.97 19.9 30 15 18 22 21 19 19 13.9 25 30 25 24.9 30 25 20.99 19.99 19.99 20 9.95 30 25 9.99 13 30 25 20.99 13 14.97 12 21 18 17.9 19.99 21 20 25 19 19.9 14.97 30 9.99 17.9 18 25 19.99 22 30 9.99 21 35 29 18 22 13.9 17.9 21 19 15 14.97 13.9 21 30 25 25 17 20.99 35 17 19 19.9 19.9 26 19 35 15.99 17.9 21 14.97 30 25 20.99 20.99 30 19.99 19 17.9 30 14.97 14.97 19.99 17.9 18 20 19 30 30 19 13.9 14.97 18 21 24 14.97 22 29 18 18 9.95 22 19.9 14.97 19 17.9 19.9 21 19.99 29 24.9 13 20.99 26 14.97 29 19.9 15 30 14.97 9.95 13.9 17 17.9 19.9 15 9.95 25 19.9 20 18 20.99 29 17 24 25 9.95 15.99 24.9 19 30 24 20 14.97 29 24.9 13 20.99 26 13.9 24 26 18 25 22 19 30 17.9 15 15 19 17 19.9 35 13 21 13 24.9 15 25 14.97 19 24 30 35 30 149.99 22 17 19 21 22 13 30 30 25 14.97 17.9 19.9 19.99 13.9 20.99 19 22 13.9 14.97 14.97 26 12 22 30 35 24.9 9.99 25 22 20 18 20.99 20 20 15 25 21 21 24.9 19.99 15 19.99 13 14.97 19.9 29 17.9 19 25 30 17.9 19 13 21 25 17.9 29 18 30 30 13 14.97 9.95 19 26 13 30 17.9 30 14.97 20.99 13 22 18 18 24 